caseid,educ,satjob
1,16,A Little Dissat
2,10,NA
3,12,Mod. Satisfied
4,17,Very Satisfied
5,12,NA
6,14,Mod. Satisfied
7,13,Very Satisfied
8,16,A Little Dissat
9,12,Mod. Satisfied
10,12,Mod. Satisfied
11,13,NA
12,6,Very Satisfied
13,9,Very Satisfied
14,8,Mod. Satisfied
15,9,Very Satisfied
16,14,Mod. Satisfied
17,14,NA
18,8,NA
19,17,Very Satisfied
20,14,NA
21,12,Very Satisfied
22,11,Very Satisfied
23,13,Mod. Satisfied
24,12,NA
25,16,NA
26,12,Mod. Satisfied
27,12,Mod. Satisfied
28,12,A Little Dissat
29,12,Mod. Satisfied
30,9,Very Satisfied
31,6,Mod. Satisfied
32,14,Very Satisfied
33,16,NA
34,8,NA
35,12,Mod. Satisfied
36,14,Mod. Satisfied
37,13,NA
38,10,NA
39,6,Mod. Satisfied
40,12,Mod. Satisfied
41,8,NA
42,14,Very Satisfied
43,8,Mod. Satisfied
44,8,NA
45,8,NA
46,12,NA
47,14,Very Satisfied
48,12,Very Satisfied
49,9,Mod. Satisfied
50,8,Mod. Satisfied
51,10,Very Satisfied
52,14,Mod. Satisfied
53,9,Very Satisfied
54,12,NA
55,10,NA
56,12,Mod. Satisfied
57,14,NA
58,12,NA
59,12,Very Satisfied
60,11,Very Satisfied
61,12,Mod. Satisfied
62,9,NA
63,12,Mod. Satisfied
64,11,Very Satisfied
65,12,Very Satisfied
66,8,NA
67,12,Mod. Satisfied
68,12,Mod. Satisfied
69,12,Mod. Satisfied
70,16,NA
71,7,Very Satisfied
72,12,NA
73,8,NA
74,11,NA
75,12,Very Dissatisfied
76,16,Mod. Satisfied
77,10,Mod. Satisfied
78,8,NA
79,14,Very Satisfied
80,12,Very Satisfied
81,7,Very Satisfied
82,12,Mod. Satisfied
83,15,Very Satisfied
84,15,NA
85,14,NA
86,17,A Little Dissat
87,20,Very Dissatisfied
88,18,Mod. Satisfied
89,17,Very Satisfied
90,14,Very Dissatisfied
91,16,NA
92,12,Very Satisfied
93,13,NA
94,14,Mod. Satisfied
95,16,NA
96,14,Very Satisfied
97,15,Very Satisfied
98,16,NA
99,15,Very Satisfied
100,12,NA
101,9,Mod. Satisfied
102,13,Mod. Satisfied
103,12,NA
104,15,Very Satisfied
105,12,Mod. Satisfied
106,8,NA
107,12,NA
108,13,Very Satisfied
109,16,NA
110,13,NA
111,3,Mod. Satisfied
112,12,NA
113,10,NA
114,14,Mod. Satisfied
115,12,NA
116,14,NA
117,8,NA
118,11,NA
119,2,NA
120,12,NA
121,12,NA
122,6,Very Satisfied
123,3,NA
124,8,NA
125,8,NA
126,12,Very Satisfied
127,16,Very Satisfied
128,12,NA
129,9,NA
130,12,NA
131,6,NA
132,12,A Little Dissat
133,15,Very Satisfied
134,8,NA
135,11,NA
136,4,Very Satisfied
137,13,A Little Dissat
138,8,Very Satisfied
139,11,NA
140,12,NA
141,12,Mod. Satisfied
142,12,NA
143,14,Very Dissatisfied
144,10,NA
145,5,NA
146,16,NA
147,12,Very Dissatisfied
148,2,NA
149,10,Very Satisfied
150,12,Very Satisfied
151,12,Very Satisfied
152,12,Mod. Satisfied
153,10,Very Satisfied
154,11,NA
155,12,NA
156,12,NA
157,11,Mod. Satisfied
158,12,NA
159,12,Mod. Satisfied
160,9,Very Satisfied
161,12,Very Satisfied
162,9,Mod. Satisfied
163,8,Mod. Satisfied
164,10,Very Satisfied
165,18,Very Satisfied
166,18,Very Satisfied
167,18,Very Satisfied
168,12,Mod. Satisfied
169,14,NA
170,12,Very Satisfied
171,12,NA
172,12,Mod. Satisfied
173,10,Very Satisfied
174,10,NA
175,19,Very Satisfied
176,16,Very Satisfied
177,14,NA
178,9,Very Dissatisfied
179,16,Mod. Satisfied
180,12,NA
181,10,Mod. Satisfied
182,12,NA
183,1,NA
184,5,NA
185,6,Very Satisfied
186,1,NA
187,2,Mod. Satisfied
188,14,Mod. Satisfied
189,16,Very Satisfied
190,18,Very Satisfied
191,15,Mod. Satisfied
192,18,Very Satisfied
193,16,Very Satisfied
194,12,Very Satisfied
195,12,NA
196,12,Very Satisfied
197,9,Very Satisfied
198,12,Mod. Satisfied
199,12,Mod. Satisfied
200,13,Mod. Satisfied
201,12,Very Satisfied
202,14,Very Satisfied
203,13,Mod. Satisfied
204,8,NA
205,10,Very Satisfied
206,3,NA
207,9,NA
208,10,Mod. Satisfied
209,13,NA
210,11,Very Satisfied
211,12,Mod. Satisfied
212,10,NA
213,7,NA
214,9,NA
215,6,NA
216,14,Very Satisfied
217,12,NA
218,9,NA
219,4,NA
220,6,NA
221,11,NA
222,12,Very Satisfied
223,17,Very Satisfied
224,12,A Little Dissat
225,15,NA
226,12,Very Satisfied
227,14,Very Satisfied
228,10,Very Satisfied
229,12,Mod. Satisfied
230,11,NA
231,16,A Little Dissat
232,14,Very Satisfied
233,15,Mod. Satisfied
234,14,NA
235,15,NA
236,12,A Little Dissat
237,10,Very Satisfied
238,12,Mod. Satisfied
239,4,Mod. Satisfied
240,4,NA
241,9,NA
242,7,NA
243,5,NA
244,8,NA
245,20,Very Satisfied
246,9,Very Satisfied
247,5,NA
248,14,Very Satisfied
249,12,NA
250,12,Very Satisfied
251,12,NA
252,11,Very Satisfied
253,12,NA
254,12,NA
255,8,Mod. Satisfied
256,14,Mod. Satisfied
257,12,Mod. Satisfied
258,16,Very Satisfied
259,14,Very Satisfied
260,5,NA
261,5,NA
262,12,Very Satisfied
263,10,NA
264,3,NA
265,12,Very Dissatisfied
266,12,Very Satisfied
267,12,Very Satisfied
268,12,NA
269,12,Mod. Satisfied
270,9,NA
271,7,NA
272,8,Very Satisfied
273,12,Mod. Satisfied
274,12,Mod. Satisfied
275,16,Very Satisfied
276,16,Very Satisfied
277,13,Very Satisfied
278,12,NA
279,5,NA
280,12,NA
281,8,NA
282,10,Very Satisfied
283,13,Mod. Satisfied
284,12,Mod. Satisfied
285,12,NA
286,8,NA
287,8,Very Satisfied
288,12,NA
289,9,NA
290,18,Very Satisfied
291,9,A Little Dissat
292,12,Very Satisfied
293,10,Very Satisfied
294,12,Mod. Satisfied
295,12,A Little Dissat
296,12,NA
297,7,NA
298,8,NA
299,12,NA
300,7,NA
301,11,NA
302,6,A Little Dissat
303,14,Very Dissatisfied
304,12,Mod. Satisfied
305,10,Mod. Satisfied
306,12,Very Dissatisfied
307,9,NA
308,NA,NA
309,11,Mod. Satisfied
310,9,NA
311,12,Very Satisfied
312,11,NA
313,12,A Little Dissat
314,7,NA
315,0,Very Satisfied
316,7,NA
317,11,Mod. Satisfied
318,16,Mod. Satisfied
319,0,NA
320,14,Very Satisfied
321,8,Very Satisfied
322,18,Very Satisfied
323,12,Mod. Satisfied
324,3,NA
325,12,Very Satisfied
326,12,NA
327,18,Very Satisfied
328,16,Mod. Satisfied
329,12,Mod. Satisfied
330,12,NA
331,11,NA
332,13,NA
333,8,Mod. Satisfied
334,16,Mod. Satisfied
335,16,NA
336,3,Mod. Satisfied
337,11,NA
338,3,Mod. Satisfied
339,11,Very Satisfied
340,11,Mod. Satisfied
341,12,Mod. Satisfied
342,4,Very Satisfied
343,9,Mod. Satisfied
344,2,Very Satisfied
345,0,NA
346,2,Mod. Satisfied
347,8,NA
348,8,Mod. Satisfied
349,14,Mod. Satisfied
350,12,Very Satisfied
351,17,Very Satisfied
352,12,A Little Dissat
353,12,Very Satisfied
354,12,Very Satisfied
355,6,NA
356,5,NA
357,8,Mod. Satisfied
358,6,NA
359,9,NA
360,9,Very Satisfied
361,5,Very Satisfied
362,8,Mod. Satisfied
363,14,NA
364,12,NA
365,12,NA
366,8,Very Satisfied
367,10,Mod. Satisfied
368,9,Mod. Satisfied
369,12,NA
370,5,NA
371,12,Mod. Satisfied
372,12,Very Satisfied
373,3,NA
374,12,Mod. Satisfied
375,12,Very Satisfied
376,11,Very Satisfied
377,12,Mod. Satisfied
378,7,NA
379,12,NA
380,8,NA
381,8,Mod. Satisfied
382,8,Very Satisfied
383,18,NA
384,12,Mod. Satisfied
385,13,Very Satisfied
386,10,NA
387,7,Very Satisfied
388,14,Mod. Satisfied
389,6,NA
390,14,Very Satisfied
391,13,NA
392,8,NA
393,9,NA
394,13,A Little Dissat
395,16,Mod. Satisfied
396,11,Very Satisfied
397,4,Very Satisfied
398,14,NA
399,7,Mod. Satisfied
400,10,A Little Dissat
401,6,NA
402,8,Very Satisfied
403,7,Very Satisfied
404,8,Very Satisfied
405,9,NA
406,12,NA
407,12,NA
408,8,NA
409,11,NA
410,8,Very Satisfied
411,17,Very Satisfied
412,4,Very Dissatisfied
413,2,Very Satisfied
414,11,Very Satisfied
415,12,Mod. Satisfied
416,12,NA
417,11,Very Satisfied
418,17,A Little Dissat
419,7,NA
420,12,NA
421,10,Very Satisfied
422,12,NA
423,12,Very Satisfied
424,9,Very Satisfied
425,10,NA
426,12,Mod. Satisfied
427,12,A Little Dissat
428,9,NA
429,14,NA
430,12,NA
431,11,NA
432,12,NA
433,11,NA
434,8,NA
435,16,A Little Dissat
436,12,NA
437,7,Very Satisfied
438,15,Mod. Satisfied
439,12,NA
440,9,NA
441,12,Mod. Satisfied
442,9,NA
443,12,Very Satisfied
444,15,NA
445,11,NA
446,10,A Little Dissat
447,13,Mod. Satisfied
448,15,Very Satisfied
449,12,Very Satisfied
450,14,NA
451,12,Mod. Satisfied
452,12,Very Satisfied
453,13,Very Satisfied
454,14,Mod. Satisfied
455,12,A Little Dissat
456,8,Mod. Satisfied
457,12,NA
458,8,Very Satisfied
459,12,Mod. Satisfied
460,12,Mod. Satisfied
461,4,NA
462,12,Very Satisfied
463,9,A Little Dissat
464,12,Mod. Satisfied
465,7,NA
466,6,NA
467,5,NA
468,5,NA
469,12,NA
470,12,Very Satisfied
471,12,Very Satisfied
472,9,NA
473,12,NA
474,10,NA
475,12,NA
476,8,Very Satisfied
477,8,Very Satisfied
478,11,Very Satisfied
479,12,NA
480,11,Very Satisfied
481,12,NA
482,12,Mod. Satisfied
483,11,Mod. Satisfied
484,19,Very Satisfied
485,16,Mod. Satisfied
486,12,Very Satisfied
487,12,Mod. Satisfied
488,12,Very Satisfied
489,11,Mod. Satisfied
490,12,NA
491,16,NA
492,11,Very Satisfied
493,12,NA
494,12,NA
495,7,Very Satisfied
496,12,Very Satisfied
497,10,Very Satisfied
498,14,Mod. Satisfied
499,10,NA
500,9,NA
501,8,Very Satisfied
502,8,A Little Dissat
503,17,Very Satisfied
504,16,Very Satisfied
505,12,NA
506,15,NA
507,12,Very Satisfied
508,12,Very Satisfied
509,12,Very Satisfied
510,15,A Little Dissat
511,12,Very Satisfied
512,13,Very Satisfied
513,13,Mod. Satisfied
514,12,Very Satisfied
515,14,NA
516,12,A Little Dissat
517,11,NA
518,16,Mod. Satisfied
519,12,Very Satisfied
520,12,Very Satisfied
521,12,NA
522,16,Very Satisfied
523,12,Mod. Satisfied
524,6,NA
525,8,Mod. Satisfied
526,12,NA
527,10,NA
528,11,NA
529,8,NA
530,8,NA
531,13,Very Satisfied
532,12,Mod. Satisfied
533,13,NA
534,13,Very Satisfied
535,12,NA
536,14,Very Satisfied
537,16,A Little Dissat
538,14,A Little Dissat
539,12,NA
540,12,Very Satisfied
541,12,NA
542,12,Very Satisfied
543,10,Very Satisfied
544,13,Very Satisfied
545,14,NA
546,14,Mod. Satisfied
547,12,Very Satisfied
548,8,NA
549,12,NA
550,12,NA
551,10,Very Satisfied
552,14,Very Satisfied
553,7,Very Satisfied
554,12,Mod. Satisfied
555,12,Very Satisfied
556,13,Very Satisfied
557,9,NA
558,13,NA
559,7,Very Satisfied
560,13,A Little Dissat
561,5,Very Satisfied
562,11,Very Satisfied
563,12,Very Satisfied
564,8,Mod. Satisfied
565,12,A Little Dissat
566,7,NA
567,8,NA
568,8,NA
569,6,NA
570,10,Mod. Satisfied
571,12,NA
572,12,Mod. Satisfied
573,8,Mod. Satisfied
574,7,NA
575,16,NA
576,10,Very Satisfied
577,8,NA
578,12,NA
579,8,Mod. Satisfied
580,12,NA
581,8,Very Satisfied
582,12,Very Satisfied
583,8,Very Satisfied
584,12,NA
585,12,Very Satisfied
586,16,Very Satisfied
587,12,NA
588,14,Very Satisfied
589,12,Mod. Satisfied
590,12,NA
591,12,NA
592,12,Very Satisfied
593,12,Mod. Satisfied
594,16,A Little Dissat
595,11,NA
596,15,Very Satisfied
597,12,Mod. Satisfied
598,11,NA
599,13,Mod. Satisfied
600,12,Very Satisfied
601,13,Mod. Satisfied
602,13,Very Satisfied
603,8,NA
604,9,NA
605,14,NA
606,8,NA
607,8,NA
608,11,Very Satisfied
609,11,NA
610,8,NA
611,12,NA
612,9,A Little Dissat
613,11,NA
614,9,Mod. Satisfied
615,8,NA
616,9,NA
617,12,Mod. Satisfied
618,9,Very Satisfied
619,8,Mod. Satisfied
620,12,NA
621,8,NA
622,8,Mod. Satisfied
623,16,Very Satisfied
624,13,A Little Dissat
625,16,NA
626,15,NA
627,13,NA
628,10,NA
629,10,Mod. Satisfied
630,12,Very Satisfied
631,16,NA
632,10,Mod. Satisfied
633,8,Mod. Satisfied
634,12,Mod. Satisfied
635,12,NA
636,14,Very Satisfied
637,12,NA
638,16,Mod. Satisfied
639,12,Very Satisfied
640,12,A Little Dissat
641,12,NA
642,8,NA
643,9,NA
644,13,Mod. Satisfied
645,9,NA
646,12,Very Satisfied
647,11,Mod. Satisfied
648,12,NA
649,10,Mod. Satisfied
650,9,A Little Dissat
651,10,NA
652,8,NA
653,10,NA
654,12,Very Satisfied
655,10,NA
656,8,NA
657,18,NA
658,12,NA
659,5,NA
660,9,NA
661,9,Very Satisfied
662,8,Very Satisfied
663,11,NA
664,12,NA
665,16,Very Satisfied
666,14,NA
667,12,Very Satisfied
668,12,Mod. Satisfied
669,12,Mod. Satisfied
670,12,Mod. Satisfied
671,8,Very Satisfied
672,15,Very Dissatisfied
673,12,A Little Dissat
674,12,NA
675,12,Very Satisfied
676,12,A Little Dissat
677,13,Very Satisfied
678,9,NA
679,16,Very Satisfied
680,12,A Little Dissat
681,19,Mod. Satisfied
682,14,Mod. Satisfied
683,11,NA
684,15,NA
685,15,Very Satisfied
686,19,Very Satisfied
687,16,Mod. Satisfied
688,16,NA
689,13,NA
690,12,NA
691,14,Mod. Satisfied
692,9,Mod. Satisfied
693,9,Mod. Satisfied
694,12,NA
695,12,NA
696,11,NA
697,5,NA
698,11,Very Satisfied
699,7,NA
700,12,NA
701,10,Very Satisfied
702,14,Very Dissatisfied
703,20,Mod. Satisfied
704,6,Very Satisfied
705,12,NA
706,13,A Little Dissat
707,12,Very Satisfied
708,14,NA
709,16,Mod. Satisfied
710,14,Very Dissatisfied
711,9,NA
712,13,Very Satisfied
713,13,NA
714,14,NA
715,16,Mod. Satisfied
716,14,NA
717,11,NA
718,16,Very Dissatisfied
719,16,NA
720,8,Mod. Satisfied
721,12,Very Satisfied
722,6,NA
723,10,Very Satisfied
724,16,Very Satisfied
725,10,NA
726,8,NA
727,3,NA
728,8,NA
729,10,Mod. Satisfied
730,14,Very Satisfied
731,12,Mod. Satisfied
732,16,Very Satisfied
733,12,NA
734,12,Mod. Satisfied
735,16,NA
736,16,Mod. Satisfied
737,8,NA
738,10,NA
739,12,NA
740,12,NA
741,8,Very Satisfied
742,12,A Little Dissat
743,12,NA
744,12,NA
745,12,Very Satisfied
746,8,NA
747,12,Mod. Satisfied
748,12,Mod. Satisfied
749,8,NA
750,4,NA
751,7,NA
752,11,NA
753,12,NA
754,10,Mod. Satisfied
755,5,NA
756,6,NA
757,13,A Little Dissat
758,3,A Little Dissat
759,12,Mod. Satisfied
760,9,Very Satisfied
761,13,A Little Dissat
762,12,Very Satisfied
763,12,Mod. Satisfied
764,15,NA
765,14,Very Satisfied
766,12,A Little Dissat
767,10,NA
768,8,A Little Dissat
769,12,NA
770,10,Very Satisfied
771,11,NA
772,12,Mod. Satisfied
773,12,Very Satisfied
774,12,NA
775,20,Very Dissatisfied
776,14,Very Satisfied
777,14,Mod. Satisfied
778,9,NA
779,8,NA
780,16,A Little Dissat
781,14,Very Satisfied
782,12,Mod. Satisfied
783,12,Very Satisfied
784,8,Very Satisfied
785,13,Mod. Satisfied
786,12,Mod. Satisfied
787,14,NA
788,4,NA
789,16,NA
790,8,NA
791,12,Mod. Satisfied
792,12,A Little Dissat
793,14,Mod. Satisfied
794,13,Very Satisfied
795,17,Very Satisfied
796,16,NA
797,18,Very Satisfied
798,12,NA
799,12,NA
800,15,NA
801,12,Very Satisfied
802,14,NA
803,7,Very Satisfied
804,12,NA
805,12,NA
806,12,Mod. Satisfied
807,10,Very Satisfied
808,15,Mod. Satisfied
809,7,Very Satisfied
810,14,A Little Dissat
811,14,Mod. Satisfied
812,10,Very Satisfied
813,15,NA
814,12,Very Satisfied
815,12,NA
816,15,Mod. Satisfied
817,14,Very Satisfied
818,9,NA
819,8,Very Satisfied
820,9,A Little Dissat
821,8,NA
822,13,Mod. Satisfied
823,4,Very Satisfied
824,8,NA
825,12,Very Satisfied
826,6,Mod. Satisfied
827,10,Very Satisfied
828,16,Mod. Satisfied
829,14,NA
830,15,Very Satisfied
831,15,NA
832,12,NA
833,16,Mod. Satisfied
834,16,Very Satisfied
835,12,NA
836,10,Very Satisfied
837,11,Mod. Satisfied
838,9,Very Satisfied
839,12,Very Satisfied
840,8,NA
841,17,Very Satisfied
842,20,Very Satisfied
843,12,NA
844,12,Very Satisfied
845,12,Very Satisfied
846,14,NA
847,16,Mod. Satisfied
848,19,Very Satisfied
849,16,Very Satisfied
850,12,NA
851,8,NA
852,12,NA
853,6,NA
854,8,Very Satisfied
855,14,Mod. Satisfied
856,16,Mod. Satisfied
857,13,NA
858,12,Very Satisfied
859,10,NA
860,10,Mod. Satisfied
861,12,Very Satisfied
862,7,Very Dissatisfied
863,8,A Little Dissat
864,10,Mod. Satisfied
865,9,NA
866,13,NA
867,14,NA
868,16,Very Satisfied
869,15,Very Satisfied
870,14,NA
871,12,NA
872,9,NA
873,17,Very Satisfied
874,7,NA
875,12,Very Satisfied
876,12,NA
877,12,Very Satisfied
878,9,NA
879,11,NA
880,10,Very Satisfied
881,10,Mod. Satisfied
882,11,NA
883,7,Very Satisfied
884,12,A Little Dissat
885,12,A Little Dissat
886,5,Mod. Satisfied
887,13,Very Satisfied
888,12,A Little Dissat
889,NA,Very Satisfied
890,12,A Little Dissat
891,12,NA
892,6,Very Satisfied
893,8,NA
894,8,NA
895,18,NA
896,12,Very Satisfied
897,18,NA
898,11,Mod. Satisfied
899,12,Mod. Satisfied
900,12,NA
901,12,A Little Dissat
902,12,NA
903,8,Mod. Satisfied
904,11,NA
905,9,A Little Dissat
906,12,NA
907,15,NA
908,12,A Little Dissat
909,16,Very Satisfied
910,12,Very Satisfied
911,3,NA
912,5,Very Satisfied
913,8,Mod. Satisfied
914,12,Very Satisfied
915,12,Very Satisfied
916,12,Very Satisfied
917,15,Mod. Satisfied
918,12,NA
919,4,A Little Dissat
920,12,Very Satisfied
921,9,Mod. Satisfied
922,20,Very Satisfied
923,15,Mod. Satisfied
924,8,Very Satisfied
925,5,Very Satisfied
926,7,NA
927,11,Very Satisfied
928,12,Mod. Satisfied
929,10,Very Dissatisfied
930,10,Mod. Satisfied
931,10,A Little Dissat
932,12,Mod. Satisfied
933,8,Very Satisfied
934,12,Very Satisfied
935,12,Very Satisfied
936,10,NA
937,8,NA
938,8,NA
939,8,Mod. Satisfied
940,0,NA
941,0,NA
942,12,Mod. Satisfied
943,11,NA
944,0,Very Satisfied
945,8,Very Satisfied
946,12,Mod. Satisfied
947,12,Very Satisfied
948,18,NA
949,16,Very Satisfied
950,12,Very Satisfied
951,16,Very Satisfied
952,13,A Little Dissat
953,14,Very Satisfied
954,12,Mod. Satisfied
955,12,A Little Dissat
956,10,NA
957,8,NA
958,3,Very Satisfied
959,8,NA
960,15,NA
961,12,Very Satisfied
962,12,NA
963,16,NA
964,19,Very Satisfied
965,20,Very Satisfied
966,14,NA
967,13,NA
968,13,NA
969,17,Very Satisfied
970,18,Very Satisfied
971,14,NA
972,8,NA
973,16,NA
974,12,Very Satisfied
975,10,NA
976,11,NA
977,14,Mod. Satisfied
978,12,NA
979,12,Very Satisfied
980,11,NA
981,12,Very Satisfied
982,7,NA
983,15,NA
984,12,Very Satisfied
985,12,Mod. Satisfied
986,12,Mod. Satisfied
987,7,Very Satisfied
988,8,NA
989,16,Very Satisfied
990,7,Mod. Satisfied
991,13,Very Satisfied
992,12,Mod. Satisfied
993,14,A Little Dissat
994,11,A Little Dissat
995,8,NA
996,8,Mod. Satisfied
997,14,NA
998,11,NA
999,11,NA
1000,9,NA
1001,10,NA
1002,13,Very Satisfied
1003,8,Very Satisfied
1004,12,Mod. Satisfied
1005,15,NA
1006,12,Mod. Satisfied
1007,12,NA
1008,12,Very Satisfied
1009,12,NA
1010,12,Very Dissatisfied
1011,11,Very Satisfied
1012,12,Mod. Satisfied
1013,11,Very Satisfied
1014,8,Very Satisfied
1015,12,Mod. Satisfied
1016,12,Very Satisfied
1017,12,Very Satisfied
1018,12,Mod. Satisfied
1019,12,NA
1020,12,Mod. Satisfied
1021,11,A Little Dissat
1022,17,A Little Dissat
1023,13,NA
1024,8,Mod. Satisfied
1025,10,NA
1026,12,Mod. Satisfied
1027,12,NA
1028,13,Mod. Satisfied
1029,12,NA
1030,15,Mod. Satisfied
1031,9,Mod. Satisfied
1032,9,Very Satisfied
1033,11,NA
1034,10,Mod. Satisfied
1035,11,Mod. Satisfied
1036,10,A Little Dissat
1037,8,NA
1038,13,NA
1039,13,NA
1040,12,Very Satisfied
1041,12,Mod. Satisfied
1042,10,Mod. Satisfied
1043,12,NA
1044,13,Mod. Satisfied
1045,12,Mod. Satisfied
1046,8,NA
1047,8,NA
1048,12,Mod. Satisfied
1049,15,Very Satisfied
1050,9,NA
1051,5,Very Satisfied
1052,8,Very Satisfied
1053,11,Mod. Satisfied
1054,16,Very Satisfied
1055,16,Very Satisfied
1056,16,Very Satisfied
1057,12,Very Satisfied
1058,14,A Little Dissat
1059,16,Mod. Satisfied
1060,12,Very Satisfied
1061,12,NA
1062,16,Very Satisfied
1063,8,Very Dissatisfied
1064,12,A Little Dissat
1065,13,Mod. Satisfied
1066,13,NA
1067,13,Mod. Satisfied
1068,12,NA
1069,16,Very Satisfied
1070,14,A Little Dissat
1071,12,Mod. Satisfied
1072,8,NA
1073,12,NA
1074,8,NA
1075,11,NA
1076,15,Very Satisfied
1077,12,Very Satisfied
1078,14,Very Satisfied
1079,14,Mod. Satisfied
1080,12,Mod. Satisfied
1081,7,NA
1082,12,NA
1083,18,Mod. Satisfied
1084,12,NA
1085,19,Very Satisfied
1086,17,NA
1087,14,Very Satisfied
1088,16,NA
1089,13,NA
1090,12,NA
1091,16,NA
1092,16,NA
1093,17,NA
1094,18,Very Satisfied
1095,12,NA
1096,16,NA
1097,12,NA
1098,14,Very Satisfied
1099,15,Mod. Satisfied
1100,12,NA
1101,11,Very Satisfied
1102,16,Very Satisfied
1103,12,NA
1104,12,Very Satisfied
1105,11,NA
1106,12,NA
1107,13,Mod. Satisfied
1108,10,Mod. Satisfied
1109,12,Mod. Satisfied
1110,12,NA
1111,11,Mod. Satisfied
1112,12,Very Dissatisfied
1113,12,NA
1114,12,NA
1115,2,NA
1116,8,NA
1117,12,Very Satisfied
1118,6,NA
1119,11,A Little Dissat
1120,6,NA
1121,12,NA
1122,11,NA
1123,10,Mod. Satisfied
1124,10,NA
1125,8,NA
1126,17,NA
1127,12,Very Satisfied
1128,12,Mod. Satisfied
1129,8,NA
1130,12,A Little Dissat
1131,12,Very Dissatisfied
1132,12,NA
1133,5,NA
1134,16,Very Satisfied
1135,12,Mod. Satisfied
1136,12,Very Satisfied
1137,14,Very Satisfied
1138,15,Mod. Satisfied
1139,13,Very Satisfied
1140,12,NA
1141,16,Very Satisfied
1142,12,Mod. Satisfied
1143,15,Very Dissatisfied
1144,14,NA
1145,11,NA
1146,14,Mod. Satisfied
1147,14,Very Satisfied
1148,12,Very Satisfied
1149,15,Very Satisfied
1150,12,Very Satisfied
1151,13,Very Satisfied
1152,16,NA
1153,11,NA
1154,12,NA
1155,17,Mod. Satisfied
1156,19,Mod. Satisfied
1157,11,Very Dissatisfied
1158,17,Mod. Satisfied
1159,12,NA
1160,16,NA
1161,12,NA
1162,17,Very Satisfied
1163,12,NA
1164,16,NA
1165,9,Very Satisfied
1166,0,NA
1167,3,NA
1168,9,NA
1169,4,NA
1170,1,Very Satisfied
1171,3,NA
1172,11,A Little Dissat
1173,15,NA
1174,14,Mod. Satisfied
1175,14,NA
1176,12,Mod. Satisfied
1177,12,NA
1178,16,Very Satisfied
1179,11,NA
1180,11,NA
1181,6,NA
1182,10,A Little Dissat
1183,7,NA
1184,6,NA
1185,8,NA
1186,4,NA
1187,11,Mod. Satisfied
1188,7,NA
1189,11,Very Satisfied
1190,2,NA
1191,12,Mod. Satisfied
1192,5,NA
1193,2,NA
1194,16,Mod. Satisfied
1195,9,NA
1196,6,Very Satisfied
1197,17,A Little Dissat
1198,10,NA
1199,12,Very Satisfied
1200,8,NA
1201,0,NA
1202,16,Very Satisfied
1203,12,NA
1204,12,Mod. Satisfied
1205,4,NA
1206,9,NA
1207,12,A Little Dissat
1208,10,Mod. Satisfied
1209,10,NA
1210,10,NA
1211,7,NA
1212,8,Mod. Satisfied
1213,12,Mod. Satisfied
1214,11,Very Satisfied
1215,5,NA
1216,12,Very Dissatisfied
1217,11,Mod. Satisfied
1218,12,Mod. Satisfied
1219,15,Very Satisfied
1220,13,Very Satisfied
1221,16,Very Satisfied
1222,8,Very Satisfied
1223,14,Very Satisfied
1224,14,Very Satisfied
1225,10,NA
1226,12,NA
1227,13,NA
1228,10,NA
1229,0,Mod. Satisfied
1230,5,NA
1231,9,NA
1232,6,Very Satisfied
1233,14,A Little Dissat
1234,12,Very Satisfied
1235,12,Mod. Satisfied
1236,13,Very Satisfied
1237,17,Very Satisfied
1238,15,Mod. Satisfied
1239,11,NA
1240,12,NA
1241,12,Very Satisfied
1242,12,Very Satisfied
1243,7,Very Satisfied
1244,12,Very Satisfied
1245,10,Very Satisfied
1246,8,Mod. Satisfied
1247,12,Mod. Satisfied
1248,12,Very Satisfied
1249,14,Very Satisfied
1250,16,Mod. Satisfied
1251,14,NA
1252,15,Mod. Satisfied
1253,13,Mod. Satisfied
1254,12,Very Satisfied
1255,16,NA
1256,12,NA
1257,16,Very Satisfied
1258,3,NA
1259,11,Mod. Satisfied
1260,10,NA
1261,0,NA
1262,9,NA
1263,2,NA
1264,7,Mod. Satisfied
1265,12,NA
1266,5,NA
1267,13,Mod. Satisfied
1268,12,NA
1269,12,Mod. Satisfied
1270,10,NA
1271,11,NA
1272,11,Very Satisfied
1273,14,Very Satisfied
1274,11,Very Satisfied
1275,15,Very Dissatisfied
1276,12,NA
1277,13,NA
1278,14,NA
1279,14,Very Satisfied
1280,13,Very Satisfied
1281,10,NA
1282,15,Very Satisfied
1283,12,NA
1284,7,Very Satisfied
1285,7,Mod. Satisfied
1286,15,Very Satisfied
1287,12,NA
1288,12,Mod. Satisfied
1289,8,Mod. Satisfied
1290,16,NA
1291,14,Very Satisfied
1292,13,NA
1293,13,NA
1294,12,Mod. Satisfied
1295,14,A Little Dissat
1296,NA,Very Satisfied
1297,14,Mod. Satisfied
1298,12,NA
1299,11,NA
1300,12,NA
1301,13,NA
1302,16,Very Satisfied
1303,12,NA
1304,12,NA
1305,12,NA
1306,14,Very Satisfied
1307,16,Mod. Satisfied
1308,14,Very Satisfied
1309,8,NA
1310,12,A Little Dissat
1311,12,NA
1312,12,NA
1313,10,Very Satisfied
1314,12,NA
1315,10,NA
1316,11,NA
1317,10,NA
1318,8,NA
1319,13,A Little Dissat
1320,12,Mod. Satisfied
1321,10,Mod. Satisfied
1322,9,Mod. Satisfied
1323,12,Mod. Satisfied
1324,12,Very Satisfied
1325,8,NA
1326,14,Very Satisfied
1327,11,Mod. Satisfied
1328,12,NA
1329,6,A Little Dissat
1330,10,Mod. Satisfied
1331,4,NA
1332,7,A Little Dissat
1333,3,NA
1334,10,A Little Dissat
1335,5,NA
1336,4,Mod. Satisfied
1337,6,NA
1338,12,A Little Dissat
1339,6,Mod. Satisfied
1340,2,Mod. Satisfied
1341,4,A Little Dissat
1342,0,NA
1343,7,Mod. Satisfied
1344,10,Mod. Satisfied
1345,3,Very Satisfied
1346,12,Very Satisfied
1347,12,Mod. Satisfied
1348,2,NA
1349,0,NA
1350,12,A Little Dissat
1351,11,Mod. Satisfied
1352,13,NA
1353,11,A Little Dissat
1354,10,NA
1355,14,Very Satisfied
1356,12,Mod. Satisfied
1357,12,NA
1358,12,Very Dissatisfied
1359,9,Very Satisfied
1360,12,Mod. Satisfied
1361,12,Very Satisfied
1362,12,Very Satisfied
1363,10,NA
1364,11,Very Satisfied
1365,14,NA
1366,12,NA
1367,12,Mod. Satisfied
1368,12,NA
1369,16,NA
1370,14,NA
1371,12,NA
1372,12,Mod. Satisfied
1373,12,Very Satisfied
1374,13,NA
1375,11,Mod. Satisfied
1376,16,NA
1377,18,Very Satisfied
1378,14,A Little Dissat
1379,16,NA
1380,16,NA
1381,15,NA
1382,16,A Little Dissat
1383,16,Very Satisfied
1384,12,NA
1385,15,NA
1386,16,Mod. Satisfied
1387,11,NA
1388,20,Mod. Satisfied
1389,14,NA
1390,12,NA
1391,13,NA
1392,13,NA
1393,18,NA
1394,20,NA
1395,19,A Little Dissat
1396,12,NA
1397,11,NA
1398,11,Very Satisfied
1399,12,Very Satisfied
1400,8,Mod. Satisfied
1401,14,A Little Dissat
1402,10,A Little Dissat
1403,12,Mod. Satisfied
1404,13,Mod. Satisfied
1405,11,Mod. Satisfied
1406,12,NA
1407,13,Very Satisfied
1408,12,NA
1409,11,Very Satisfied
1410,8,Mod. Satisfied
1411,12,Very Satisfied
1412,5,NA
1413,9,NA
1414,12,A Little Dissat
1415,16,NA
1416,14,NA
1417,12,Mod. Satisfied
1418,12,NA
1419,12,Very Satisfied
1420,12,Mod. Satisfied
1421,8,Mod. Satisfied
1422,11,Very Satisfied
1423,14,Mod. Satisfied
1424,10,Very Satisfied
1425,6,A Little Dissat
1426,5,NA
1427,8,Mod. Satisfied
1428,NA,Mod. Satisfied
1429,10,NA
1430,12,NA
1431,15,NA
1432,12,NA
1433,11,NA
1434,3,NA
1435,8,Very Satisfied
1436,12,A Little Dissat
1437,13,NA
1438,16,NA
1439,12,Very Satisfied
1440,15,NA
1441,8,NA
1442,9,NA
1443,16,Mod. Satisfied
1444,12,Mod. Satisfied
1445,11,Very Satisfied
1446,1,NA
1447,6,NA
1448,10,Very Satisfied
1449,9,Mod. Satisfied
1450,8,Mod. Satisfied
1451,12,NA
1452,10,Very Satisfied
1453,10,Very Satisfied
1454,20,Very Satisfied
1455,13,Very Satisfied
1456,14,NA
1457,12,NA
1458,16,Mod. Satisfied
1459,12,NA
1460,12,Very Satisfied
1461,16,Very Satisfied
1462,6,NA
1463,12,Very Satisfied
1464,7,Mod. Satisfied
1465,6,NA
1466,0,NA
1467,6,A Little Dissat
1468,6,Very Satisfied
1469,9,Very Satisfied
1470,10,Very Satisfied
1471,12,Very Satisfied
1472,12,NA
1473,12,NA
1474,12,NA
1475,12,Very Satisfied
1476,16,Mod. Satisfied
1477,16,Very Satisfied
1478,20,Very Satisfied
1479,16,Very Dissatisfied
1480,14,Very Satisfied
1481,12,NA
1482,12,NA
1483,11,NA
1484,11,Very Satisfied
1485,16,Mod. Satisfied
1486,12,NA
1487,12,NA
1488,12,Very Satisfied
1489,12,A Little Dissat
1490,12,Mod. Satisfied
1491,12,Very Satisfied
1492,11,Mod. Satisfied
1493,7,NA
1494,10,Mod. Satisfied
1495,13,A Little Dissat
1496,10,NA
1497,12,Mod. Satisfied
1498,13,Very Dissatisfied
1499,12,NA
1500,10,NA
1501,11,Very Satisfied
1502,7,A Little Dissat
1503,12,Very Satisfied
1504,12,NA
1505,0,NA
1506,4,Very Satisfied
1507,11,NA
1508,15,NA
1509,11,Very Dissatisfied
1510,10,Mod. Satisfied
1511,12,NA
1512,12,Mod. Satisfied
1513,9,A Little Dissat
1514,12,Very Dissatisfied
1515,12,Mod. Satisfied
1516,11,NA
1517,12,Mod. Satisfied
1518,14,Mod. Satisfied
1519,12,Mod. Satisfied
1520,12,NA
1521,16,Mod. Satisfied
1522,12,Mod. Satisfied
1523,16,Mod. Satisfied
1524,18,Very Satisfied
1525,16,Very Satisfied
1526,19,Very Satisfied
1527,16,Mod. Satisfied
1528,18,Mod. Satisfied
1529,13,Very Satisfied
1530,8,Mod. Satisfied
1531,8,Very Satisfied
1532,12,Mod. Satisfied
1533,12,A Little Dissat
1534,12,Very Satisfied
1535,12,A Little Dissat
1536,17,NA
1537,12,NA
1538,12,Mod. Satisfied
1539,12,NA
1540,12,NA
1541,19,Very Satisfied
1542,12,NA
1543,16,Mod. Satisfied
1544,17,Very Satisfied
1545,19,A Little Dissat
1546,13,NA
1547,14,A Little Dissat
1548,10,NA
1549,11,Very Satisfied
1550,13,NA
1551,16,Very Satisfied
1552,8,A Little Dissat
1553,2,Very Dissatisfied
1554,9,Mod. Satisfied
1555,10,NA
1556,16,Mod. Satisfied
1557,12,Mod. Satisfied
1558,12,NA
1559,13,Very Satisfied
1560,17,Very Satisfied
1561,12,Very Satisfied
1562,14,A Little Dissat
1563,11,Very Satisfied
1564,11,NA
1565,10,Very Satisfied
1566,12,NA
1567,10,NA
1568,11,NA
1569,12,Very Satisfied
1570,12,Very Satisfied
1571,11,A Little Dissat
1572,14,Very Satisfied
1573,12,NA
1574,8,Very Satisfied
1575,12,NA
1576,12,Mod. Satisfied
1577,12,Very Satisfied
1578,11,Mod. Satisfied
1579,10,NA
1580,14,NA
1581,6,NA
1582,8,Very Satisfied
1583,12,Very Dissatisfied
1584,5,NA
1585,14,Very Satisfied
1586,16,NA
1587,12,NA
1588,10,NA
1589,13,Very Satisfied
1590,14,Very Satisfied
1591,20,Very Satisfied
1592,17,Very Satisfied
1593,11,Mod. Satisfied
1594,9,Very Satisfied
1595,16,NA
1596,16,Mod. Satisfied
1597,10,NA
1598,10,NA
1599,7,NA
1600,10,Mod. Satisfied
1601,NA,Very Satisfied
1602,7,NA
1603,12,NA
1604,11,NA
1605,5,Very Dissatisfied
1606,12,Very Satisfied
1607,10,Mod. Satisfied
1608,13,Mod. Satisfied
1609,10,NA
1610,7,NA
1611,14,Mod. Satisfied
1612,14,Mod. Satisfied
1613,3,A Little Dissat
1614,6,Very Satisfied
1615,8,Very Satisfied
1616,11,Very Satisfied
1617,12,Mod. Satisfied
1618,8,Mod. Satisfied
1619,12,Very Satisfied
1620,8,Very Satisfied
1621,16,Mod. Satisfied
1622,7,Very Satisfied
1623,16,Very Satisfied
1624,8,Mod. Satisfied
1625,12,Very Satisfied
1626,8,NA
1627,12,NA
1628,12,NA
1629,12,Very Satisfied
1630,14,Mod. Satisfied
1631,11,Very Satisfied
1632,12,A Little Dissat
1633,5,NA
1634,16,Mod. Satisfied
1635,8,Mod. Satisfied
1636,13,Very Satisfied
1637,13,NA
1638,7,NA
1639,12,Mod. Satisfied
1640,6,A Little Dissat
1641,12,Mod. Satisfied
1642,7,Mod. Satisfied
1643,13,Mod. Satisfied
1644,12,Mod. Satisfied
1645,4,NA
1646,10,Very Satisfied
1647,13,NA
1648,16,Mod. Satisfied
1649,16,Very Satisfied
1650,16,Mod. Satisfied
1651,15,Mod. Satisfied
1652,16,Very Satisfied
1653,12,NA
1654,12,NA
1655,11,Mod. Satisfied
1656,8,NA
1657,12,Very Dissatisfied
1658,18,Very Satisfied
1659,12,Mod. Satisfied
1660,16,Very Satisfied
1661,16,Very Satisfied
1662,16,NA
1663,10,Mod. Satisfied
1664,15,NA
1665,9,A Little Dissat
1666,12,Very Satisfied
1667,12,Mod. Satisfied
1668,12,Very Satisfied
1669,15,NA
1670,19,Very Satisfied
1671,17,Very Satisfied
1672,10,Very Satisfied
1673,12,NA
1674,15,Very Satisfied
1675,12,NA
1676,14,Very Satisfied
1677,14,Very Satisfied
1678,7,Very Satisfied
1679,8,NA
1680,8,NA
1681,12,NA
1682,12,NA
1683,10,Mod. Satisfied
1684,16,Mod. Satisfied
1685,8,Mod. Satisfied
1686,12,Very Satisfied
1687,12,Very Satisfied
1688,13,Very Satisfied
1689,14,Mod. Satisfied
1690,15,A Little Dissat
1691,12,NA
1692,13,Very Satisfied
1693,13,Very Satisfied
1694,12,Very Dissatisfied
1695,13,Very Satisfied
1696,14,Very Satisfied
1697,14,Very Satisfied
1698,9,Very Satisfied
1699,11,Very Satisfied
1700,11,Very Satisfied
1701,10,NA
1702,16,Mod. Satisfied
1703,12,Very Satisfied
1704,15,NA
1705,20,Mod. Satisfied
1706,16,Very Dissatisfied
1707,20,Very Dissatisfied
1708,8,NA
1709,12,NA
1710,12,NA
1711,9,Mod. Satisfied
1712,12,Very Satisfied
1713,8,NA
1714,11,Very Satisfied
1715,7,NA
1716,16,Mod. Satisfied
1717,12,A Little Dissat
1718,12,A Little Dissat
1719,13,NA
1720,16,Very Satisfied
1721,15,Very Satisfied
1722,14,Very Satisfied
1723,13,Very Satisfied
1724,12,Mod. Satisfied
1725,12,NA
1726,14,A Little Dissat
1727,9,Very Satisfied
1728,13,NA
1729,17,Mod. Satisfied
1730,8,NA
1731,12,Very Satisfied
1732,12,NA
1733,14,Very Satisfied
1734,16,Mod. Satisfied
1735,18,Very Satisfied
1736,12,Very Satisfied
1737,12,Mod. Satisfied
1738,12,Very Satisfied
1739,12,Mod. Satisfied
1740,12,Very Satisfied
1741,12,Very Satisfied
1742,12,NA
1743,16,Mod. Satisfied
1744,17,NA
1745,12,Very Satisfied
1746,9,Very Satisfied
1747,11,Very Satisfied
1748,16,Very Satisfied
1749,14,NA
1750,10,Mod. Satisfied
1751,12,Very Satisfied
1752,8,Mod. Satisfied
1753,16,Mod. Satisfied
1754,14,NA
1755,12,Mod. Satisfied
1756,12,NA
1757,8,Very Satisfied
1758,11,NA
1759,12,Mod. Satisfied
1760,13,Mod. Satisfied
1761,12,Mod. Satisfied
1762,14,Mod. Satisfied
1763,8,Mod. Satisfied
1764,16,Mod. Satisfied
1765,12,Very Satisfied
1766,12,Very Satisfied
1767,12,Very Satisfied
1768,16,Mod. Satisfied
1769,15,Mod. Satisfied
1770,8,NA
1771,11,Mod. Satisfied
1772,13,Very Satisfied
1773,10,NA
1774,11,Mod. Satisfied
1775,18,Mod. Satisfied
1776,17,Mod. Satisfied
1777,13,Very Satisfied
1778,9,Mod. Satisfied
1779,11,Very Satisfied
1780,8,NA
1781,14,Mod. Satisfied
1782,12,Very Satisfied
1783,12,Very Satisfied
1784,12,Mod. Satisfied
1785,3,Mod. Satisfied
1786,12,Very Satisfied
1787,10,Mod. Satisfied
1788,11,Mod. Satisfied
1789,12,NA
1790,15,NA
1791,11,A Little Dissat
1792,8,Very Dissatisfied
1793,8,NA
1794,4,Very Satisfied
1795,NA,Very Satisfied
1796,12,Mod. Satisfied
1797,8,Mod. Satisfied
1798,14,NA
1799,7,Mod. Satisfied
1800,12,Mod. Satisfied
1801,11,Very Satisfied
1802,10,Very Satisfied
1803,12,Mod. Satisfied
1804,12,A Little Dissat
1805,13,Very Satisfied
1806,16,A Little Dissat
1807,16,Very Satisfied
1808,12,Very Satisfied
1809,16,Mod. Satisfied
1810,12,Very Satisfied
1811,12,Very Satisfied
1812,8,Mod. Satisfied
1813,7,Mod. Satisfied
1814,10,NA
1815,6,NA
1816,9,Mod. Satisfied
1817,12,Mod. Satisfied
1818,16,Mod. Satisfied
1819,14,Mod. Satisfied
1820,10,NA
1821,8,Very Satisfied
1822,12,Very Satisfied
1823,12,Mod. Satisfied
1824,7,NA
1825,11,Very Satisfied
1826,12,Mod. Satisfied
1827,14,NA
1828,9,Very Satisfied
1829,6,Very Satisfied
1830,8,Very Satisfied
1831,12,Very Satisfied
1832,8,NA
1833,12,Very Satisfied
1834,13,Mod. Satisfied
1835,10,Very Satisfied
1836,7,Mod. Satisfied
1837,10,NA
1838,12,Very Satisfied
1839,12,A Little Dissat
1840,12,Very Satisfied
1841,8,NA
1842,12,A Little Dissat
1843,12,Mod. Satisfied
1844,12,Mod. Satisfied
1845,12,Very Satisfied
1846,14,Very Satisfied
1847,14,NA
1848,12,Mod. Satisfied
1849,12,Very Satisfied
1850,12,NA
1851,12,Very Satisfied
1852,20,NA
1853,12,NA
1854,16,Very Satisfied
1855,14,Mod. Satisfied
1856,12,Very Satisfied
1857,12,Very Satisfied
1858,9,Mod. Satisfied
1859,19,Mod. Satisfied
1860,12,Very Satisfied
1861,10,A Little Dissat
1862,11,Mod. Satisfied
1863,12,NA
1864,13,Mod. Satisfied
1865,12,Very Satisfied
1866,12,Mod. Satisfied
1867,12,Very Satisfied
1868,6,Very Satisfied
1869,16,Very Satisfied
1870,10,Very Satisfied
1871,0,NA
1872,14,Very Satisfied
1873,11,Mod. Satisfied
1874,12,NA
1875,5,NA
1876,11,Mod. Satisfied
1877,16,Very Satisfied
1878,13,NA
1879,14,Very Satisfied
1880,12,NA
1881,14,Very Satisfied
1882,12,NA
1883,12,Very Satisfied
1884,11,Mod. Satisfied
1885,12,A Little Dissat
1886,12,Very Satisfied
1887,12,Very Satisfied
1888,1,NA
1889,12,Mod. Satisfied
1890,12,Very Satisfied
1891,16,Mod. Satisfied
1892,8,NA
1893,11,Mod. Satisfied
1894,10,NA
1895,16,Mod. Satisfied
1896,12,NA
1897,11,Very Satisfied
1898,8,Mod. Satisfied
1899,6,Very Satisfied
1900,4,Very Satisfied
1901,12,Mod. Satisfied
1902,14,Very Satisfied
1903,8,A Little Dissat
1904,10,Very Satisfied
1905,12,Mod. Satisfied
1906,12,Very Satisfied
1907,17,Very Satisfied
1908,16,Mod. Satisfied
1909,17,NA
1910,11,Very Satisfied
1911,16,NA
1912,12,Very Satisfied
1913,8,Very Satisfied
1914,12,Mod. Satisfied
1915,11,Mod. Satisfied
1916,11,A Little Dissat
1917,12,Mod. Satisfied
1918,12,Very Satisfied
1919,13,Mod. Satisfied
1920,10,Very Satisfied
1921,9,NA
1922,12,NA
1923,8,Very Satisfied
1924,10,Very Satisfied
1925,11,Mod. Satisfied
1926,12,Mod. Satisfied
1927,13,Very Satisfied
1928,12,Very Satisfied
1929,11,Very Satisfied
1930,11,Mod. Satisfied
1931,15,Mod. Satisfied
1932,15,Very Satisfied
1933,12,Mod. Satisfied
1934,12,Mod. Satisfied
1935,12,Very Satisfied
1936,13,Mod. Satisfied
1937,12,NA
1938,11,NA
1939,16,Very Satisfied
1940,15,Very Dissatisfied
1941,10,Mod. Satisfied
1942,9,Mod. Satisfied
1943,6,Very Satisfied
1944,11,Very Dissatisfied
1945,3,NA
1946,13,NA
1947,16,Mod. Satisfied
1948,12,Very Satisfied
1949,10,NA
1950,12,Mod. Satisfied
1951,8,Mod. Satisfied
1952,9,Very Satisfied
1953,12,Very Satisfied
1954,6,Very Satisfied
1955,12,NA
1956,6,Mod. Satisfied
1957,13,NA
1958,12,Very Satisfied
1959,13,Very Satisfied
1960,12,NA
1961,13,Very Satisfied
1962,14,A Little Dissat
1963,12,Very Satisfied
1964,12,Very Satisfied
1965,8,NA
1966,8,NA
1967,12,Mod. Satisfied
1968,12,NA
1969,12,Very Satisfied
1970,14,Mod. Satisfied
1971,15,NA
1972,14,Very Satisfied
1973,12,Mod. Satisfied
1974,14,Mod. Satisfied
1975,10,Very Satisfied
1976,13,NA
1977,5,Very Satisfied
1978,10,Mod. Satisfied
1979,12,Mod. Satisfied
1980,16,Mod. Satisfied
1981,10,Mod. Satisfied
1982,8,Mod. Satisfied
1983,12,NA
1984,8,Mod. Satisfied
1985,12,Very Dissatisfied
1986,17,Very Satisfied
1987,12,Mod. Satisfied
1988,8,Mod. Satisfied
1989,8,NA
1990,11,Very Satisfied
1991,14,NA
1992,12,Very Satisfied
1993,19,NA
1994,12,NA
1995,11,Mod. Satisfied
1996,10,Very Satisfied
1997,10,A Little Dissat
1998,12,Mod. Satisfied
1999,12,Very Satisfied
2000,6,A Little Dissat
2001,9,Mod. Satisfied
2002,12,Very Dissatisfied
2003,13,Mod. Satisfied
2004,14,NA
2005,10,Mod. Satisfied
2006,11,NA
2007,7,Very Satisfied
2008,3,NA
2009,6,Mod. Satisfied
2010,9,Very Satisfied
2011,7,Very Satisfied
2012,16,Very Satisfied
2013,13,Very Satisfied
2014,12,NA
2015,16,Mod. Satisfied
2016,16,NA
2017,14,Very Dissatisfied
2018,12,Very Satisfied
2019,8,Very Satisfied
2020,12,NA
2021,9,A Little Dissat
2022,10,Mod. Satisfied
2023,8,NA
2024,12,NA
2025,12,Mod. Satisfied
2026,12,A Little Dissat
2027,12,Very Satisfied
2028,NA,Mod. Satisfied
2029,4,Mod. Satisfied
2030,8,A Little Dissat
2031,8,Mod. Satisfied
2032,16,Mod. Satisfied
2033,6,Mod. Satisfied
2034,12,NA
2035,9,Very Satisfied
2036,9,NA
2037,8,NA
2038,8,Very Satisfied
2039,8,NA
2040,12,A Little Dissat
2041,17,Very Satisfied
2042,11,Very Dissatisfied
2043,10,Mod. Satisfied
2044,12,Mod. Satisfied
2045,9,Very Satisfied
2046,5,Very Satisfied
2047,8,Very Satisfied
2048,19,Very Satisfied
2049,12,Mod. Satisfied
2050,16,Very Satisfied
2051,12,Mod. Satisfied
2052,16,NA
2053,8,Very Satisfied
2054,12,Very Satisfied
2055,12,Very Satisfied
2056,12,Very Satisfied
2057,11,Very Satisfied
2058,10,Very Satisfied
2059,5,NA
2060,8,A Little Dissat
2061,8,Very Satisfied
2062,12,A Little Dissat
2063,8,NA
2064,15,Mod. Satisfied
2065,15,Mod. Satisfied
2066,14,Mod. Satisfied
2067,5,Very Dissatisfied
2068,3,Mod. Satisfied
2069,14,NA
2070,13,NA
2071,11,Mod. Satisfied
2072,16,Very Satisfied
2073,16,Mod. Satisfied
2074,12,Mod. Satisfied
2075,14,Very Satisfied
2076,15,Very Satisfied
2077,19,Very Satisfied
2078,13,Very Satisfied
2079,9,Very Satisfied
2080,16,Mod. Satisfied
2081,12,NA
2082,9,Very Satisfied
2083,8,Mod. Satisfied
2084,8,Very Satisfied
2085,12,A Little Dissat
2086,12,Mod. Satisfied
2087,12,Very Satisfied
2088,12,Very Satisfied
2089,16,Very Satisfied
2090,16,Mod. Satisfied
2091,13,Very Dissatisfied
2092,12,Very Satisfied
2093,8,A Little Dissat
2094,12,Very Satisfied
2095,16,Very Satisfied
2096,6,NA
2097,14,Mod. Satisfied
2098,12,Mod. Satisfied
2099,8,NA
2100,12,Mod. Satisfied
2101,12,NA
2102,11,Mod. Satisfied
2103,11,Mod. Satisfied
2104,6,NA
2105,7,NA
2106,11,Mod. Satisfied
2107,14,Very Satisfied
2108,16,NA
2109,12,Very Satisfied
2110,11,NA
2111,12,Very Satisfied
2112,13,Mod. Satisfied
2113,8,Very Satisfied
2114,12,Very Satisfied
2115,14,Very Satisfied
2116,16,Mod. Satisfied
2117,12,Mod. Satisfied
2118,17,Very Satisfied
2119,12,Very Satisfied
2120,13,Very Satisfied
2121,8,Very Satisfied
2122,12,Very Dissatisfied
2123,13,Mod. Satisfied
2124,14,A Little Dissat
2125,9,NA
2126,12,Very Satisfied
2127,6,Mod. Satisfied
2128,12,Mod. Satisfied
2129,12,Mod. Satisfied
2130,9,Very Satisfied
2131,10,Mod. Satisfied
2132,7,NA
2133,12,Mod. Satisfied
2134,12,Very Satisfied
2135,7,Mod. Satisfied
2136,14,NA
2137,16,Very Satisfied
2138,16,Very Satisfied
2139,12,Mod. Satisfied
2140,12,Very Satisfied
2141,12,Mod. Satisfied
2142,12,Very Satisfied
2143,12,Very Satisfied
2144,12,Mod. Satisfied
2145,8,NA
2146,12,Mod. Satisfied
2147,12,NA
2148,11,Mod. Satisfied
2149,12,NA
2150,12,Very Dissatisfied
2151,12,A Little Dissat
2152,12,NA
2153,17,Very Satisfied
2154,17,Very Satisfied
2155,12,Very Satisfied
2156,15,Very Satisfied
2157,12,Very Satisfied
2158,20,Very Satisfied
2159,14,Very Satisfied
2160,12,A Little Dissat
2161,11,Mod. Satisfied
2162,8,NA
2163,10,Very Satisfied
2164,8,NA
2165,12,Mod. Satisfied
2166,11,A Little Dissat
2167,12,Very Satisfied
2168,8,Very Satisfied
2169,14,Very Satisfied
2170,12,NA
2171,12,Mod. Satisfied
2172,12,Very Satisfied
2173,8,Very Satisfied
2174,7,Very Satisfied
2175,14,NA
2176,10,Very Satisfied
2177,16,NA
2178,12,Very Satisfied
2179,19,Very Satisfied
2180,14,Mod. Satisfied
2181,11,Very Satisfied
2182,11,NA
2183,12,NA
2184,4,NA
2185,8,NA
2186,12,A Little Dissat
2187,11,NA
2188,0,NA
2189,8,Very Satisfied
2190,8,Mod. Satisfied
2191,12,A Little Dissat
2192,12,Very Satisfied
2193,12,Very Satisfied
2194,16,NA
2195,12,Very Satisfied
2196,16,Very Satisfied
2197,16,NA
2198,18,Mod. Satisfied
2199,12,NA
2200,13,Very Satisfied
2201,15,Very Satisfied
2202,9,NA
2203,11,NA
2204,14,NA
2205,11,Very Satisfied
2206,19,Very Satisfied
2207,10,Very Satisfied
2208,12,Mod. Satisfied
2209,10,Very Satisfied
2210,9,Mod. Satisfied
2211,12,Mod. Satisfied
2212,20,Very Satisfied
2213,14,Very Satisfied
2214,10,Mod. Satisfied
2215,9,Very Satisfied
2216,16,Very Satisfied
2217,14,A Little Dissat
2218,11,Mod. Satisfied
2219,12,Mod. Satisfied
2220,4,Very Satisfied
2221,9,Mod. Satisfied
2222,12,Mod. Satisfied
2223,11,Very Satisfied
2224,13,Mod. Satisfied
2225,16,Mod. Satisfied
2226,15,A Little Dissat
2227,18,Mod. Satisfied
2228,14,NA
2229,12,NA
2230,12,Very Satisfied
2231,12,Very Satisfied
2232,16,Very Satisfied
2233,12,Very Satisfied
2234,12,Mod. Satisfied
2235,13,Very Satisfied
2236,12,Very Satisfied
2237,5,NA
2238,12,NA
2239,7,Very Dissatisfied
2240,10,Mod. Satisfied
2241,14,Very Satisfied
2242,8,Mod. Satisfied
2243,8,Mod. Satisfied
2244,6,Very Satisfied
2245,20,NA
2246,16,Very Satisfied
2247,15,NA
2248,12,NA
2249,14,Mod. Satisfied
2250,19,NA
2251,16,NA
2252,6,Very Satisfied
2253,16,Very Satisfied
2254,16,NA
2255,19,NA
2256,12,Very Satisfied
2257,17,NA
2258,14,Mod. Satisfied
2259,9,NA
2260,12,Mod. Satisfied
2261,4,NA
2262,14,Very Satisfied
2263,12,A Little Dissat
2264,13,Very Satisfied
2265,14,NA
2266,10,NA
2267,9,Very Satisfied
2268,12,NA
2269,14,Very Satisfied
2270,15,Mod. Satisfied
2271,12,Mod. Satisfied
2272,16,Very Satisfied
2273,16,NA
2274,11,Mod. Satisfied
2275,12,Mod. Satisfied
2276,12,Very Satisfied
2277,12,A Little Dissat
2278,19,Mod. Satisfied
2279,10,Mod. Satisfied
2280,14,Mod. Satisfied
2281,12,Mod. Satisfied
2282,12,A Little Dissat
2283,11,Mod. Satisfied
2284,14,Mod. Satisfied
2285,17,Mod. Satisfied
2286,12,Mod. Satisfied
2287,16,Mod. Satisfied
2288,16,Very Satisfied
2289,12,Mod. Satisfied
2290,8,Very Satisfied
2291,11,Very Satisfied
2292,14,Very Satisfied
2293,14,Mod. Satisfied
2294,15,Very Satisfied
2295,12,NA
2296,11,Mod. Satisfied
2297,9,A Little Dissat
2298,10,A Little Dissat
2299,10,Mod. Satisfied
2300,12,Mod. Satisfied
2301,6,Mod. Satisfied
2302,8,Mod. Satisfied
2303,12,Very Satisfied
2304,14,NA
2305,19,Very Satisfied
2306,15,NA
2307,16,Very Dissatisfied
2308,8,NA
2309,6,Very Satisfied
2310,9,Mod. Satisfied
2311,12,Very Satisfied
2312,11,Very Satisfied
2313,5,Very Satisfied
2314,12,Mod. Satisfied
2315,20,Mod. Satisfied
2316,12,Very Dissatisfied
2317,16,Mod. Satisfied
2318,13,Mod. Satisfied
2319,16,NA
2320,11,Mod. Satisfied
2321,12,Mod. Satisfied
2322,13,NA
2323,18,Very Satisfied
2324,12,Very Satisfied
2325,7,Very Satisfied
2326,12,NA
2327,12,Very Satisfied
2328,12,Very Satisfied
2329,15,NA
2330,10,NA
2331,12,Very Satisfied
2332,17,NA
2333,12,Very Dissatisfied
2334,9,Very Satisfied
2335,5,Mod. Satisfied
2336,12,Very Satisfied
2337,14,Very Satisfied
2338,12,Mod. Satisfied
2339,14,Very Satisfied
2340,12,Mod. Satisfied
2341,15,NA
2342,12,Mod. Satisfied
2343,9,NA
2344,5,A Little Dissat
2345,13,Very Satisfied
2346,13,NA
2347,12,Very Satisfied
2348,11,Very Satisfied
2349,12,NA
2350,14,Very Dissatisfied
2351,8,NA
2352,12,Very Satisfied
2353,12,Very Satisfied
2354,12,Mod. Satisfied
2355,8,NA
2356,13,Very Satisfied
2357,16,Very Satisfied
2358,13,Very Satisfied
2359,14,Very Satisfied
2360,12,Very Satisfied
2361,14,Very Satisfied
2362,9,Mod. Satisfied
2363,8,A Little Dissat
2364,8,Very Satisfied
2365,8,Mod. Satisfied
2366,9,Mod. Satisfied
2367,7,Very Dissatisfied
2368,3,Very Satisfied
2369,10,Mod. Satisfied
2370,9,NA
2371,7,NA
2372,11,Very Satisfied
2373,8,NA
2374,12,Very Satisfied
2375,8,Mod. Satisfied
2376,12,Very Satisfied
2377,8,Very Satisfied
2378,10,Mod. Satisfied
2379,10,Mod. Satisfied
2380,14,Mod. Satisfied
2381,11,NA
2382,8,NA
2383,12,Mod. Satisfied
2384,12,Very Satisfied
2385,14,Mod. Satisfied
2386,14,Very Satisfied
2387,13,Mod. Satisfied
2388,3,NA
2389,3,NA
2390,12,A Little Dissat
2391,14,Very Satisfied
2392,9,NA
2393,9,A Little Dissat
2394,12,Mod. Satisfied
2395,10,NA
2396,13,Mod. Satisfied
2397,13,NA
2398,13,Very Satisfied
2399,12,Very Satisfied
2400,12,Mod. Satisfied
2401,12,Very Satisfied
2402,14,A Little Dissat
2403,11,Very Satisfied
2404,12,Very Satisfied
2405,14,NA
2406,11,NA
2407,10,Mod. Satisfied
2408,15,NA
2409,8,Mod. Satisfied
2410,8,Mod. Satisfied
2411,15,Very Satisfied
2412,11,Mod. Satisfied
2413,7,NA
2414,10,NA
2415,14,Very Satisfied
2416,12,Very Dissatisfied
2417,12,Very Satisfied
2418,10,Mod. Satisfied
2419,14,Mod. Satisfied
2420,11,Very Dissatisfied
2421,12,Very Satisfied
2422,12,Very Satisfied
2423,12,Very Satisfied
2424,10,Very Satisfied
2425,13,Mod. Satisfied
2426,9,Mod. Satisfied
2427,16,Very Satisfied
2428,17,Very Satisfied
2429,10,Very Satisfied
2430,13,Very Satisfied
2431,15,A Little Dissat
2432,17,Mod. Satisfied
2433,14,Very Satisfied
2434,10,Mod. Satisfied
2435,12,Very Satisfied
2436,8,A Little Dissat
2437,12,A Little Dissat
2438,8,A Little Dissat
2439,12,Very Satisfied
2440,12,Very Satisfied
2441,14,Very Satisfied
2442,12,Very Satisfied
2443,14,Mod. Satisfied
2444,7,Mod. Satisfied
2445,10,Mod. Satisfied
2446,10,Mod. Satisfied
2447,11,A Little Dissat
2448,12,Mod. Satisfied
2449,12,NA
2450,10,NA
2451,12,Very Satisfied
2452,9,A Little Dissat
2453,14,Very Satisfied
2454,13,A Little Dissat
2455,10,Mod. Satisfied
2456,20,Very Satisfied
2457,12,Mod. Satisfied
2458,12,Mod. Satisfied
2459,14,Very Satisfied
2460,13,Very Satisfied
2461,9,Very Satisfied
2462,16,Very Satisfied
2463,15,Mod. Satisfied
2464,9,NA
2465,3,Very Satisfied
2466,7,Mod. Satisfied
2467,11,A Little Dissat
2468,9,NA
2469,14,Very Satisfied
2470,12,Mod. Satisfied
2471,16,Very Satisfied
2472,12,NA
2473,12,Very Satisfied
2474,16,Very Satisfied
2475,9,Very Satisfied
2476,15,Very Satisfied
2477,10,NA
2478,10,Very Satisfied
2479,12,Very Satisfied
2480,8,Very Satisfied
2481,12,Very Satisfied
2482,13,A Little Dissat
2483,12,Mod. Satisfied
2484,8,Mod. Satisfied
2485,10,A Little Dissat
2486,16,Very Satisfied
2487,5,NA
2488,8,NA
2489,11,Mod. Satisfied
2490,8,Mod. Satisfied
2491,10,A Little Dissat
2492,10,Mod. Satisfied
2493,8,NA
2494,12,Mod. Satisfied
2495,13,NA
2496,14,NA
2497,16,Mod. Satisfied
2498,14,Mod. Satisfied
2499,16,Very Satisfied
2500,12,NA
2501,12,NA
2502,8,Mod. Satisfied
2503,8,Very Satisfied
2504,12,Mod. Satisfied
2505,4,Very Dissatisfied
2506,1,Mod. Satisfied
2507,0,NA
2508,12,NA
2509,1,NA
2510,12,Mod. Satisfied
2511,12,Very Satisfied
2512,16,NA
2513,9,Very Satisfied
2514,11,Mod. Satisfied
2515,11,Very Dissatisfied
2516,13,Very Satisfied
2517,12,Very Dissatisfied
2518,11,Very Dissatisfied
2519,11,Mod. Satisfied
2520,11,Mod. Satisfied
2521,11,Mod. Satisfied
2522,17,Mod. Satisfied
2523,6,NA
2524,12,Mod. Satisfied
2525,10,Very Dissatisfied
2526,5,Very Satisfied
2527,12,Very Satisfied
2528,4,Very Satisfied
2529,12,Very Satisfied
2530,12,NA
2531,6,NA
2532,14,Very Satisfied
2533,12,Mod. Satisfied
2534,12,A Little Dissat
2535,8,NA
2536,14,A Little Dissat
2537,13,Very Satisfied
2538,10,Mod. Satisfied
2539,11,Mod. Satisfied
2540,16,Very Satisfied
2541,0,NA
2542,7,Very Satisfied
2543,12,Very Satisfied
2544,14,Mod. Satisfied
2545,12,Mod. Satisfied
2546,18,Mod. Satisfied
2547,9,Very Satisfied
2548,12,A Little Dissat
2549,8,Very Satisfied
2550,12,NA
2551,12,Very Satisfied
2552,11,Mod. Satisfied
2553,12,Mod. Satisfied
2554,12,Very Dissatisfied
2555,17,NA
2556,16,Very Satisfied
2557,12,NA
2558,12,NA
2559,5,Mod. Satisfied
2560,11,A Little Dissat
2561,12,Mod. Satisfied
2562,16,Very Satisfied
2563,12,Very Satisfied
2564,12,Very Satisfied
2565,12,Very Satisfied
2566,9,Very Satisfied
2567,12,NA
2568,11,Very Dissatisfied
2569,13,NA
2570,15,NA
2571,12,Mod. Satisfied
2572,16,Very Satisfied
2573,7,Mod. Satisfied
2574,18,Mod. Satisfied
2575,12,Very Satisfied
2576,12,Very Satisfied
2577,16,A Little Dissat
2578,12,Very Satisfied
2579,12,Very Satisfied
2580,4,NA
2581,7,Very Satisfied
2582,11,NA
2583,11,A Little Dissat
2584,9,NA
2585,13,Very Satisfied
2586,13,Very Satisfied
2587,12,A Little Dissat
2588,12,Very Satisfied
2589,16,Mod. Satisfied
2590,10,Very Satisfied
2591,12,NA
2592,15,Very Dissatisfied
2593,10,Very Satisfied
2594,13,NA
2595,10,Very Satisfied
2596,12,Mod. Satisfied
2597,12,Mod. Satisfied
2598,12,A Little Dissat
2599,12,Very Satisfied
2600,12,Mod. Satisfied
2601,12,Very Satisfied
2602,NA,Mod. Satisfied
2603,12,Mod. Satisfied
2604,12,Very Satisfied
2605,12,Mod. Satisfied
2606,10,Very Dissatisfied
2607,12,Very Satisfied
2608,3,NA
2609,14,Very Dissatisfied
2610,12,Mod. Satisfied
2611,9,Very Satisfied
2612,12,Mod. Satisfied
2613,12,Very Dissatisfied
2614,10,Very Satisfied
2615,11,NA
2616,12,Mod. Satisfied
2617,12,Mod. Satisfied
2618,12,Mod. Satisfied
2619,9,Very Satisfied
2620,12,A Little Dissat
2621,12,Mod. Satisfied
2622,19,NA
2623,8,Mod. Satisfied
2624,16,Mod. Satisfied
2625,12,Very Satisfied
2626,8,NA
2627,12,A Little Dissat
2628,13,NA
2629,15,Mod. Satisfied
2630,12,Very Satisfied
2631,11,Very Satisfied
2632,16,NA
2633,11,Mod. Satisfied
2634,13,A Little Dissat
2635,14,NA
2636,12,NA
2637,9,Mod. Satisfied
2638,12,Mod. Satisfied
2639,12,A Little Dissat
2640,12,NA
2641,19,Mod. Satisfied
2642,12,Very Satisfied
2643,13,Very Satisfied
2644,12,Very Satisfied
2645,11,NA
2646,4,A Little Dissat
2647,8,Mod. Satisfied
2648,16,Very Satisfied
2649,12,NA
2650,7,Mod. Satisfied
2651,9,Mod. Satisfied
2652,17,Mod. Satisfied
2653,14,NA
2654,14,Very Satisfied
2655,12,Very Satisfied
2656,11,NA
2657,12,Very Satisfied
2658,12,Mod. Satisfied
2659,12,A Little Dissat
2660,12,Mod. Satisfied
2661,12,Very Satisfied
2662,12,Very Satisfied
2663,14,Very Satisfied
2664,12,NA
2665,12,Very Satisfied
2666,12,NA
2667,2,Mod. Satisfied
2668,12,Very Satisfied
2669,6,Very Satisfied
2670,8,Very Satisfied
2671,10,Very Satisfied
2672,15,Very Satisfied
2673,12,Very Satisfied
2674,16,Very Satisfied
2675,16,Mod. Satisfied
2676,12,Very Satisfied
2677,10,Very Satisfied
2678,9,NA
2679,14,Very Satisfied
2680,12,Mod. Satisfied
2681,14,Very Satisfied
2682,16,Very Satisfied
2683,12,Very Satisfied
2684,12,NA
2685,19,Very Satisfied
2686,16,Very Satisfied
2687,14,Very Satisfied
2688,12,Mod. Satisfied
2689,10,Mod. Satisfied
2690,16,Mod. Satisfied
2691,16,Very Satisfied
2692,12,Very Satisfied
2693,9,Mod. Satisfied
2694,13,Very Dissatisfied
2695,14,Very Satisfied
2696,13,A Little Dissat
2697,10,A Little Dissat
2698,12,A Little Dissat
2699,15,Very Satisfied
2700,11,Very Satisfied
2701,12,Very Satisfied
2702,10,NA
2703,7,Mod. Satisfied
2704,12,Very Satisfied
2705,4,NA
2706,10,NA
2707,7,Mod. Satisfied
2708,14,Very Satisfied
2709,14,Very Satisfied
2710,13,Very Satisfied
2711,14,Very Satisfied
2712,12,NA
2713,14,Very Dissatisfied
2714,8,Very Satisfied
2715,12,Very Satisfied
2716,11,Very Satisfied
2717,13,NA
2718,14,NA
2719,14,Very Satisfied
2720,10,Mod. Satisfied
2721,12,A Little Dissat
2722,12,NA
2723,12,Very Satisfied
2724,13,Mod. Satisfied
2725,8,NA
2726,8,NA
2727,10,Very Satisfied
2728,10,Very Dissatisfied
2729,8,A Little Dissat
2730,7,Mod. Satisfied
2731,8,Mod. Satisfied
2732,15,Mod. Satisfied
2733,14,Very Satisfied
2734,8,NA
2735,16,Very Satisfied
2736,12,Mod. Satisfied
2737,11,Mod. Satisfied
2738,9,Very Satisfied
2739,16,Very Satisfied
2740,12,Mod. Satisfied
2741,12,Mod. Satisfied
2742,12,NA
2743,9,NA
2744,14,Mod. Satisfied
2745,8,Mod. Satisfied
2746,12,A Little Dissat
2747,11,Mod. Satisfied
2748,12,Very Satisfied
2749,10,Very Satisfied
2750,17,Mod. Satisfied
2751,12,Mod. Satisfied
2752,9,Mod. Satisfied
2753,13,Mod. Satisfied
2754,11,NA
2755,16,Mod. Satisfied
2756,16,Mod. Satisfied
2757,12,Mod. Satisfied
2758,12,Mod. Satisfied
2759,12,Very Dissatisfied
2760,17,Mod. Satisfied
2761,12,Very Dissatisfied
2762,12,NA
2763,12,NA
2764,12,Mod. Satisfied
2765,6,NA
2766,14,NA
2767,14,Very Satisfied
2768,11,Very Satisfied
2769,12,Very Satisfied
2770,12,Very Satisfied
2771,8,Mod. Satisfied
2772,12,Very Satisfied
2773,12,Very Satisfied
2774,9,NA
2775,16,Very Satisfied
2776,14,Mod. Satisfied
2777,12,NA
2778,16,Very Satisfied
2779,16,Mod. Satisfied
2780,20,Very Satisfied
2781,12,NA
2782,14,NA
2783,9,A Little Dissat
2784,3,A Little Dissat
2785,12,A Little Dissat
2786,14,Very Dissatisfied
2787,13,Mod. Satisfied
2788,12,NA
2789,3,NA
2790,12,Very Satisfied
2791,12,Very Satisfied
2792,12,NA
2793,5,Very Satisfied
2794,0,NA
2795,3,Very Satisfied
2796,12,Very Dissatisfied
2797,8,Very Dissatisfied
2798,12,Very Satisfied
2799,7,NA
2800,13,A Little Dissat
2801,13,Very Satisfied
2802,12,NA
2803,12,Mod. Satisfied
2804,0,Very Satisfied
2805,12,Very Satisfied
2806,12,Mod. Satisfied
2807,7,NA
2808,8,Mod. Satisfied
2809,12,Very Satisfied
2810,9,Very Satisfied
2811,7,Very Satisfied
2812,16,Very Satisfied
2813,11,Very Satisfied
2814,12,Mod. Satisfied
2815,13,Mod. Satisfied
2816,12,NA
2817,13,Very Satisfied
2818,7,NA
2819,10,NA
2820,9,NA
2821,8,Very Satisfied
2822,2,Very Satisfied
2823,11,NA
2824,10,Very Dissatisfied
2825,9,Mod. Satisfied
2826,8,Very Satisfied
2827,6,Mod. Satisfied
2828,8,NA
2829,12,Very Satisfied
2830,12,Mod. Satisfied
2831,7,NA
2832,12,Very Satisfied
2833,12,Mod. Satisfied
2834,12,NA
2835,12,NA
2836,13,NA
2837,13,NA
2838,14,Mod. Satisfied
2839,12,NA
2840,17,NA
2841,16,Very Satisfied
2842,7,Very Satisfied
2843,12,Very Satisfied
2844,13,NA
2845,14,Very Dissatisfied
2846,12,Very Satisfied
2847,13,Mod. Satisfied
2848,13,Mod. Satisfied
2849,12,Very Satisfied
2850,8,Mod. Satisfied
2851,7,Very Satisfied
2852,12,Mod. Satisfied
2853,11,Very Satisfied
2854,12,Mod. Satisfied
2855,13,Very Satisfied
2856,9,Mod. Satisfied
2857,13,NA
2858,12,Very Satisfied
2859,10,Very Satisfied
2860,7,Very Satisfied
2861,17,Mod. Satisfied
2862,12,NA
2863,8,Very Satisfied
2864,14,Mod. Satisfied
2865,12,NA
2866,4,Very Satisfied
2867,12,Mod. Satisfied
2868,10,Mod. Satisfied
2869,7,Very Satisfied
2870,5,Mod. Satisfied
2871,6,Very Satisfied
2872,11,Mod. Satisfied
2873,0,NA
2874,11,NA
2875,12,A Little Dissat
2876,9,Very Satisfied
2877,4,Mod. Satisfied
2878,16,NA
2879,4,A Little Dissat
2880,12,NA
2881,16,Mod. Satisfied
2882,8,Mod. Satisfied
2883,8,NA
2884,12,Very Satisfied
2885,5,NA
2886,7,NA
2887,9,Very Satisfied
2888,12,NA
2889,8,NA
2890,11,Very Satisfied
2891,12,Very Satisfied
2892,5,NA
2893,10,NA
2894,12,NA
2895,3,NA
2896,12,NA
2897,11,NA
2898,16,NA
2899,12,NA
2900,10,Very Satisfied
2901,16,NA
2902,12,Very Satisfied
2903,19,Very Dissatisfied
2904,13,Mod. Satisfied
2905,8,NA
2906,5,NA
2907,13,Very Satisfied
2908,16,A Little Dissat
2909,12,NA
2910,6,Mod. Satisfied
2911,10,Very Satisfied
2912,8,Very Dissatisfied
2913,13,Mod. Satisfied
2914,2,NA
2915,16,NA
2916,10,NA
2917,15,Mod. Satisfied
2918,17,Very Satisfied
2919,9,NA
2920,14,Very Satisfied
2921,14,A Little Dissat
2922,14,Very Satisfied
2923,17,Very Satisfied
2924,16,Very Satisfied
2925,10,Very Satisfied
2926,13,Very Satisfied
2927,12,Very Satisfied
2928,10,Mod. Satisfied
2929,16,Mod. Satisfied
2930,8,NA
2931,12,Very Satisfied
2932,10,NA
2933,8,Mod. Satisfied
2934,8,NA
2935,10,NA
2936,7,NA
2937,5,NA
2938,2,NA
2939,12,Very Satisfied
2940,12,Mod. Satisfied
2941,19,Very Satisfied
2942,14,Very Satisfied
2943,12,Very Satisfied
2944,16,NA
2945,16,NA
2946,18,Very Satisfied
2947,20,Mod. Satisfied
2948,15,Mod. Satisfied
2949,14,Very Satisfied
2950,8,NA
2951,12,NA
2952,8,NA
2953,9,NA
2954,2,Mod. Satisfied
2955,2,Very Satisfied
2956,6,Very Satisfied
2957,4,NA
2958,12,Very Satisfied
2959,12,NA
2960,16,Very Satisfied
2961,14,NA
2962,12,NA
2963,11,NA
2964,12,Very Satisfied
2965,11,NA
2966,12,Mod. Satisfied
2967,11,Mod. Satisfied
2968,14,NA
2969,18,Very Satisfied
2970,17,Very Satisfied
2971,18,Very Satisfied
2972,20,Very Satisfied
2973,7,NA
2974,6,Mod. Satisfied
2975,4,Very Satisfied
2976,3,Very Satisfied
2977,4,NA
2978,13,NA
2979,12,Mod. Satisfied
2980,NA,Very Satisfied
2981,8,Mod. Satisfied
2982,13,Very Satisfied
2983,13,Mod. Satisfied
2984,10,Very Satisfied
2985,16,NA
2986,12,Very Satisfied
2987,8,NA
2988,12,Very Dissatisfied
2989,12,Very Satisfied
2990,12,Mod. Satisfied
2991,11,Very Satisfied
2992,12,Very Satisfied
2993,7,Mod. Satisfied
2994,10,Mod. Satisfied
2995,8,NA
2996,14,Very Satisfied
2997,8,NA
2998,11,Mod. Satisfied
2999,12,Very Dissatisfied
3000,12,Mod. Satisfied
3001,12,NA
3002,12,Mod. Satisfied
3003,9,Very Satisfied
3004,14,Very Satisfied
3005,6,NA
3006,10,NA
3007,12,Very Satisfied
3008,1,Mod. Satisfied
3009,16,NA
3010,8,Mod. Satisfied
3011,12,Very Satisfied
3012,8,Mod. Satisfied
3013,12,Very Satisfied
3014,8,NA
3015,12,Mod. Satisfied
3016,12,NA
3017,8,Very Satisfied
3018,12,NA
3019,12,Very Satisfied
3020,12,Mod. Satisfied
3021,16,Very Satisfied
3022,12,A Little Dissat
3023,12,Mod. Satisfied
3024,16,A Little Dissat
3025,16,Mod. Satisfied
3026,12,Very Satisfied
3027,10,Very Satisfied
3028,12,NA
3029,12,Very Satisfied
3030,12,NA
3031,12,A Little Dissat
3032,15,Very Satisfied
3033,2,Very Satisfied
3034,12,Mod. Satisfied
3035,12,Very Satisfied
3036,6,Mod. Satisfied
3037,12,Mod. Satisfied
3038,8,Mod. Satisfied
3039,16,Mod. Satisfied
3040,16,A Little Dissat
3041,8,Very Satisfied
3042,11,Mod. Satisfied
3043,16,Very Satisfied
3044,20,NA
3045,19,NA
3046,12,Very Satisfied
3047,17,Very Satisfied
3048,14,Very Satisfied
3049,11,NA
3050,5,Very Satisfied
3051,14,Very Satisfied
3052,8,Mod. Satisfied
3053,12,Mod. Satisfied
3054,11,Very Satisfied
3055,8,Mod. Satisfied
3056,5,NA
3057,10,NA
3058,17,Very Satisfied
3059,16,Very Satisfied
3060,18,Very Satisfied
3061,14,Very Satisfied
3062,12,A Little Dissat
3063,18,Mod. Satisfied
3064,13,Very Satisfied
3065,12,A Little Dissat
3066,16,Very Satisfied
3067,14,Very Satisfied
3068,15,Very Satisfied
3069,12,Mod. Satisfied
3070,12,Very Satisfied
3071,13,Very Satisfied
3072,14,Mod. Satisfied
3073,11,Mod. Satisfied
3074,8,Mod. Satisfied
3075,11,Mod. Satisfied
3076,15,Mod. Satisfied
3077,10,Mod. Satisfied
3078,15,NA
3079,14,Very Satisfied
3080,20,NA
3081,14,Mod. Satisfied
3082,16,NA
3083,15,NA
3084,12,Very Satisfied
3085,12,Mod. Satisfied
3086,17,Very Satisfied
3087,12,Very Dissatisfied
3088,12,Mod. Satisfied
3089,12,Mod. Satisfied
3090,8,Very Satisfied
3091,10,NA
3092,12,NA
3093,16,Very Satisfied
3094,NA,Mod. Satisfied
3095,12,Very Satisfied
3096,14,NA
3097,8,Mod. Satisfied
3098,11,Mod. Satisfied
3099,12,Very Satisfied
3100,11,NA
3101,17,Very Satisfied
3102,12,Very Satisfied
3103,12,NA
3104,13,NA
3105,16,A Little Dissat
3106,16,Mod. Satisfied
3107,12,NA
3108,13,A Little Dissat
3109,12,Very Satisfied
3110,14,Mod. Satisfied
3111,12,Mod. Satisfied
3112,16,Mod. Satisfied
3113,14,NA
3114,11,Very Satisfied
3115,16,Very Satisfied
3116,14,Very Satisfied
3117,16,Very Satisfied
3118,14,NA
3119,16,Very Satisfied
3120,10,Very Satisfied
3121,10,Very Satisfied
3122,12,Mod. Satisfied
3123,16,NA
3124,17,Very Satisfied
3125,10,NA
3126,12,Very Satisfied
3127,11,Very Satisfied
3128,6,NA
3129,5,NA
3130,11,A Little Dissat
3131,12,Very Satisfied
3132,14,Very Satisfied
3133,12,Mod. Satisfied
3134,8,NA
3135,0,NA
3136,8,NA
3137,10,NA
3138,8,Very Satisfied
3139,12,NA
3140,3,Mod. Satisfied
3141,8,NA
3142,3,Very Satisfied
3143,9,Very Satisfied
3144,15,Very Satisfied
3145,7,Very Satisfied
3146,12,Very Satisfied
3147,13,Mod. Satisfied
3148,12,Mod. Satisfied
3149,8,NA
3150,12,Very Dissatisfied
3151,8,Very Satisfied
3152,12,Very Satisfied
3153,10,Mod. Satisfied
3154,14,Very Satisfied
3155,12,Very Satisfied
3156,8,A Little Dissat
3157,16,Very Satisfied
3158,16,Very Satisfied
3159,17,Mod. Satisfied
3160,13,NA
3161,12,Mod. Satisfied
3162,12,Very Satisfied
3163,14,Very Dissatisfied
3164,13,NA
3165,10,NA
3166,8,Very Satisfied
3167,12,Very Satisfied
3168,14,Mod. Satisfied
3169,14,NA
3170,12,Very Satisfied
3171,14,Mod. Satisfied
3172,15,Mod. Satisfied
3173,14,NA
3174,5,NA
3175,8,Mod. Satisfied
3176,9,A Little Dissat
3177,14,Very Satisfied
3178,12,NA
3179,12,Very Satisfied
3180,13,NA
3181,12,Mod. Satisfied
3182,11,Mod. Satisfied
3183,16,NA
3184,17,Very Satisfied
3185,14,Very Satisfied
3186,16,Very Satisfied
3187,16,Very Satisfied
3188,11,NA
3189,12,Very Satisfied
3190,12,Mod. Satisfied
3191,12,Very Satisfied
3192,11,Very Satisfied
3193,12,NA
3194,12,Very Satisfied
3195,12,Mod. Satisfied
3196,8,Mod. Satisfied
3197,7,Very Satisfied
3198,11,NA
3199,12,Mod. Satisfied
3200,11,Very Satisfied
3201,12,Very Satisfied
3202,13,Very Satisfied
3203,20,Mod. Satisfied
3204,16,Very Satisfied
3205,9,A Little Dissat
3206,12,Very Satisfied
3207,16,Mod. Satisfied
3208,11,Mod. Satisfied
3209,4,NA
3210,9,Mod. Satisfied
3211,10,Mod. Satisfied
3212,14,Very Satisfied
3213,11,NA
3214,7,NA
3215,3,Very Satisfied
3216,10,A Little Dissat
3217,12,Mod. Satisfied
3218,16,NA
3219,10,NA
3220,15,Very Satisfied
3221,14,A Little Dissat
3222,12,Mod. Satisfied
3223,14,NA
3224,14,NA
3225,12,Very Satisfied
3226,12,NA
3227,16,Very Satisfied
3228,20,Very Satisfied
3229,16,Very Satisfied
3230,18,Very Dissatisfied
3231,12,Very Satisfied
3232,12,Mod. Satisfied
3233,12,Mod. Satisfied
3234,20,Very Satisfied
3235,12,Mod. Satisfied
3236,17,Mod. Satisfied
3237,12,Mod. Satisfied
3238,11,Mod. Satisfied
3239,12,Mod. Satisfied
3240,12,NA
3241,8,Mod. Satisfied
3242,12,Mod. Satisfied
3243,12,Mod. Satisfied
3244,16,Mod. Satisfied
3245,9,Very Dissatisfied
3246,11,Very Satisfied
3247,15,Very Dissatisfied
3248,11,A Little Dissat
3249,13,Very Satisfied
3250,8,Very Satisfied
3251,16,A Little Dissat
3252,13,Very Satisfied
3253,10,Mod. Satisfied
3254,12,Very Satisfied
3255,10,Mod. Satisfied
3256,12,A Little Dissat
3257,7,Mod. Satisfied
3258,8,Mod. Satisfied
3259,9,NA
3260,12,Very Dissatisfied
3261,12,Mod. Satisfied
3262,12,Mod. Satisfied
3263,16,Very Satisfied
3264,19,Very Satisfied
3265,18,Very Satisfied
3266,13,NA
3267,15,A Little Dissat
3268,11,Very Dissatisfied
3269,13,Mod. Satisfied
3270,20,Very Satisfied
3271,12,Very Satisfied
3272,13,Very Satisfied
3273,16,A Little Dissat
3274,12,Mod. Satisfied
3275,14,Very Satisfied
3276,16,Mod. Satisfied
3277,10,Mod. Satisfied
3278,13,NA
3279,8,Mod. Satisfied
3280,13,Mod. Satisfied
3281,12,Mod. Satisfied
3282,14,Very Satisfied
3283,12,NA
3284,7,NA
3285,9,NA
3286,11,Mod. Satisfied
3287,12,Very Satisfied
3288,13,A Little Dissat
3289,12,NA
3290,12,Very Satisfied
3291,11,Mod. Satisfied
3292,20,Very Dissatisfied
3293,20,Very Satisfied
3294,16,Very Satisfied
3295,15,NA
3296,13,Very Satisfied
3297,12,Mod. Satisfied
3298,14,Very Satisfied
3299,14,Mod. Satisfied
3300,10,Very Satisfied
3301,10,Mod. Satisfied
3302,12,Very Dissatisfied
3303,12,Mod. Satisfied
3304,10,NA
3305,12,Very Satisfied
3306,13,Mod. Satisfied
3307,15,Very Satisfied
3308,11,NA
3309,8,NA
3310,11,A Little Dissat
3311,10,NA
3312,15,Mod. Satisfied
3313,9,Mod. Satisfied
3314,16,Mod. Satisfied
3315,8,A Little Dissat
3316,13,Mod. Satisfied
3317,12,Mod. Satisfied
3318,11,NA
3319,12,Very Satisfied
3320,12,Very Satisfied
3321,15,NA
3322,8,Very Satisfied
3323,20,Very Satisfied
3324,10,Very Satisfied
3325,12,Very Satisfied
3326,16,Mod. Satisfied
3327,14,Mod. Satisfied
3328,6,NA
3329,11,NA
3330,16,Mod. Satisfied
3331,8,Very Satisfied
3332,12,Very Satisfied
3333,12,Very Satisfied
3334,8,NA
3335,8,NA
3336,10,Mod. Satisfied
3337,10,Very Satisfied
3338,16,Mod. Satisfied
3339,18,A Little Dissat
3340,12,Very Satisfied
3341,17,Mod. Satisfied
3342,12,Very Satisfied
3343,12,A Little Dissat
3344,12,NA
3345,7,NA
3346,13,NA
3347,16,Very Satisfied
3348,12,NA
3349,4,NA
3350,8,NA
3351,6,Very Satisfied
3352,11,Mod. Satisfied
3353,12,A Little Dissat
3354,13,NA
3355,12,NA
3356,10,NA
3357,12,Mod. Satisfied
3358,13,Very Satisfied
3359,11,Mod. Satisfied
3360,7,NA
3361,9,Mod. Satisfied
3362,16,NA
3363,20,NA
3364,17,Very Satisfied
3365,12,Very Satisfied
3366,16,Very Satisfied
3367,12,Mod. Satisfied
3368,8,Very Satisfied
3369,18,Very Satisfied
3370,13,A Little Dissat
3371,13,Very Satisfied
3372,10,Very Satisfied
3373,11,NA
3374,10,Very Dissatisfied
3375,9,Mod. Satisfied
3376,11,Very Satisfied
3377,12,Mod. Satisfied
3378,13,Very Satisfied
3379,8,NA
3380,8,Mod. Satisfied
3381,13,NA
3382,12,Very Satisfied
3383,7,Very Satisfied
3384,NA,A Little Dissat
3385,12,A Little Dissat
3386,12,A Little Dissat
3387,8,Very Satisfied
3388,11,Mod. Satisfied
3389,18,Very Satisfied
3390,12,Very Satisfied
3391,9,Mod. Satisfied
3392,12,Very Satisfied
3393,14,Very Satisfied
3394,15,Mod. Satisfied
3395,12,Mod. Satisfied
3396,12,Very Satisfied
3397,12,Mod. Satisfied
3398,0,Very Satisfied
3399,16,Very Satisfied
3400,9,Very Satisfied
3401,12,Very Dissatisfied
3402,12,A Little Dissat
3403,14,Very Satisfied
3404,11,Very Satisfied
3405,8,NA
3406,12,Mod. Satisfied
3407,12,Very Satisfied
3408,13,Mod. Satisfied
3409,12,A Little Dissat
3410,10,NA
3411,12,Mod. Satisfied
3412,14,Mod. Satisfied
3413,12,Very Satisfied
3414,12,Very Satisfied
3415,12,A Little Dissat
3416,17,Mod. Satisfied
3417,8,Mod. Satisfied
3418,19,Very Satisfied
3419,12,Mod. Satisfied
3420,15,NA
3421,13,Mod. Satisfied
3422,12,Very Satisfied
3423,12,Very Satisfied
3424,12,Mod. Satisfied
3425,12,Mod. Satisfied
3426,13,A Little Dissat
3427,12,Mod. Satisfied
3428,12,Very Satisfied
3429,12,Very Satisfied
3430,12,Very Satisfied
3431,12,Mod. Satisfied
3432,12,Very Satisfied
3433,12,Very Satisfied
3434,9,Mod. Satisfied
3435,16,Mod. Satisfied
3436,12,Mod. Satisfied
3437,13,Very Dissatisfied
3438,18,A Little Dissat
3439,15,Very Satisfied
3440,12,Mod. Satisfied
3441,16,Very Satisfied
3442,18,Mod. Satisfied
3443,14,Very Satisfied
3444,12,Very Satisfied
3445,13,A Little Dissat
3446,11,NA
3447,8,Very Satisfied
3448,6,Very Satisfied
3449,14,Mod. Satisfied
3450,15,Very Satisfied
3451,12,Very Satisfied
3452,3,NA
3453,6,NA
3454,7,Very Dissatisfied
3455,8,A Little Dissat
3456,14,Very Satisfied
3457,13,Very Satisfied
3458,12,NA
3459,8,Mod. Satisfied
3460,12,Very Satisfied
3461,12,Very Satisfied
3462,16,A Little Dissat
3463,16,Mod. Satisfied
3464,14,Mod. Satisfied
3465,14,Very Satisfied
3466,12,Very Satisfied
3467,12,Very Satisfied
3468,12,Very Satisfied
3469,12,Mod. Satisfied
3470,10,A Little Dissat
3471,13,Very Satisfied
3472,7,NA
3473,7,NA
3474,11,NA
3475,12,Very Satisfied
3476,13,Mod. Satisfied
3477,10,NA
3478,17,Very Dissatisfied
3479,18,Very Satisfied
3480,12,Very Satisfied
3481,11,Very Satisfied
3482,8,Very Satisfied
3483,5,Mod. Satisfied
3484,8,NA
3485,13,Very Satisfied
3486,12,Mod. Satisfied
3487,12,NA
3488,8,Mod. Satisfied
3489,12,Very Satisfied
3490,15,Very Satisfied
3491,12,Very Satisfied
3492,4,Mod. Satisfied
3493,6,Mod. Satisfied
3494,12,Mod. Satisfied
3495,18,Mod. Satisfied
3496,14,Very Satisfied
3497,10,NA
3498,15,NA
3499,11,Mod. Satisfied
3500,15,Very Satisfied
3501,14,Mod. Satisfied
3502,13,NA
3503,12,Mod. Satisfied
3504,13,Very Satisfied
3505,12,Very Satisfied
3506,17,Very Satisfied
3507,18,NA
3508,18,Very Satisfied
3509,12,Mod. Satisfied
3510,18,Very Satisfied
3511,10,A Little Dissat
3512,6,Mod. Satisfied
3513,6,NA
3514,7,Mod. Satisfied
3515,11,Mod. Satisfied
3516,4,NA
3517,13,Very Satisfied
3518,12,Very Satisfied
3519,10,Very Satisfied
3520,8,Mod. Satisfied
3521,16,Very Satisfied
3522,12,Very Satisfied
3523,19,NA
3524,12,Very Satisfied
3525,17,Very Satisfied
3526,9,Mod. Satisfied
3527,5,Mod. Satisfied
3528,8,Very Satisfied
3529,6,Very Dissatisfied
3530,5,Mod. Satisfied
3531,12,Mod. Satisfied
3532,8,NA
3533,8,Very Satisfied
3534,8,NA
3535,12,Very Satisfied
3536,14,Very Satisfied
3537,14,Very Satisfied
3538,5,NA
3539,12,Mod. Satisfied
3540,16,Very Satisfied
3541,18,Mod. Satisfied
3542,16,A Little Dissat
3543,14,A Little Dissat
3544,14,Very Satisfied
3545,17,Very Satisfied
3546,10,Very Satisfied
3547,10,Mod. Satisfied
3548,12,Very Satisfied
3549,12,Mod. Satisfied
3550,12,Very Satisfied
3551,14,NA
3552,16,NA
3553,16,Very Satisfied
3554,10,Very Satisfied
3555,10,Very Satisfied
3556,12,NA
3557,8,Mod. Satisfied
3558,12,Mod. Satisfied
3559,12,Very Satisfied
3560,13,Mod. Satisfied
3561,9,Mod. Satisfied
3562,12,Mod. Satisfied
3563,10,Very Dissatisfied
3564,12,Very Satisfied
3565,11,Very Satisfied
3566,16,Very Dissatisfied
3567,20,Mod. Satisfied
3568,5,Mod. Satisfied
3569,12,Mod. Satisfied
3570,14,Mod. Satisfied
3571,15,Mod. Satisfied
3572,16,NA
3573,10,NA
3574,12,A Little Dissat
3575,12,NA
3576,9,Very Satisfied
3577,16,Very Satisfied
3578,16,Very Satisfied
3579,16,Very Dissatisfied
3580,16,Mod. Satisfied
3581,16,NA
3582,12,NA
3583,12,Mod. Satisfied
3584,12,Mod. Satisfied
3585,9,Mod. Satisfied
3586,13,Mod. Satisfied
3587,16,Very Satisfied
3588,11,Very Satisfied
3589,10,Mod. Satisfied
3590,11,Very Satisfied
3591,14,Mod. Satisfied
3592,12,Mod. Satisfied
3593,12,Very Satisfied
3594,12,A Little Dissat
3595,11,Very Satisfied
3596,12,Very Satisfied
3597,10,Mod. Satisfied
3598,10,Very Satisfied
3599,11,Very Satisfied
3600,13,Mod. Satisfied
3601,13,Mod. Satisfied
3602,13,Mod. Satisfied
3603,13,NA
3604,12,Mod. Satisfied
3605,12,Very Satisfied
3606,15,Very Satisfied
3607,12,Mod. Satisfied
3608,15,Very Satisfied
3609,12,Mod. Satisfied
3610,13,Mod. Satisfied
3611,12,A Little Dissat
3612,11,A Little Dissat
3613,13,Mod. Satisfied
3614,15,NA
3615,10,NA
3616,12,Mod. Satisfied
3617,12,A Little Dissat
3618,9,NA
3619,8,Mod. Satisfied
3620,11,Very Satisfied
3621,11,Very Satisfied
3622,12,Very Satisfied
3623,12,Very Satisfied
3624,12,Very Satisfied
3625,10,Mod. Satisfied
3626,12,Very Satisfied
3627,13,A Little Dissat
3628,12,Very Satisfied
3629,13,NA
3630,12,Mod. Satisfied
3631,12,Very Satisfied
3632,14,Very Satisfied
3633,8,Mod. Satisfied
3634,8,Mod. Satisfied
3635,12,NA
3636,16,Very Satisfied
3637,20,Mod. Satisfied
3638,10,Mod. Satisfied
3639,9,Very Satisfied
3640,12,Mod. Satisfied
3641,12,Mod. Satisfied
3642,12,Very Dissatisfied
3643,5,Mod. Satisfied
3644,9,NA
3645,10,NA
3646,9,Mod. Satisfied
3647,13,Very Satisfied
3648,10,NA
3649,12,Very Satisfied
3650,12,Very Satisfied
3651,14,Mod. Satisfied
3652,12,Mod. Satisfied
3653,16,Very Satisfied
3654,16,Very Satisfied
3655,14,Very Satisfied
3656,16,Very Satisfied
3657,12,NA
3658,9,Very Satisfied
3659,15,Very Satisfied
3660,13,A Little Dissat
3661,12,Mod. Satisfied
3662,13,Mod. Satisfied
3663,14,NA
3664,16,A Little Dissat
3665,12,Very Satisfied
3666,12,Very Satisfied
3667,12,Very Satisfied
3668,7,Very Satisfied
3669,18,Mod. Satisfied
3670,9,Very Satisfied
3671,12,Very Satisfied
3672,17,Very Dissatisfied
3673,9,Mod. Satisfied
3674,14,Mod. Satisfied
3675,16,Very Satisfied
3676,16,Very Satisfied
3677,14,Very Satisfied
3678,10,Mod. Satisfied
3679,13,Very Satisfied
3680,15,Very Dissatisfied
3681,19,Very Satisfied
3682,8,Very Satisfied
3683,9,Very Dissatisfied
3684,8,Very Satisfied
3685,5,Very Satisfied
3686,12,NA
3687,12,Very Satisfied
3688,7,Very Satisfied
3689,14,Very Satisfied
3690,13,NA
3691,15,Very Satisfied
3692,12,Mod. Satisfied
3693,14,Very Satisfied
3694,12,Very Satisfied
3695,14,Mod. Satisfied
3696,14,Very Satisfied
3697,10,A Little Dissat
3698,5,NA
3699,12,Mod. Satisfied
3700,17,NA
3701,12,Very Satisfied
3702,10,NA
3703,13,Mod. Satisfied
3704,12,Very Satisfied
3705,12,Mod. Satisfied
3706,8,Very Satisfied
3707,12,Mod. Satisfied
3708,12,Mod. Satisfied
3709,18,Very Satisfied
3710,16,A Little Dissat
3711,3,NA
3712,14,Very Satisfied
3713,14,NA
3714,12,Mod. Satisfied
3715,8,A Little Dissat
3716,12,Mod. Satisfied
3717,12,A Little Dissat
3718,12,Mod. Satisfied
3719,12,Very Satisfied
3720,8,Very Satisfied
3721,15,A Little Dissat
3722,12,Very Satisfied
3723,12,Very Satisfied
3724,9,Very Satisfied
3725,9,NA
3726,10,Mod. Satisfied
3727,9,NA
3728,12,NA
3729,12,Very Satisfied
3730,8,NA
3731,12,Very Satisfied
3732,12,NA
3733,8,Mod. Satisfied
3734,12,Mod. Satisfied
3735,8,NA
3736,12,Very Satisfied
3737,12,Very Satisfied
3738,12,Mod. Satisfied
3739,11,Mod. Satisfied
3740,7,Mod. Satisfied
3741,9,Very Satisfied
3742,11,Mod. Satisfied
3743,12,A Little Dissat
3744,13,Very Satisfied
3745,9,A Little Dissat
3746,12,Very Satisfied
3747,8,Mod. Satisfied
3748,12,Mod. Satisfied
3749,12,Mod. Satisfied
3750,12,Mod. Satisfied
3751,13,Very Satisfied
3752,12,Very Satisfied
3753,12,Mod. Satisfied
3754,11,Very Satisfied
3755,14,NA
3756,8,NA
3757,8,Mod. Satisfied
3758,12,Very Dissatisfied
3759,13,Mod. Satisfied
3760,16,NA
3761,16,Very Satisfied
3762,15,Very Satisfied
3763,14,Very Satisfied
3764,15,Very Satisfied
3765,12,Very Satisfied
3766,10,Mod. Satisfied
3767,12,Very Satisfied
3768,12,Very Satisfied
3769,12,Very Satisfied
3770,12,Mod. Satisfied
3771,12,NA
3772,10,Very Satisfied
3773,12,Very Satisfied
3774,8,Very Satisfied
3775,12,Very Dissatisfied
3776,8,A Little Dissat
3777,12,Mod. Satisfied
3778,8,NA
3779,11,Mod. Satisfied
3780,12,Mod. Satisfied
3781,16,Very Satisfied
3782,10,Very Satisfied
3783,8,Very Dissatisfied
3784,6,NA
3785,8,Mod. Satisfied
3786,13,Mod. Satisfied
3787,12,Very Satisfied
3788,20,Mod. Satisfied
3789,12,Very Dissatisfied
3790,14,Very Dissatisfied
3791,14,Very Satisfied
3792,13,A Little Dissat
3793,6,NA
3794,0,Mod. Satisfied
3795,8,NA
3796,15,Very Satisfied
3797,9,Very Satisfied
3798,10,NA
3799,12,Very Satisfied
3800,10,Very Satisfied
3801,12,Mod. Satisfied
3802,17,A Little Dissat
3803,0,NA
3804,8,Mod. Satisfied
3805,11,Very Satisfied
3806,12,Very Satisfied
3807,16,Mod. Satisfied
3808,17,Mod. Satisfied
3809,12,Mod. Satisfied
3810,12,NA
3811,8,NA
3812,12,Mod. Satisfied
3813,8,Mod. Satisfied
3814,8,Mod. Satisfied
3815,8,Mod. Satisfied
3816,10,A Little Dissat
3817,14,A Little Dissat
3818,8,NA
3819,5,Very Satisfied
3820,8,Mod. Satisfied
3821,12,Mod. Satisfied
3822,16,Very Satisfied
3823,17,Very Satisfied
3824,12,Very Satisfied
3825,11,Very Satisfied
3826,8,Very Satisfied
3827,8,NA
3828,10,NA
3829,12,NA
3830,10,NA
3831,12,A Little Dissat
3832,17,Very Satisfied
3833,12,Mod. Satisfied
3834,10,Very Satisfied
3835,17,Very Satisfied
3836,8,Very Satisfied
3837,8,A Little Dissat
3838,10,Mod. Satisfied
3839,10,Very Dissatisfied
3840,12,Mod. Satisfied
3841,13,Mod. Satisfied
3842,13,NA
3843,12,Mod. Satisfied
3844,14,Mod. Satisfied
3845,10,Very Satisfied
3846,12,Very Satisfied
3847,16,Very Satisfied
3848,12,Very Satisfied
3849,12,A Little Dissat
3850,12,Very Satisfied
3851,12,A Little Dissat
3852,8,Very Satisfied
3853,12,Mod. Satisfied
3854,12,A Little Dissat
3855,11,NA
3856,8,A Little Dissat
3857,9,Mod. Satisfied
3858,12,Very Satisfied
3859,12,Very Satisfied
3860,14,Very Satisfied
3861,12,Very Satisfied
3862,12,A Little Dissat
3863,14,Very Satisfied
3864,12,Mod. Satisfied
3865,12,Very Satisfied
3866,14,Very Satisfied
3867,13,Mod. Satisfied
3868,8,Mod. Satisfied
3869,16,Mod. Satisfied
3870,12,Mod. Satisfied
3871,16,Mod. Satisfied
3872,15,Very Satisfied
3873,11,Mod. Satisfied
3874,8,Very Satisfied
3875,12,NA
3876,16,Very Satisfied
3877,13,Very Satisfied
3878,8,NA
3879,8,Mod. Satisfied
3880,12,Mod. Satisfied
3881,10,Very Satisfied
3882,11,A Little Dissat
3883,10,Very Satisfied
3884,10,NA
3885,12,A Little Dissat
3886,12,Mod. Satisfied
3887,12,Mod. Satisfied
3888,16,Mod. Satisfied
3889,14,Very Satisfied
3890,12,Very Dissatisfied
3891,12,Mod. Satisfied
3892,19,Mod. Satisfied
3893,14,Very Satisfied
3894,18,NA
3895,12,NA
3896,17,Very Satisfied
3897,14,Very Satisfied
3898,14,Very Satisfied
3899,14,Mod. Satisfied
3900,14,Very Satisfied
3901,12,A Little Dissat
3902,17,NA
3903,14,Mod. Satisfied
3904,16,A Little Dissat
3905,15,Mod. Satisfied
3906,12,Mod. Satisfied
3907,12,NA
3908,16,A Little Dissat
3909,18,Very Satisfied
3910,16,Very Dissatisfied
3911,16,Mod. Satisfied
3912,12,Mod. Satisfied
3913,16,Mod. Satisfied
3914,10,Very Satisfied
3915,10,Very Satisfied
3916,12,Mod. Satisfied
3917,12,Very Satisfied
3918,14,NA
3919,13,Mod. Satisfied
3920,16,Very Satisfied
3921,8,Mod. Satisfied
3922,11,Very Satisfied
3923,18,Mod. Satisfied
3924,14,Very Satisfied
3925,12,A Little Dissat
3926,12,Mod. Satisfied
3927,10,A Little Dissat
3928,8,A Little Dissat
3929,12,Mod. Satisfied
3930,9,Mod. Satisfied
3931,12,Mod. Satisfied
3932,12,A Little Dissat
3933,10,Very Satisfied
3934,12,Mod. Satisfied
3935,12,Very Satisfied
3936,6,Very Satisfied
3937,13,NA
3938,12,Very Dissatisfied
3939,9,Very Satisfied
3940,12,Mod. Satisfied
3941,12,Very Satisfied
3942,12,Mod. Satisfied
3943,12,Mod. Satisfied
3944,12,Mod. Satisfied
3945,10,A Little Dissat
3946,10,Mod. Satisfied
3947,14,NA
3948,16,Very Satisfied
3949,12,Mod. Satisfied
3950,12,Mod. Satisfied
3951,12,Mod. Satisfied
3952,14,Very Satisfied
3953,7,Very Satisfied
3954,13,Very Satisfied
3955,12,NA
3956,12,Very Satisfied
3957,13,NA
3958,10,NA
3959,12,Very Satisfied
3960,12,Mod. Satisfied
3961,10,Mod. Satisfied
3962,10,Mod. Satisfied
3963,7,A Little Dissat
3964,10,Very Satisfied
3965,12,Very Satisfied
3966,11,Mod. Satisfied
3967,12,Very Satisfied
3968,16,A Little Dissat
3969,12,Mod. Satisfied
3970,12,Very Satisfied
3971,10,Mod. Satisfied
3972,12,Very Satisfied
3973,12,Mod. Satisfied
3974,12,A Little Dissat
3975,11,Mod. Satisfied
3976,12,Mod. Satisfied
3977,16,Very Satisfied
3978,19,Mod. Satisfied
3979,17,A Little Dissat
3980,13,Mod. Satisfied
3981,13,A Little Dissat
3982,17,NA
3983,18,Very Satisfied
3984,14,Mod. Satisfied
3985,12,Very Satisfied
3986,18,Very Satisfied
3987,12,Mod. Satisfied
3988,16,NA
3989,16,Mod. Satisfied
3990,15,A Little Dissat
3991,14,A Little Dissat
3992,10,NA
3993,9,Mod. Satisfied
3994,18,Mod. Satisfied
3995,8,Mod. Satisfied
3996,14,Very Satisfied
3997,16,Very Satisfied
3998,10,Mod. Satisfied
3999,16,Mod. Satisfied
4000,16,Very Satisfied
4001,16,Very Dissatisfied
4002,3,NA
4003,14,Mod. Satisfied
4004,12,Very Satisfied
4005,12,Very Satisfied
4006,12,Very Satisfied
4007,12,NA
4008,14,Mod. Satisfied
4009,12,Very Satisfied
4010,12,NA
4011,12,Mod. Satisfied
4012,14,Mod. Satisfied
4013,10,Very Satisfied
4014,12,Mod. Satisfied
4015,16,Very Satisfied
4016,13,Very Satisfied
4017,16,A Little Dissat
4018,16,Very Satisfied
4019,16,Very Satisfied
4020,12,Mod. Satisfied
4021,16,Mod. Satisfied
4022,1,NA
4023,10,Mod. Satisfied
4024,5,NA
4025,12,Very Satisfied
4026,12,Very Satisfied
4027,10,Mod. Satisfied
4028,12,Mod. Satisfied
4029,14,Very Satisfied
4030,12,Very Satisfied
4031,9,A Little Dissat
4032,14,NA
4033,16,Mod. Satisfied
4034,16,NA
4035,15,NA
4036,14,Mod. Satisfied
4037,16,Very Satisfied
4038,18,Very Satisfied
4039,16,Mod. Satisfied
4040,10,Very Satisfied
4041,16,Mod. Satisfied
4042,11,Mod. Satisfied
4043,6,Very Satisfied
4044,11,Very Satisfied
4045,9,Very Satisfied
4046,8,Mod. Satisfied
4047,12,Mod. Satisfied
4048,7,NA
4049,10,A Little Dissat
4050,11,A Little Dissat
4051,12,A Little Dissat
4052,8,Very Satisfied
4053,20,Very Satisfied
4054,6,Very Satisfied
4055,12,A Little Dissat
4056,4,Very Satisfied
4057,12,Very Satisfied
4058,7,Mod. Satisfied
4059,17,Mod. Satisfied
4060,10,Mod. Satisfied
4061,4,Mod. Satisfied
4062,12,Very Satisfied
4063,11,Very Satisfied
4064,11,Very Dissatisfied
4065,9,Very Satisfied
4066,10,Very Satisfied
4067,12,Very Satisfied
4068,7,NA
4069,3,Very Satisfied
4070,9,Mod. Satisfied
4071,12,Very Satisfied
4072,12,Mod. Satisfied
4073,9,Very Satisfied
4074,11,A Little Dissat
4075,11,Very Satisfied
4076,12,Mod. Satisfied
4077,12,Mod. Satisfied
4078,7,Very Satisfied
4079,8,Very Satisfied
4080,7,Very Satisfied
4081,8,Mod. Satisfied
4082,12,Very Satisfied
4083,12,Very Satisfied
4084,14,Mod. Satisfied
4085,12,Very Satisfied
4086,12,Mod. Satisfied
4087,15,NA
4088,14,NA
4089,12,NA
4090,13,Very Satisfied
4091,16,A Little Dissat
4092,13,Very Dissatisfied
4093,18,Very Satisfied
4094,12,A Little Dissat
4095,10,Mod. Satisfied
4096,12,Very Satisfied
4097,12,A Little Dissat
4098,11,Mod. Satisfied
4099,9,NA
4100,13,NA
4101,10,A Little Dissat
4102,12,Very Satisfied
4103,10,NA
4104,11,Very Satisfied
4105,12,Mod. Satisfied
4106,12,Mod. Satisfied
4107,12,Very Satisfied
4108,17,NA
4109,12,Very Satisfied
4110,16,Mod. Satisfied
4111,12,Mod. Satisfied
4112,12,Mod. Satisfied
4113,12,Very Satisfied
4114,12,Very Satisfied
4115,11,Very Satisfied
4116,16,Very Satisfied
4117,15,Mod. Satisfied
4118,8,A Little Dissat
4119,12,A Little Dissat
4120,12,Mod. Satisfied
4121,10,Mod. Satisfied
4122,12,A Little Dissat
4123,15,NA
4124,7,NA
4125,14,A Little Dissat
4126,12,Very Satisfied
4127,12,NA
4128,9,Mod. Satisfied
4129,6,Very Satisfied
4130,12,NA
4131,8,Mod. Satisfied
4132,12,Mod. Satisfied
4133,7,NA
4134,5,NA
4135,8,NA
4136,8,NA
4137,13,NA
4138,19,Very Satisfied
4139,13,Mod. Satisfied
4140,12,Very Dissatisfied
4141,16,Mod. Satisfied
4142,12,Mod. Satisfied
4143,8,Very Satisfied
4144,9,NA
4145,5,Very Satisfied
4146,11,Very Satisfied
4147,15,Very Satisfied
4148,14,NA
4149,16,Very Satisfied
4150,7,Mod. Satisfied
4151,12,Very Satisfied
4152,11,NA
4153,9,Mod. Satisfied
4154,12,Very Satisfied
4155,12,Very Satisfied
4156,12,Very Satisfied
4157,12,Very Satisfied
4158,18,Very Satisfied
4159,12,A Little Dissat
4160,17,Mod. Satisfied
4161,18,Very Satisfied
4162,16,Very Satisfied
4163,12,Mod. Satisfied
4164,12,Mod. Satisfied
4165,6,Mod. Satisfied
4166,17,Very Satisfied
4167,8,NA
4168,8,Very Satisfied
4169,12,Very Satisfied
4170,12,NA
4171,17,Mod. Satisfied
4172,6,NA
4173,11,NA
4174,11,Mod. Satisfied
4175,8,NA
4176,12,Mod. Satisfied
4177,11,Mod. Satisfied
4178,12,Very Satisfied
4179,6,Very Dissatisfied
4180,12,Mod. Satisfied
4181,20,Very Satisfied
4182,9,A Little Dissat
4183,11,Mod. Satisfied
4184,13,Very Satisfied
4185,8,NA
4186,10,Very Satisfied
4187,17,Mod. Satisfied
4188,12,Mod. Satisfied
4189,13,NA
4190,12,Mod. Satisfied
4191,12,Very Satisfied
4192,13,A Little Dissat
4193,8,A Little Dissat
4194,12,Mod. Satisfied
4195,12,A Little Dissat
4196,12,A Little Dissat
4197,12,Mod. Satisfied
4198,13,Very Satisfied
4199,11,NA
4200,15,Very Satisfied
4201,12,Very Satisfied
4202,12,Mod. Satisfied
4203,15,A Little Dissat
4204,16,Mod. Satisfied
4205,12,Very Satisfied
4206,9,A Little Dissat
4207,7,Mod. Satisfied
4208,7,NA
4209,12,Very Satisfied
4210,7,Mod. Satisfied
4211,10,Mod. Satisfied
4212,12,Mod. Satisfied
4213,12,Very Satisfied
4214,7,Very Satisfied
4215,11,Very Satisfied
4216,12,Very Satisfied
4217,12,Mod. Satisfied
4218,17,Mod. Satisfied
4219,16,NA
4220,13,Mod. Satisfied
4221,16,Very Satisfied
4222,13,NA
4223,8,NA
4224,8,Very Dissatisfied
4225,12,Very Satisfied
4226,7,Very Satisfied
4227,8,NA
4228,16,Very Satisfied
4229,12,Very Satisfied
4230,14,Very Satisfied
4231,12,Mod. Satisfied
4232,16,Mod. Satisfied
4233,8,NA
4234,8,Mod. Satisfied
4235,6,NA
4236,12,Mod. Satisfied
4237,13,NA
4238,13,Very Satisfied
4239,11,Very Satisfied
4240,16,Very Satisfied
4241,12,Very Satisfied
4242,20,Very Satisfied
4243,14,Very Satisfied
4244,12,Very Dissatisfied
4245,8,Mod. Satisfied
4246,13,Mod. Satisfied
4247,16,Mod. Satisfied
4248,19,Very Satisfied
4249,20,Very Satisfied
4250,12,NA
4251,16,Mod. Satisfied
4252,11,Very Satisfied
4253,8,Very Satisfied
4254,11,Mod. Satisfied
4255,16,Mod. Satisfied
4256,12,Mod. Satisfied
4257,16,Mod. Satisfied
4258,15,Mod. Satisfied
4259,8,Very Dissatisfied
4260,16,NA
4261,16,Very Satisfied
4262,11,Mod. Satisfied
4263,14,Very Satisfied
4264,4,Mod. Satisfied
4265,10,Very Satisfied
4266,12,Very Satisfied
4267,8,Very Satisfied
4268,10,Mod. Satisfied
4269,12,Very Satisfied
4270,10,Mod. Satisfied
4271,12,Mod. Satisfied
4272,12,Very Satisfied
4273,14,Very Satisfied
4274,12,Mod. Satisfied
4275,18,NA
4276,12,Very Satisfied
4277,14,Mod. Satisfied
4278,16,Mod. Satisfied
4279,12,Very Satisfied
4280,12,Very Satisfied
4281,12,Very Satisfied
4282,13,Very Satisfied
4283,12,Very Satisfied
4284,10,NA
4285,18,Very Satisfied
4286,12,Very Dissatisfied
4287,12,Mod. Satisfied
4288,12,NA
4289,9,Very Satisfied
4290,12,A Little Dissat
4291,16,Very Satisfied
4292,8,Very Satisfied
4293,17,NA
4294,8,Very Satisfied
4295,12,Mod. Satisfied
4296,17,Mod. Satisfied
4297,10,Very Satisfied
4298,11,Very Satisfied
4299,16,Very Dissatisfied
4300,12,Very Satisfied
4301,15,Very Satisfied
4302,16,Mod. Satisfied
4303,10,NA
4304,20,Very Satisfied
4305,16,NA
4306,13,NA
4307,12,Very Satisfied
4308,5,NA
4309,7,Very Dissatisfied
4310,12,Very Satisfied
4311,14,Very Satisfied
4312,12,Very Satisfied
4313,6,A Little Dissat
4314,11,Mod. Satisfied
4315,7,Very Satisfied
4316,12,Very Satisfied
4317,16,Very Satisfied
4318,14,Very Satisfied
4319,16,NA
4320,12,Very Satisfied
4321,16,Very Satisfied
4322,17,Very Satisfied
4323,12,Very Satisfied
4324,12,Very Satisfied
4325,16,Mod. Satisfied
4326,12,Very Satisfied
4327,8,Very Satisfied
4328,16,Mod. Satisfied
4329,4,Very Satisfied
4330,11,A Little Dissat
4331,10,Very Satisfied
4332,11,NA
4333,8,NA
4334,8,Very Dissatisfied
4335,12,NA
4336,10,Mod. Satisfied
4337,15,Very Satisfied
4338,8,Mod. Satisfied
4339,12,Mod. Satisfied
4340,7,Very Satisfied
4341,12,Very Satisfied
4342,10,Mod. Satisfied
4343,13,Very Satisfied
4344,8,Mod. Satisfied
4345,10,Very Satisfied
4346,12,Mod. Satisfied
4347,17,Very Satisfied
4348,12,Very Satisfied
4349,12,Mod. Satisfied
4350,12,Mod. Satisfied
4351,12,Mod. Satisfied
4352,11,NA
4353,12,Very Satisfied
4354,17,NA
4355,16,A Little Dissat
4356,16,NA
4357,10,A Little Dissat
4358,17,Very Satisfied
4359,12,Mod. Satisfied
4360,14,A Little Dissat
4361,12,Very Satisfied
4362,9,Very Satisfied
4363,12,Very Dissatisfied
4364,13,NA
4365,17,Very Satisfied
4366,16,Mod. Satisfied
4367,13,NA
4368,11,Very Satisfied
4369,18,NA
4370,14,Very Satisfied
4371,12,Very Satisfied
4372,13,Very Satisfied
4373,14,Very Satisfied
4374,14,NA
4375,12,Very Satisfied
4376,13,Very Satisfied
4377,12,A Little Dissat
4378,16,Very Dissatisfied
4379,13,Very Satisfied
4380,12,Mod. Satisfied
4381,13,Mod. Satisfied
4382,13,Mod. Satisfied
4383,14,NA
4384,12,Very Satisfied
4385,11,Very Satisfied
4386,14,Mod. Satisfied
4387,12,A Little Dissat
4388,9,Very Dissatisfied
4389,12,Very Dissatisfied
4390,5,Mod. Satisfied
4391,12,Very Satisfied
4392,13,Mod. Satisfied
4393,7,Very Satisfied
4394,12,Very Satisfied
4395,12,Very Satisfied
4396,12,Very Satisfied
4397,14,Mod. Satisfied
4398,6,Very Satisfied
4399,3,Very Satisfied
4400,14,Very Satisfied
4401,0,Very Satisfied
4402,9,Very Satisfied
4403,14,Very Satisfied
4404,10,Mod. Satisfied
4405,12,Mod. Satisfied
4406,16,Mod. Satisfied
4407,12,Very Dissatisfied
4408,14,Mod. Satisfied
4409,9,Very Satisfied
4410,12,NA
4411,13,Very Satisfied
4412,6,NA
4413,6,A Little Dissat
4414,8,NA
4415,9,Very Dissatisfied
4416,14,Very Satisfied
4417,16,Mod. Satisfied
4418,9,NA
4419,7,Mod. Satisfied
4420,12,A Little Dissat
4421,10,A Little Dissat
4422,17,Very Satisfied
4423,14,Mod. Satisfied
4424,19,Very Satisfied
4425,11,Mod. Satisfied
4426,12,Very Satisfied
4427,6,A Little Dissat
4428,4,NA
4429,12,Mod. Satisfied
4430,6,Very Satisfied
4431,7,Mod. Satisfied
4432,3,NA
4433,4,NA
4434,4,A Little Dissat
4435,6,A Little Dissat
4436,12,Very Satisfied
4437,14,Very Satisfied
4438,7,NA
4439,9,Mod. Satisfied
4440,7,Very Satisfied
4441,10,Very Dissatisfied
4442,11,Mod. Satisfied
4443,7,NA
4444,2,Very Satisfied
4445,10,A Little Dissat
4446,7,Very Satisfied
4447,12,A Little Dissat
4448,7,Very Satisfied
4449,10,Very Satisfied
4450,11,Mod. Satisfied
4451,12,Very Satisfied
4452,13,Very Satisfied
4453,12,A Little Dissat
4454,14,A Little Dissat
4455,12,Mod. Satisfied
4456,12,Mod. Satisfied
4457,14,NA
4458,13,Very Satisfied
4459,10,Very Satisfied
4460,11,Very Dissatisfied
4461,12,Mod. Satisfied
4462,11,Mod. Satisfied
4463,12,Very Dissatisfied
4464,4,Very Satisfied
4465,7,Very Satisfied
4466,13,Very Dissatisfied
4467,14,Very Satisfied
4468,6,NA
4469,16,Very Satisfied
4470,13,Very Satisfied
4471,8,Mod. Satisfied
4472,12,Very Satisfied
4473,11,NA
4474,4,Very Satisfied
4475,11,Mod. Satisfied
4476,9,Mod. Satisfied
4477,12,Very Satisfied
4478,12,Very Satisfied
4479,10,Very Satisfied
4480,12,Mod. Satisfied
4481,15,Very Satisfied
4482,12,Very Dissatisfied
4483,12,NA
4484,8,NA
4485,13,Very Satisfied
4486,15,Very Satisfied
4487,8,Very Satisfied
4488,12,Very Satisfied
4489,12,NA
4490,12,Very Satisfied
4491,13,Very Satisfied
4492,12,NA
4493,9,Mod. Satisfied
4494,7,Mod. Satisfied
4495,9,Very Dissatisfied
4496,6,Mod. Satisfied
4497,8,NA
4498,0,NA
4499,8,NA
4500,6,Mod. Satisfied
4501,13,Mod. Satisfied
4502,14,NA
4503,12,NA
4504,12,Very Satisfied
4505,13,A Little Dissat
4506,17,Very Satisfied
4507,13,Very Satisfied
4508,8,NA
4509,12,Very Satisfied
4510,9,Mod. Satisfied
4511,12,Very Satisfied
4512,12,Mod. Satisfied
4513,12,Very Satisfied
4514,7,NA
4515,12,Mod. Satisfied
4516,8,Very Satisfied
4517,16,Very Dissatisfied
4518,12,Mod. Satisfied
4519,12,NA
4520,NA,NA
4521,6,Mod. Satisfied
4522,11,Very Satisfied
4523,8,NA
4524,11,Very Satisfied
4525,8,NA
4526,11,Very Satisfied
4527,12,Very Satisfied
4528,NA,Very Satisfied
4529,8,Very Satisfied
4530,17,Very Satisfied
4531,14,Very Satisfied
4532,14,Mod. Satisfied
4533,8,NA
4534,16,NA
4535,16,NA
4536,12,Mod. Satisfied
4537,12,Very Satisfied
4538,8,Mod. Satisfied
4539,10,Very Satisfied
4540,12,Mod. Satisfied
4541,14,Mod. Satisfied
4542,16,Mod. Satisfied
4543,7,NA
4544,12,NA
4545,12,Very Satisfied
4546,12,Mod. Satisfied
4547,8,NA
4548,8,NA
4549,12,Very Satisfied
4550,11,Mod. Satisfied
4551,16,Mod. Satisfied
4552,12,Mod. Satisfied
4553,8,NA
4554,12,Mod. Satisfied
4555,12,Mod. Satisfied
4556,12,Mod. Satisfied
4557,14,NA
4558,12,Very Satisfied
4559,12,Mod. Satisfied
4560,5,Mod. Satisfied
4561,12,Very Dissatisfied
4562,12,A Little Dissat
4563,12,Very Satisfied
4564,8,NA
4565,8,Very Satisfied
4566,12,Very Satisfied
4567,8,Mod. Satisfied
4568,8,Very Satisfied
4569,8,Mod. Satisfied
4570,12,Very Satisfied
4571,10,Mod. Satisfied
4572,20,Very Satisfied
4573,9,NA
4574,12,Very Satisfied
4575,12,Very Satisfied
4576,13,Mod. Satisfied
4577,12,Mod. Satisfied
4578,12,Mod. Satisfied
4579,12,Mod. Satisfied
4580,16,Very Satisfied
4581,12,Mod. Satisfied
4582,16,Very Satisfied
4583,8,Mod. Satisfied
4584,12,Very Satisfied
4585,12,Very Satisfied
4586,12,Very Satisfied
4587,12,Very Satisfied
4588,9,Very Satisfied
4589,12,Very Satisfied
4590,12,A Little Dissat
4591,12,Very Satisfied
4592,12,A Little Dissat
4593,12,Very Satisfied
4594,15,Very Satisfied
4595,8,Mod. Satisfied
4596,13,Mod. Satisfied
4597,9,Mod. Satisfied
4598,9,Very Satisfied
4599,12,Mod. Satisfied
4600,12,Mod. Satisfied
4601,12,Very Satisfied
4602,12,NA
4603,13,NA
4604,7,Very Satisfied
4605,12,A Little Dissat
4606,18,Very Satisfied
4607,17,Mod. Satisfied
4608,10,Very Satisfied
4609,8,Very Satisfied
4610,8,Mod. Satisfied
4611,17,Very Satisfied
4612,16,Very Satisfied
4613,9,Very Satisfied
4614,10,Mod. Satisfied
4615,16,Very Satisfied
4616,19,Very Satisfied
4617,11,Very Satisfied
4618,14,Very Satisfied
4619,10,Mod. Satisfied
4620,12,A Little Dissat
4621,14,Very Satisfied
4622,11,NA
4623,12,Very Satisfied
4624,12,Very Satisfied
4625,12,Mod. Satisfied
4626,10,A Little Dissat
4627,8,Mod. Satisfied
4628,8,Mod. Satisfied
4629,17,Very Satisfied
4630,12,Very Satisfied
4631,20,Very Satisfied
4632,14,Mod. Satisfied
4633,18,Mod. Satisfied
4634,13,Very Satisfied
4635,9,Very Dissatisfied
4636,12,A Little Dissat
4637,5,A Little Dissat
4638,14,Mod. Satisfied
4639,12,Mod. Satisfied
4640,12,Very Satisfied
4641,12,Mod. Satisfied
4642,11,Mod. Satisfied
4643,9,Very Satisfied
4644,12,Very Satisfied
4645,13,NA
4646,12,Mod. Satisfied
4647,12,Very Satisfied
4648,8,NA
4649,12,Mod. Satisfied
4650,10,Mod. Satisfied
4651,8,NA
4652,8,NA
4653,14,NA
4654,11,Very Satisfied
4655,6,NA
4656,16,NA
4657,13,Very Satisfied
4658,16,Very Satisfied
4659,12,Very Satisfied
4660,16,NA
4661,14,Very Satisfied
4662,17,Mod. Satisfied
4663,12,Mod. Satisfied
4664,7,NA
4665,9,NA
4666,12,Very Dissatisfied
4667,6,NA
4668,12,Very Satisfied
4669,12,A Little Dissat
4670,12,A Little Dissat
4671,13,Very Satisfied
4672,14,Very Satisfied
4673,16,Very Satisfied
4674,16,Very Satisfied
4675,16,Very Satisfied
4676,12,Very Satisfied
4677,9,A Little Dissat
4678,16,Mod. Satisfied
4679,7,Very Satisfied
4680,12,Very Satisfied
4681,14,Very Satisfied
4682,6,NA
4683,16,Very Satisfied
4684,8,NA
4685,11,Very Dissatisfied
4686,12,Mod. Satisfied
4687,12,A Little Dissat
4688,8,Very Satisfied
4689,12,Mod. Satisfied
4690,12,Very Satisfied
4691,12,Mod. Satisfied
4692,13,Very Satisfied
4693,12,Very Satisfied
4694,5,Very Satisfied
4695,12,Very Satisfied
4696,15,NA
4697,10,Very Satisfied
4698,8,Very Satisfied
4699,9,Very Satisfied
4700,14,Mod. Satisfied
4701,12,Very Satisfied
4702,12,Mod. Satisfied
4703,13,NA
4704,10,Very Satisfied
4705,8,NA
4706,11,Very Satisfied
4707,17,NA
4708,8,Very Satisfied
4709,12,Mod. Satisfied
4710,9,Very Satisfied
4711,12,Very Satisfied
4712,12,Mod. Satisfied
4713,12,Very Satisfied
4714,12,Very Satisfied
4715,12,Very Satisfied
4716,14,Mod. Satisfied
4717,14,NA
4718,13,Very Satisfied
4719,14,NA
4720,13,Mod. Satisfied
4721,7,NA
4722,7,Mod. Satisfied
4723,10,NA
4724,11,NA
4725,11,Very Satisfied
4726,12,NA
4727,17,Very Satisfied
4728,11,Very Satisfied
4729,12,NA
4730,11,Mod. Satisfied
4731,13,Very Satisfied
4732,13,Very Satisfied
4733,16,Very Satisfied
4734,12,NA
4735,10,Very Satisfied
4736,18,Mod. Satisfied
4737,17,Very Satisfied
4738,12,Mod. Satisfied
4739,8,NA
4740,12,Very Satisfied
4741,16,Mod. Satisfied
4742,14,Very Satisfied
4743,19,Mod. Satisfied
4744,12,Very Satisfied
4745,15,Mod. Satisfied
4746,12,A Little Dissat
4747,14,Very Satisfied
4748,12,Very Satisfied
4749,13,Very Satisfied
4750,11,Very Satisfied
4751,12,A Little Dissat
4752,12,NA
4753,14,Mod. Satisfied
4754,12,NA
4755,13,NA
4756,12,Mod. Satisfied
4757,12,NA
4758,16,Mod. Satisfied
4759,9,Very Satisfied
4760,12,Very Satisfied
4761,16,NA
4762,12,Mod. Satisfied
4763,16,Very Satisfied
4764,20,A Little Dissat
4765,14,Mod. Satisfied
4766,8,Very Satisfied
4767,8,Very Satisfied
4768,13,NA
4769,12,Mod. Satisfied
4770,10,Very Satisfied
4771,12,Very Satisfied
4772,12,Very Satisfied
4773,12,Mod. Satisfied
4774,14,Very Satisfied
4775,12,A Little Dissat
4776,12,Mod. Satisfied
4777,16,Very Satisfied
4778,12,Very Satisfied
4779,8,Very Satisfied
4780,13,Very Satisfied
4781,17,A Little Dissat
4782,10,NA
4783,9,Mod. Satisfied
4784,5,Very Satisfied
4785,12,Very Satisfied
4786,8,Mod. Satisfied
4787,6,Mod. Satisfied
4788,13,Very Satisfied
4789,8,Very Dissatisfied
4790,15,Very Satisfied
4791,11,Mod. Satisfied
4792,15,NA
4793,7,Mod. Satisfied
4794,12,Very Satisfied
4795,16,Mod. Satisfied
4796,14,Very Satisfied
4797,17,Mod. Satisfied
4798,10,Very Dissatisfied
4799,12,NA
4800,16,Mod. Satisfied
4801,10,Very Satisfied
4802,11,NA
4803,12,Very Satisfied
4804,12,Very Satisfied
4805,10,Mod. Satisfied
4806,11,Very Satisfied
4807,17,NA
4808,12,NA
4809,14,Very Satisfied
4810,11,Very Satisfied
4811,8,NA
4812,9,Very Satisfied
4813,10,Very Satisfied
4814,11,Mod. Satisfied
4815,7,A Little Dissat
4816,12,Very Satisfied
4817,12,Mod. Satisfied
4818,16,Very Dissatisfied
4819,16,Mod. Satisfied
4820,18,Mod. Satisfied
4821,20,Mod. Satisfied
4822,14,Very Satisfied
4823,12,A Little Dissat
4824,16,NA
4825,14,Very Satisfied
4826,16,A Little Dissat
4827,14,Very Satisfied
4828,7,Very Satisfied
4829,15,Very Satisfied
4830,12,Mod. Satisfied
4831,12,Very Satisfied
4832,11,Very Satisfied
4833,14,Very Satisfied
4834,10,Very Satisfied
4835,12,Mod. Satisfied
4836,8,Very Satisfied
4837,9,NA
4838,12,NA
4839,4,Very Dissatisfied
4840,11,A Little Dissat
4841,7,Very Satisfied
4842,7,Mod. Satisfied
4843,9,Mod. Satisfied
4844,12,Mod. Satisfied
4845,12,Mod. Satisfied
4846,9,Mod. Satisfied
4847,11,A Little Dissat
4848,8,Very Dissatisfied
4849,10,Very Dissatisfied
4850,10,Very Satisfied
4851,11,Very Satisfied
4852,12,A Little Dissat
4853,12,NA
4854,12,Very Satisfied
4855,14,NA
4856,12,NA
4857,12,NA
4858,14,NA
4859,16,NA
4860,10,NA
4861,10,Very Satisfied
4862,12,NA
4863,12,NA
4864,12,Mod. Satisfied
4865,15,Very Satisfied
4866,12,NA
4867,8,Very Satisfied
4868,12,Mod. Satisfied
4869,5,Mod. Satisfied
4870,12,Very Satisfied
4871,16,Very Satisfied
4872,18,Very Satisfied
4873,13,Mod. Satisfied
4874,12,Very Satisfied
4875,10,Mod. Satisfied
4876,7,Mod. Satisfied
4877,13,Mod. Satisfied
4878,10,A Little Dissat
4879,11,Mod. Satisfied
4880,12,A Little Dissat
4881,0,Very Satisfied
4882,14,A Little Dissat
4883,12,Very Satisfied
4884,20,Very Satisfied
4885,16,NA
4886,14,NA
4887,4,Mod. Satisfied
4888,12,Very Satisfied
4889,12,Very Satisfied
4890,6,NA
4891,16,Very Satisfied
4892,18,Very Satisfied
4893,11,NA
4894,13,Very Dissatisfied
4895,13,A Little Dissat
4896,12,Mod. Satisfied
4897,12,NA
4898,14,Very Satisfied
4899,16,Very Satisfied
4900,10,Mod. Satisfied
4901,16,A Little Dissat
4902,13,A Little Dissat
4903,16,Very Satisfied
4904,13,NA
4905,15,NA
4906,14,Very Satisfied
4907,12,Very Satisfied
4908,8,Very Dissatisfied
4909,8,Very Satisfied
4910,12,NA
4911,12,NA
4912,12,Mod. Satisfied
4913,12,Very Satisfied
4914,8,NA
4915,12,A Little Dissat
4916,12,Mod. Satisfied
4917,13,Very Satisfied
4918,9,NA
4919,15,Very Satisfied
4920,12,Very Satisfied
4921,12,A Little Dissat
4922,18,A Little Dissat
4923,16,Mod. Satisfied
4924,12,Mod. Satisfied
4925,9,Mod. Satisfied
4926,12,Very Satisfied
4927,16,NA
4928,8,Mod. Satisfied
4929,13,Very Satisfied
4930,16,Mod. Satisfied
4931,12,Very Satisfied
4932,13,Very Satisfied
4933,12,Very Satisfied
4934,12,Mod. Satisfied
4935,12,Very Satisfied
4936,16,Very Satisfied
4937,13,Very Satisfied
4938,12,Mod. Satisfied
4939,12,Very Satisfied
4940,19,Very Satisfied
4941,15,Very Dissatisfied
4942,12,Mod. Satisfied
4943,12,Very Satisfied
4944,10,Very Satisfied
4945,12,Very Satisfied
4946,8,NA
4947,12,NA
4948,16,Very Satisfied
4949,12,Very Satisfied
4950,12,Very Satisfied
4951,12,Very Dissatisfied
4952,8,NA
4953,12,Very Satisfied
4954,6,Mod. Satisfied
4955,8,NA
4956,12,Mod. Satisfied
4957,8,NA
4958,12,Mod. Satisfied
4959,12,Very Satisfied
4960,12,Mod. Satisfied
4961,12,Mod. Satisfied
4962,8,Mod. Satisfied
4963,12,Mod. Satisfied
4964,12,Mod. Satisfied
4965,8,NA
4966,10,Mod. Satisfied
4967,10,Mod. Satisfied
4968,7,Very Satisfied
4969,12,Very Satisfied
4970,10,Very Satisfied
4971,18,Very Satisfied
4972,19,Mod. Satisfied
4973,7,Very Satisfied
4974,7,Very Satisfied
4975,7,Very Satisfied
4976,13,Mod. Satisfied
4977,16,NA
4978,20,Mod. Satisfied
4979,12,Very Satisfied
4980,NA,NA
4981,5,Very Satisfied
4982,13,Very Satisfied
4983,10,Very Satisfied
4984,9,A Little Dissat
4985,11,Very Satisfied
4986,12,Mod. Satisfied
4987,12,NA
4988,12,A Little Dissat
4989,13,Very Satisfied
4990,12,Very Satisfied
4991,8,NA
4992,12,NA
4993,5,Mod. Satisfied
4994,12,NA
4995,15,NA
4996,12,A Little Dissat
4997,12,NA
4998,11,Mod. Satisfied
4999,12,NA
5000,12,Very Satisfied
5001,13,NA
5002,7,Mod. Satisfied
5003,11,Very Satisfied
5004,12,Mod. Satisfied
5005,12,NA
5006,12,A Little Dissat
5007,14,Very Satisfied
5008,12,NA
5009,17,Very Dissatisfied
5010,12,Mod. Satisfied
5011,11,Mod. Satisfied
5012,12,Very Satisfied
5013,12,A Little Dissat
5014,12,Very Satisfied
5015,12,Mod. Satisfied
5016,15,Mod. Satisfied
5017,10,NA
5018,13,Very Satisfied
5019,12,NA
5020,9,NA
5021,11,Mod. Satisfied
5022,12,NA
5023,12,NA
5024,11,NA
5025,12,Mod. Satisfied
5026,12,Very Satisfied
5027,11,Mod. Satisfied
5028,12,Very Satisfied
5029,12,Very Satisfied
5030,18,Very Dissatisfied
5031,12,Very Satisfied
5032,8,Mod. Satisfied
5033,8,NA
5034,12,Very Satisfied
5035,7,Mod. Satisfied
5036,8,Very Satisfied
5037,10,NA
5038,12,Mod. Satisfied
5039,8,Mod. Satisfied
5040,8,NA
5041,12,Mod. Satisfied
5042,12,Mod. Satisfied
5043,12,Mod. Satisfied
5044,12,NA
5045,8,Very Satisfied
5046,8,Very Satisfied
5047,8,Very Satisfied
5048,14,NA
5049,8,Mod. Satisfied
5050,12,Very Satisfied
5051,12,Very Satisfied
5052,11,Very Satisfied
5053,16,Very Satisfied
5054,8,Very Satisfied
5055,12,NA
5056,12,Very Dissatisfied
5057,13,NA
5058,11,Very Dissatisfied
5059,7,Mod. Satisfied
5060,16,Very Satisfied
5061,16,NA
5062,16,Very Satisfied
5063,12,Mod. Satisfied
5064,12,NA
5065,6,Very Satisfied
5066,10,Mod. Satisfied
5067,12,Mod. Satisfied
5068,5,Very Satisfied
5069,4,NA
5070,9,Very Satisfied
5071,4,NA
5072,8,Very Satisfied
5073,16,Very Satisfied
5074,13,Very Satisfied
5075,12,Very Satisfied
5076,10,A Little Dissat
5077,13,NA
5078,9,Very Satisfied
5079,7,NA
5080,11,Mod. Satisfied
5081,8,Mod. Satisfied
5082,11,NA
5083,12,Very Satisfied
5084,12,Very Satisfied
5085,13,A Little Dissat
5086,14,Very Satisfied
5087,13,Mod. Satisfied
5088,16,Very Satisfied
5089,12,Very Satisfied
5090,16,Very Satisfied
5091,11,A Little Dissat
5092,12,Very Satisfied
5093,12,Mod. Satisfied
5094,12,NA
5095,11,Very Satisfied
5096,12,Mod. Satisfied
5097,16,NA
5098,15,NA
5099,14,NA
5100,16,Very Satisfied
5101,12,Very Satisfied
5102,11,Very Satisfied
5103,16,Mod. Satisfied
5104,15,Very Satisfied
5105,12,Mod. Satisfied
5106,12,NA
5107,12,Very Satisfied
5108,13,NA
5109,12,Mod. Satisfied
5110,12,Very Satisfied
5111,12,Very Satisfied
5112,12,A Little Dissat
5113,12,Very Satisfied
5114,14,Very Satisfied
5115,12,Very Satisfied
5116,20,Very Satisfied
5117,15,Mod. Satisfied
5118,10,NA
5119,19,Very Satisfied
5120,9,Mod. Satisfied
5121,3,Mod. Satisfied
5122,6,Mod. Satisfied
5123,11,Very Satisfied
5124,7,Very Satisfied
5125,12,Very Satisfied
5126,10,Very Satisfied
5127,12,Very Satisfied
5128,12,Mod. Satisfied
5129,12,Very Satisfied
5130,12,Very Satisfied
5131,13,Mod. Satisfied
5132,14,Very Satisfied
5133,12,Very Satisfied
5134,12,Very Satisfied
5135,16,Mod. Satisfied
5136,16,Very Satisfied
5137,10,Mod. Satisfied
5138,12,Mod. Satisfied
5139,16,Mod. Satisfied
5140,12,Very Satisfied
5141,12,Very Satisfied
5142,11,Very Satisfied
5143,13,Very Dissatisfied
5144,12,Very Satisfied
5145,12,Mod. Satisfied
5146,18,A Little Dissat
5147,12,Very Satisfied
5148,13,Mod. Satisfied
5149,16,Mod. Satisfied
5150,13,A Little Dissat
5151,11,Mod. Satisfied
5152,12,Very Satisfied
5153,8,Mod. Satisfied
5154,12,Very Satisfied
5155,12,Very Satisfied
5156,10,Very Satisfied
5157,12,Very Satisfied
5158,12,Very Satisfied
5159,18,Mod. Satisfied
5160,16,Very Satisfied
5161,16,Very Satisfied
5162,11,Very Satisfied
5163,12,Very Satisfied
5164,12,NA
5165,10,Mod. Satisfied
5166,12,Mod. Satisfied
5167,12,Mod. Satisfied
5168,16,Very Satisfied
5169,14,Mod. Satisfied
5170,12,Mod. Satisfied
5171,10,NA
5172,12,Mod. Satisfied
5173,14,Mod. Satisfied
5174,10,Mod. Satisfied
5175,12,Mod. Satisfied
5176,11,Mod. Satisfied
5177,8,Mod. Satisfied
5178,6,NA
5179,16,Very Satisfied
5180,8,NA
5181,11,Very Satisfied
5182,10,Mod. Satisfied
5183,10,Very Satisfied
5184,10,Very Satisfied
5185,13,Mod. Satisfied
5186,12,NA
5187,10,A Little Dissat
5188,20,A Little Dissat
5189,16,Very Satisfied
5190,13,Very Satisfied
5191,20,Very Satisfied
5192,14,Very Satisfied
5193,14,Mod. Satisfied
5194,12,Very Satisfied
5195,16,A Little Dissat
5196,16,Very Satisfied
5197,16,Mod. Satisfied
5198,16,Mod. Satisfied
5199,16,Very Satisfied
5200,10,Very Satisfied
5201,12,Very Satisfied
5202,15,NA
5203,10,NA
5204,12,Mod. Satisfied
5205,12,Very Satisfied
5206,9,Mod. Satisfied
5207,12,Very Satisfied
5208,13,Mod. Satisfied
5209,12,Mod. Satisfied
5210,7,Very Satisfied
5211,9,A Little Dissat
5212,5,NA
5213,9,Mod. Satisfied
5214,12,Mod. Satisfied
5215,11,Very Satisfied
5216,12,Very Dissatisfied
5217,14,NA
5218,8,NA
5219,5,NA
5220,NA,Very Satisfied
5221,8,NA
5222,13,Mod. Satisfied
5223,20,Very Satisfied
5224,8,Mod. Satisfied
5225,9,Mod. Satisfied
5226,11,Very Satisfied
5227,16,Very Satisfied
5228,16,Very Dissatisfied
5229,17,Mod. Satisfied
5230,16,A Little Dissat
5231,16,Very Satisfied
5232,12,Very Satisfied
5233,12,A Little Dissat
5234,16,Very Satisfied
5235,13,NA
5236,13,A Little Dissat
5237,16,Very Satisfied
5238,14,A Little Dissat
5239,16,Very Satisfied
5240,12,Very Satisfied
5241,16,Very Satisfied
5242,10,NA
5243,11,Mod. Satisfied
5244,15,NA
5245,12,Very Satisfied
5246,12,Very Satisfied
5247,10,Mod. Satisfied
5248,8,Very Satisfied
5249,9,Very Satisfied
5250,13,NA
5251,17,Very Satisfied
5252,16,Mod. Satisfied
5253,13,Mod. Satisfied
5254,16,Mod. Satisfied
5255,16,Very Satisfied
5256,10,NA
5257,12,Mod. Satisfied
5258,14,Mod. Satisfied
5259,12,Mod. Satisfied
5260,12,Very Satisfied
5261,12,A Little Dissat
5262,12,Very Dissatisfied
5263,12,Mod. Satisfied
5264,12,NA
5265,12,NA
5266,8,A Little Dissat
5267,12,Very Dissatisfied
5268,12,Very Satisfied
5269,9,Very Satisfied
5270,12,Very Satisfied
5271,12,Mod. Satisfied
5272,12,Very Satisfied
5273,13,Mod. Satisfied
5274,12,NA
5275,12,Very Satisfied
5276,8,NA
5277,14,Very Satisfied
5278,10,Very Satisfied
5279,9,Very Satisfied
5280,11,Mod. Satisfied
5281,14,NA
5282,11,Very Satisfied
5283,12,Very Satisfied
5284,13,Mod. Satisfied
5285,12,Mod. Satisfied
5286,8,Very Satisfied
5287,12,Very Satisfied
5288,13,Mod. Satisfied
5289,16,NA
5290,16,NA
5291,11,Very Satisfied
5292,12,Very Dissatisfied
5293,12,Very Satisfied
5294,12,Very Satisfied
5295,14,Very Dissatisfied
5296,11,Mod. Satisfied
5297,11,Very Dissatisfied
5298,16,Very Dissatisfied
5299,12,Very Satisfied
5300,15,Very Satisfied
5301,11,NA
5302,8,NA
5303,8,Very Satisfied
5304,11,NA
5305,12,Very Satisfied
5306,15,Very Satisfied
5307,12,Mod. Satisfied
5308,12,Very Satisfied
5309,12,Mod. Satisfied
5310,12,NA
5311,6,Mod. Satisfied
5312,12,Very Satisfied
5313,11,Mod. Satisfied
5314,12,Very Satisfied
5315,1,Very Satisfied
5316,12,Mod. Satisfied
5317,9,Very Dissatisfied
5318,12,Very Dissatisfied
5319,11,Mod. Satisfied
5320,11,Mod. Satisfied
5321,7,Mod. Satisfied
5322,12,Very Satisfied
5323,8,Very Dissatisfied
5324,7,Very Satisfied
5325,10,Very Satisfied
5326,12,Very Satisfied
5327,11,Very Satisfied
5328,14,Very Satisfied
5329,13,Very Satisfied
5330,12,NA
5331,14,NA
5332,16,Very Satisfied
5333,12,Very Satisfied
5334,14,NA
5335,11,Very Satisfied
5336,5,Very Satisfied
5337,14,NA
5338,12,NA
5339,7,NA
5340,12,NA
5341,12,NA
5342,3,Very Dissatisfied
5343,5,NA
5344,12,Mod. Satisfied
5345,10,Very Satisfied
5346,11,Very Satisfied
5347,12,Very Satisfied
5348,13,Very Satisfied
5349,14,Very Satisfied
5350,12,Very Satisfied
5351,12,NA
5352,13,Mod. Satisfied
5353,16,A Little Dissat
5354,19,Very Satisfied
5355,13,A Little Dissat
5356,12,Very Satisfied
5357,9,Very Satisfied
5358,12,Very Satisfied
5359,12,Mod. Satisfied
5360,14,Very Satisfied
5361,8,Very Satisfied
5362,8,NA
5363,11,NA
5364,16,Very Satisfied
5365,13,Very Satisfied
5366,16,A Little Dissat
5367,9,Very Satisfied
5368,12,Mod. Satisfied
5369,12,Very Satisfied
5370,8,NA
5371,12,Mod. Satisfied
5372,12,Mod. Satisfied
5373,15,Very Satisfied
5374,5,NA
5375,6,NA
5376,12,Very Satisfied
5377,12,A Little Dissat
5378,12,Mod. Satisfied
5379,13,Mod. Satisfied
5380,10,Very Satisfied
5381,8,Very Satisfied
5382,10,Very Satisfied
5383,9,Very Satisfied
5384,12,NA
5385,12,Very Satisfied
5386,6,Very Satisfied
5387,12,A Little Dissat
5388,11,Mod. Satisfied
5389,12,A Little Dissat
5390,3,Very Satisfied
5391,12,NA
5392,10,A Little Dissat
5393,8,Mod. Satisfied
5394,8,NA
5395,8,Mod. Satisfied
5396,8,NA
5397,12,Very Satisfied
5398,12,Very Satisfied
5399,12,Mod. Satisfied
5400,12,Very Dissatisfied
5401,12,Very Satisfied
5402,6,NA
5403,7,NA
5404,8,Very Satisfied
5405,16,Very Satisfied
5406,17,Very Satisfied
5407,10,Very Satisfied
5408,12,Very Satisfied
5409,12,Very Satisfied
5410,8,Very Satisfied
5411,12,Mod. Satisfied
5412,10,Mod. Satisfied
5413,12,Very Satisfied
5414,12,Very Satisfied
5415,14,Very Satisfied
5416,14,Very Satisfied
5417,6,NA
5418,12,NA
5419,12,Mod. Satisfied
5420,8,Very Dissatisfied
5421,12,Very Satisfied
5422,12,Mod. Satisfied
5423,12,Very Satisfied
5424,12,A Little Dissat
5425,8,Mod. Satisfied
5426,20,Very Satisfied
5427,12,Very Satisfied
5428,11,Mod. Satisfied
5429,12,Very Satisfied
5430,18,NA
5431,13,NA
5432,12,Very Satisfied
5433,8,Very Satisfied
5434,12,Very Dissatisfied
5435,12,NA
5436,3,Very Satisfied
5437,8,NA
5438,14,Very Satisfied
5439,12,NA
5440,10,NA
5441,14,Mod. Satisfied
5442,18,A Little Dissat
5443,16,Mod. Satisfied
5444,15,Very Satisfied
5445,16,A Little Dissat
5446,12,Very Satisfied
5447,19,Very Satisfied
5448,16,Mod. Satisfied
5449,16,Very Satisfied
5450,12,Very Satisfied
5451,14,NA
5452,8,Very Satisfied
5453,10,Mod. Satisfied
5454,12,NA
5455,11,NA
5456,1,NA
5457,11,Mod. Satisfied
5458,20,Very Satisfied
5459,5,Very Satisfied
5460,14,Very Satisfied
5461,13,Very Dissatisfied
5462,11,Mod. Satisfied
5463,9,NA
5464,12,NA
5465,12,Mod. Satisfied
5466,11,Very Satisfied
5467,14,NA
5468,14,Very Satisfied
5469,14,A Little Dissat
5470,16,Mod. Satisfied
5471,8,NA
5472,16,Very Satisfied
5473,13,Mod. Satisfied
5474,8,Very Satisfied
5475,12,A Little Dissat
5476,13,Mod. Satisfied
5477,12,NA
5478,11,Very Satisfied
5479,10,Mod. Satisfied
5480,12,Very Satisfied
5481,13,Very Satisfied
5482,12,Very Satisfied
5483,13,NA
5484,13,Very Satisfied
5485,10,NA
5486,16,NA
5487,11,NA
5488,12,Very Satisfied
5489,11,Mod. Satisfied
5490,19,Very Satisfied
5491,12,Mod. Satisfied
5492,10,Very Satisfied
5493,17,Mod. Satisfied
5494,7,Mod. Satisfied
5495,14,NA
5496,6,NA
5497,9,Very Satisfied
5498,8,Mod. Satisfied
5499,14,NA
5500,18,Very Satisfied
5501,8,Very Satisfied
5502,14,NA
5503,10,NA
5504,12,Mod. Satisfied
5505,11,Mod. Satisfied
5506,8,Very Satisfied
5507,11,Very Satisfied
5508,12,Very Dissatisfied
5509,16,Mod. Satisfied
5510,9,NA
5511,12,Very Satisfied
5512,16,Very Satisfied
5513,10,Mod. Satisfied
5514,12,Very Satisfied
5515,12,A Little Dissat
5516,12,Mod. Satisfied
5517,10,Very Satisfied
5518,12,Very Satisfied
5519,11,Very Satisfied
5520,13,Very Satisfied
5521,11,NA
5522,8,A Little Dissat
5523,14,Very Satisfied
5524,5,NA
5525,12,Very Satisfied
5526,12,Very Satisfied
5527,9,A Little Dissat
5528,12,Mod. Satisfied
5529,12,Mod. Satisfied
5530,10,Very Satisfied
5531,9,Very Satisfied
5532,5,NA
5533,13,Very Satisfied
5534,12,Very Satisfied
5535,13,Very Satisfied
5536,12,Very Satisfied
5537,16,Very Satisfied
5538,11,Very Satisfied
5539,16,NA
5540,12,NA
5541,12,Very Satisfied
5542,10,Very Satisfied
5543,12,Very Satisfied
5544,14,Very Satisfied
5545,12,Very Satisfied
5546,12,Very Dissatisfied
5547,7,Mod. Satisfied
5548,13,Mod. Satisfied
5549,12,Very Satisfied
5550,16,Very Dissatisfied
5551,15,Mod. Satisfied
5552,12,Very Dissatisfied
5553,14,NA
5554,17,Very Satisfied
5555,12,NA
5556,8,Mod. Satisfied
5557,16,Mod. Satisfied
5558,15,Very Satisfied
5559,14,NA
5560,15,A Little Dissat
5561,12,A Little Dissat
5562,15,Mod. Satisfied
5563,12,NA
5564,9,Very Satisfied
5565,16,Very Satisfied
5566,9,Mod. Satisfied
5567,8,Mod. Satisfied
5568,6,NA
5569,11,Very Satisfied
5570,12,Very Satisfied
5571,13,Mod. Satisfied
5572,10,NA
5573,8,Very Satisfied
5574,7,Very Satisfied
5575,14,Very Satisfied
5576,16,Very Satisfied
5577,12,A Little Dissat
5578,10,Very Satisfied
5579,8,NA
5580,12,NA
5581,8,Very Satisfied
5582,11,Very Satisfied
5583,8,Mod. Satisfied
5584,13,NA
5585,0,NA
5586,11,NA
5587,16,Mod. Satisfied
5588,12,Very Satisfied
5589,10,Mod. Satisfied
5590,12,Very Satisfied
5591,11,NA
5592,16,A Little Dissat
5593,12,Very Satisfied
5594,12,Mod. Satisfied
5595,14,Very Satisfied
5596,12,Very Satisfied
5597,16,Mod. Satisfied
5598,17,Mod. Satisfied
5599,16,Very Satisfied
5600,14,Very Satisfied
5601,14,Mod. Satisfied
5602,8,NA
5603,12,Mod. Satisfied
5604,13,Very Satisfied
5605,12,Very Satisfied
5606,12,Very Satisfied
5607,13,Very Dissatisfied
5608,10,Very Satisfied
5609,3,A Little Dissat
5610,6,NA
5611,5,Mod. Satisfied
5612,10,Very Satisfied
5613,13,Mod. Satisfied
5614,12,Mod. Satisfied
5615,9,Mod. Satisfied
5616,11,NA
5617,12,Very Satisfied
5618,8,Mod. Satisfied
5619,12,Very Satisfied
5620,9,A Little Dissat
5621,12,A Little Dissat
5622,8,NA
5623,12,Mod. Satisfied
5624,12,NA
5625,12,Mod. Satisfied
5626,16,Mod. Satisfied
5627,16,NA
5628,14,A Little Dissat
5629,20,Very Satisfied
5630,14,Very Satisfied
5631,13,Very Satisfied
5632,11,NA
5633,14,Very Satisfied
5634,12,Mod. Satisfied
5635,9,Mod. Satisfied
5636,13,Very Satisfied
5637,12,NA
5638,12,Very Satisfied
5639,12,Mod. Satisfied
5640,12,Very Satisfied
5641,12,Very Satisfied
5642,5,Very Satisfied
5643,7,Very Satisfied
5644,9,Very Satisfied
5645,11,Mod. Satisfied
5646,12,Very Satisfied
5647,12,Very Satisfied
5648,12,Mod. Satisfied
5649,12,Mod. Satisfied
5650,16,Very Satisfied
5651,12,A Little Dissat
5652,16,Very Satisfied
5653,10,Very Satisfied
5654,13,Very Satisfied
5655,12,A Little Dissat
5656,16,Very Satisfied
5657,12,Very Satisfied
5658,18,NA
5659,13,Very Satisfied
5660,16,NA
5661,12,Very Satisfied
5662,10,Mod. Satisfied
5663,12,Very Satisfied
5664,13,Mod. Satisfied
5665,12,Mod. Satisfied
5666,11,NA
5667,8,Very Satisfied
5668,12,Very Satisfied
5669,10,Very Satisfied
5670,12,Very Satisfied
5671,7,Mod. Satisfied
5672,12,Very Satisfied
5673,17,Very Satisfied
5674,16,Very Satisfied
5675,14,Mod. Satisfied
5676,16,Very Satisfied
5677,14,Very Satisfied
5678,11,Mod. Satisfied
5679,14,Very Satisfied
5680,12,Very Satisfied
5681,10,Very Satisfied
5682,10,Very Satisfied
5683,10,Very Satisfied
5684,8,Very Satisfied
5685,11,A Little Dissat
5686,13,Very Satisfied
5687,5,Very Satisfied
5688,10,Very Satisfied
5689,7,NA
5690,18,Very Satisfied
5691,11,Mod. Satisfied
5692,12,Very Satisfied
5693,11,Very Satisfied
5694,13,Very Satisfied
5695,12,Very Satisfied
5696,14,Very Satisfied
5697,8,Very Satisfied
5698,12,Very Satisfied
5699,11,Mod. Satisfied
5700,8,Very Satisfied
5701,12,Mod. Satisfied
5702,12,Very Satisfied
5703,3,Mod. Satisfied
5704,9,Mod. Satisfied
5705,7,NA
5706,10,NA
5707,9,Mod. Satisfied
5708,4,Very Satisfied
5709,12,Very Satisfied
5710,14,Very Satisfied
5711,11,Very Satisfied
5712,12,NA
5713,15,Very Satisfied
5714,13,Very Satisfied
5715,12,Very Satisfied
5716,8,Very Satisfied
5717,12,NA
5718,12,Very Satisfied
5719,10,Mod. Satisfied
5720,8,NA
5721,12,Mod. Satisfied
5722,7,Mod. Satisfied
5723,10,NA
5724,12,Mod. Satisfied
5725,6,NA
5726,12,NA
5727,14,Very Satisfied
5728,14,Very Satisfied
5729,11,Very Satisfied
5730,8,Very Satisfied
5731,18,NA
5732,12,Very Satisfied
5733,12,Mod. Satisfied
5734,7,Very Satisfied
5735,13,Mod. Satisfied
5736,13,NA
5737,15,Mod. Satisfied
5738,9,Mod. Satisfied
5739,12,Very Satisfied
5740,12,Very Satisfied
5741,12,NA
5742,9,Mod. Satisfied
5743,12,Very Dissatisfied
5744,12,NA
5745,10,Mod. Satisfied
5746,15,Very Dissatisfied
5747,4,Very Satisfied
5748,16,Very Satisfied
5749,12,Mod. Satisfied
5750,12,Very Satisfied
5751,5,Very Satisfied
5752,16,NA
5753,14,Very Satisfied
5754,14,NA
5755,12,NA
5756,15,Mod. Satisfied
5757,10,NA
5758,14,Very Dissatisfied
5759,8,Very Satisfied
5760,12,NA
5761,6,NA
5762,14,Very Satisfied
5763,10,Very Satisfied
5764,7,Very Satisfied
5765,10,Very Satisfied
5766,14,Very Satisfied
5767,11,A Little Dissat
5768,13,Mod. Satisfied
5769,11,Mod. Satisfied
5770,7,Very Satisfied
5771,14,Very Satisfied
5772,12,Very Satisfied
5773,7,Very Satisfied
5774,12,Very Satisfied
5775,12,Mod. Satisfied
5776,9,Mod. Satisfied
5777,2,A Little Dissat
5778,8,Mod. Satisfied
5779,12,Very Satisfied
5780,8,NA
5781,9,NA
5782,5,NA
5783,8,NA
5784,11,NA
5785,11,Mod. Satisfied
5786,9,NA
5787,10,NA
5788,9,Very Satisfied
5789,12,Very Satisfied
5790,12,Very Satisfied
5791,12,A Little Dissat
5792,12,Mod. Satisfied
5793,14,A Little Dissat
5794,12,Mod. Satisfied
5795,16,Mod. Satisfied
5796,16,NA
5797,12,Mod. Satisfied
5798,12,NA
5799,12,Very Satisfied
5800,8,Mod. Satisfied
5801,8,Very Satisfied
5802,12,Very Satisfied
5803,8,Very Satisfied
5804,10,Mod. Satisfied
5805,13,Mod. Satisfied
5806,12,Very Satisfied
5807,5,Mod. Satisfied
5808,17,NA
5809,12,NA
5810,10,NA
5811,11,NA
5812,12,Very Satisfied
5813,12,Very Satisfied
5814,8,Very Satisfied
5815,9,A Little Dissat
5816,8,Mod. Satisfied
5817,10,NA
5818,8,NA
5819,13,NA
5820,14,Very Satisfied
5821,11,A Little Dissat
5822,12,Mod. Satisfied
5823,12,Mod. Satisfied
5824,15,Very Satisfied
5825,9,NA
5826,12,Mod. Satisfied
5827,12,Mod. Satisfied
5828,4,NA
5829,11,NA
5830,5,NA
5831,13,A Little Dissat
5832,12,Very Satisfied
5833,0,Very Satisfied
5834,12,NA
5835,8,Very Satisfied
5836,11,Very Satisfied
5837,12,Very Satisfied
5838,12,Very Satisfied
5839,15,NA
5840,16,Very Satisfied
5841,14,Very Satisfied
5842,6,NA
5843,5,NA
5844,0,A Little Dissat
5845,12,Mod. Satisfied
5846,10,NA
5847,12,Very Satisfied
5848,7,Very Satisfied
5849,9,Mod. Satisfied
5850,11,Very Satisfied
5851,0,NA
5852,10,Mod. Satisfied
5853,11,Very Satisfied
5854,9,Mod. Satisfied
5855,11,Very Satisfied
5856,11,NA
5857,16,Very Satisfied
5858,12,A Little Dissat
5859,14,Very Satisfied
5860,16,A Little Dissat
5861,14,Very Satisfied
5862,6,Very Satisfied
5863,12,Very Satisfied
5864,12,NA
5865,10,A Little Dissat
5866,11,NA
5867,11,Mod. Satisfied
5868,11,Very Satisfied
5869,8,Very Satisfied
5870,17,Mod. Satisfied
5871,13,Mod. Satisfied
5872,10,A Little Dissat
5873,12,Very Satisfied
5874,6,Mod. Satisfied
5875,12,Very Satisfied
5876,6,Mod. Satisfied
5877,12,Very Satisfied
5878,11,Mod. Satisfied
5879,13,A Little Dissat
5880,12,Very Satisfied
5881,9,Very Satisfied
5882,7,Mod. Satisfied
5883,10,NA
5884,11,Mod. Satisfied
5885,12,Very Satisfied
5886,12,Mod. Satisfied
5887,12,Very Satisfied
5888,11,A Little Dissat
5889,8,Very Dissatisfied
5890,11,NA
5891,16,Very Satisfied
5892,9,Mod. Satisfied
5893,12,Mod. Satisfied
5894,8,NA
5895,8,Mod. Satisfied
5896,12,Very Satisfied
5897,3,NA
5898,0,Very Satisfied
5899,9,Very Satisfied
5900,12,Very Satisfied
5901,9,Very Dissatisfied
5902,8,Very Satisfied
5903,11,Very Satisfied
5904,11,Mod. Satisfied
5905,16,Mod. Satisfied
5906,6,NA
5907,8,NA
5908,12,Very Satisfied
5909,8,NA
5910,12,Very Satisfied
5911,12,Very Satisfied
5912,12,NA
5913,12,NA
5914,12,Mod. Satisfied
5915,8,NA
5916,12,NA
5917,10,NA
5918,12,Very Satisfied
5919,10,A Little Dissat
5920,11,NA
5921,12,NA
5922,12,Mod. Satisfied
5923,14,A Little Dissat
5924,12,Mod. Satisfied
5925,16,Very Satisfied
5926,5,NA
5927,14,Mod. Satisfied
5928,NA,NA
5929,13,Very Satisfied
5930,12,Very Satisfied
5931,8,Mod. Satisfied
5932,16,Very Satisfied
5933,16,NA
5934,11,Very Satisfied
5935,12,Very Satisfied
5936,12,NA
5937,8,Very Satisfied
5938,13,NA
5939,12,Very Satisfied
5940,0,NA
5941,9,A Little Dissat
5942,12,Very Satisfied
5943,12,Mod. Satisfied
5944,16,NA
5945,12,Very Satisfied
5946,8,Mod. Satisfied
5947,12,Mod. Satisfied
5948,6,NA
5949,13,NA
5950,10,Mod. Satisfied
5951,12,NA
5952,12,Very Satisfied
5953,18,Very Satisfied
5954,18,Very Satisfied
5955,16,NA
5956,13,Mod. Satisfied
5957,11,Mod. Satisfied
5958,13,NA
5959,12,Mod. Satisfied
5960,18,A Little Dissat
5961,13,NA
5962,13,NA
5963,13,Mod. Satisfied
5964,10,NA
5965,14,NA
5966,14,A Little Dissat
5967,9,Very Satisfied
5968,12,Mod. Satisfied
5969,12,Mod. Satisfied
5970,7,NA
5971,13,Mod. Satisfied
5972,12,Mod. Satisfied
5973,8,Very Satisfied
5974,16,Very Satisfied
5975,12,NA
5976,11,NA
5977,12,Mod. Satisfied
5978,16,Mod. Satisfied
5979,12,Mod. Satisfied
5980,12,Very Satisfied
5981,12,Very Satisfied
5982,19,NA
5983,16,Very Satisfied
5984,17,Very Satisfied
5985,16,Very Dissatisfied
5986,18,Mod. Satisfied
5987,8,Very Satisfied
5988,12,Mod. Satisfied
5989,12,Very Satisfied
5990,16,Very Satisfied
5991,11,NA
5992,12,Very Satisfied
5993,16,Mod. Satisfied
5994,12,A Little Dissat
5995,16,NA
5996,12,Mod. Satisfied
5997,14,Mod. Satisfied
5998,12,NA
5999,13,NA
6000,13,Mod. Satisfied
6001,13,Very Satisfied
6002,18,Very Satisfied
6003,13,Mod. Satisfied
6004,9,Mod. Satisfied
6005,9,Very Satisfied
6006,14,Mod. Satisfied
6007,13,Very Satisfied
6008,13,A Little Dissat
6009,13,Very Satisfied
6010,17,Mod. Satisfied
6011,12,Very Satisfied
6012,13,Mod. Satisfied
6013,12,Very Satisfied
6014,17,Mod. Satisfied
6015,9,NA
6016,5,A Little Dissat
6017,16,Mod. Satisfied
6018,12,Mod. Satisfied
6019,8,NA
6020,8,Very Satisfied
6021,6,NA
6022,16,Very Satisfied
6023,12,Very Satisfied
6024,12,A Little Dissat
6025,12,Mod. Satisfied
6026,16,NA
6027,12,Very Satisfied
6028,12,Very Satisfied
6029,12,NA
6030,16,Very Satisfied
6031,8,Mod. Satisfied
6032,12,NA
6033,12,Very Satisfied
6034,15,Mod. Satisfied
6035,13,Very Satisfied
6036,12,Very Satisfied
6037,15,NA
6038,12,Mod. Satisfied
6039,13,A Little Dissat
6040,12,A Little Dissat
6041,12,Very Satisfied
6042,11,NA
6043,11,Mod. Satisfied
6044,11,Very Dissatisfied
6045,11,Very Dissatisfied
6046,11,A Little Dissat
6047,10,NA
6048,13,NA
6049,13,Very Satisfied
6050,12,NA
6051,13,Very Satisfied
6052,10,Very Satisfied
6053,12,Very Satisfied
6054,15,Mod. Satisfied
6055,13,Mod. Satisfied
6056,12,Very Satisfied
6057,12,Mod. Satisfied
6058,9,Very Satisfied
6059,18,Mod. Satisfied
6060,12,Mod. Satisfied
6061,17,Very Satisfied
6062,7,Mod. Satisfied
6063,13,Mod. Satisfied
6064,14,Very Satisfied
6065,6,NA
6066,8,NA
6067,2,NA
6068,10,NA
6069,13,NA
6070,2,A Little Dissat
6071,11,Very Satisfied
6072,6,NA
6073,3,Very Satisfied
6074,12,NA
6075,9,Mod. Satisfied
6076,11,NA
6077,12,Very Satisfied
6078,11,NA
6079,11,NA
6080,11,Mod. Satisfied
6081,16,Mod. Satisfied
6082,7,Very Dissatisfied
6083,8,Mod. Satisfied
6084,12,Mod. Satisfied
6085,11,Mod. Satisfied
6086,14,NA
6087,14,Very Satisfied
6088,15,A Little Dissat
6089,12,Very Satisfied
6090,11,NA
6091,16,A Little Dissat
6092,12,Very Satisfied
6093,12,Mod. Satisfied
6094,16,Very Satisfied
6095,12,Very Satisfied
6096,18,Very Satisfied
6097,6,NA
6098,12,Mod. Satisfied
6099,10,Mod. Satisfied
6100,9,Mod. Satisfied
6101,12,Mod. Satisfied
6102,12,Mod. Satisfied
6103,8,Very Satisfied
6104,11,Very Satisfied
6105,12,Very Satisfied
6106,9,Mod. Satisfied
6107,10,Mod. Satisfied
6108,9,Very Satisfied
6109,14,Mod. Satisfied
6110,12,Very Dissatisfied
6111,13,Very Dissatisfied
6112,12,NA
6113,9,A Little Dissat
6114,9,Very Satisfied
6115,12,Mod. Satisfied
6116,12,Very Satisfied
6117,5,Mod. Satisfied
6118,9,NA
6119,8,NA
6120,11,Very Dissatisfied
6121,13,Mod. Satisfied
6122,16,Very Satisfied
6123,8,Very Satisfied
6124,7,Very Satisfied
6125,12,NA
6126,14,Very Satisfied
6127,14,Very Satisfied
6128,12,Very Satisfied
6129,12,Very Satisfied
6130,16,Very Satisfied
6131,7,NA
6132,12,Very Satisfied
6133,12,Very Satisfied
6134,16,Very Satisfied
6135,12,Very Satisfied
6136,12,Mod. Satisfied
6137,16,Mod. Satisfied
6138,10,Mod. Satisfied
6139,16,Very Satisfied
6140,12,Mod. Satisfied
6141,12,Mod. Satisfied
6142,8,Very Satisfied
6143,8,Mod. Satisfied
6144,11,NA
6145,9,Mod. Satisfied
6146,12,A Little Dissat
6147,16,Mod. Satisfied
6148,11,Mod. Satisfied
6149,13,Mod. Satisfied
6150,13,Very Satisfied
6151,12,Very Satisfied
6152,12,A Little Dissat
6153,12,Mod. Satisfied
6154,12,Very Satisfied
6155,12,Very Satisfied
6156,10,Mod. Satisfied
6157,12,A Little Dissat
6158,12,Very Satisfied
6159,12,Very Satisfied
6160,13,A Little Dissat
6161,12,Mod. Satisfied
6162,16,Mod. Satisfied
6163,12,Mod. Satisfied
6164,12,Very Satisfied
6165,4,NA
6166,15,A Little Dissat
6167,9,NA
6168,12,NA
6169,13,Very Satisfied
6170,4,NA
6171,12,Mod. Satisfied
6172,12,A Little Dissat
6173,15,Very Satisfied
6174,14,NA
6175,16,Very Satisfied
6176,12,Mod. Satisfied
6177,12,Mod. Satisfied
6178,15,Mod. Satisfied
6179,16,NA
6180,12,Very Satisfied
6181,14,Mod. Satisfied
6182,16,Mod. Satisfied
6183,13,Mod. Satisfied
6184,12,Very Satisfied
6185,13,NA
6186,12,Mod. Satisfied
6187,12,NA
6188,16,NA
6189,3,Very Satisfied
6190,12,A Little Dissat
6191,13,Very Satisfied
6192,16,NA
6193,12,Very Satisfied
6194,8,NA
6195,9,A Little Dissat
6196,12,Mod. Satisfied
6197,8,Mod. Satisfied
6198,5,Very Satisfied
6199,9,NA
6200,11,Mod. Satisfied
6201,8,Mod. Satisfied
6202,13,Very Satisfied
6203,10,Very Satisfied
6204,10,Very Satisfied
6205,4,Mod. Satisfied
6206,17,A Little Dissat
6207,13,Mod. Satisfied
6208,10,Very Satisfied
6209,9,Very Satisfied
6210,6,Very Dissatisfied
6211,12,Mod. Satisfied
6212,12,Very Satisfied
6213,10,Very Satisfied
6214,10,Very Satisfied
6215,12,Mod. Satisfied
6216,5,NA
6217,13,NA
6218,9,Very Satisfied
6219,8,Very Satisfied
6220,9,Mod. Satisfied
6221,12,NA
6222,12,A Little Dissat
6223,16,Very Satisfied
6224,11,Very Satisfied
6225,12,NA
6226,16,Mod. Satisfied
6227,8,Very Satisfied
6228,15,Very Satisfied
6229,12,A Little Dissat
6230,0,NA
6231,13,Very Satisfied
6232,12,NA
6233,12,Mod. Satisfied
6234,14,Mod. Satisfied
6235,12,NA
6236,14,Very Satisfied
6237,8,NA
6238,16,A Little Dissat
6239,13,Mod. Satisfied
6240,16,Very Satisfied
6241,16,NA
6242,12,Very Satisfied
6243,12,A Little Dissat
6244,19,Very Satisfied
6245,12,NA
6246,10,A Little Dissat
6247,12,NA
6248,12,Very Satisfied
6249,15,Very Satisfied
6250,12,Very Satisfied
6251,12,Very Satisfied
6252,10,Very Satisfied
6253,12,NA
6254,11,Mod. Satisfied
6255,11,A Little Dissat
6256,12,A Little Dissat
6257,8,Very Satisfied
6258,15,Very Satisfied
6259,12,Mod. Satisfied
6260,12,Very Satisfied
6261,12,Very Satisfied
6262,12,Mod. Satisfied
6263,8,Mod. Satisfied
6264,11,Mod. Satisfied
6265,7,Very Satisfied
6266,13,Very Satisfied
6267,12,Mod. Satisfied
6268,10,NA
6269,16,Very Satisfied
6270,NA,NA
6271,12,Very Satisfied
6272,12,Mod. Satisfied
6273,15,NA
6274,12,Very Satisfied
6275,16,A Little Dissat
6276,13,NA
6277,8,Mod. Satisfied
6278,8,Mod. Satisfied
6279,10,Very Satisfied
6280,15,NA
6281,13,Very Satisfied
6282,12,Very Satisfied
6283,10,Very Satisfied
6284,7,NA
6285,12,NA
6286,12,Mod. Satisfied
6287,16,Very Satisfied
6288,10,Very Satisfied
6289,16,NA
6290,8,NA
6291,12,Very Dissatisfied
6292,11,Mod. Satisfied
6293,11,Mod. Satisfied
6294,12,Very Satisfied
6295,12,Very Satisfied
6296,12,Very Dissatisfied
6297,9,Very Satisfied
6298,14,Mod. Satisfied
6299,15,Very Satisfied
6300,8,Mod. Satisfied
6301,12,Mod. Satisfied
6302,12,Mod. Satisfied
6303,12,Mod. Satisfied
6304,11,Very Dissatisfied
6305,12,Mod. Satisfied
6306,12,Very Satisfied
6307,12,Very Satisfied
6308,3,NA
6309,3,NA
6310,13,Mod. Satisfied
6311,16,NA
6312,12,Very Satisfied
6313,6,NA
6314,7,A Little Dissat
6315,8,NA
6316,10,NA
6317,12,A Little Dissat
6318,8,NA
6319,11,Very Satisfied
6320,18,Very Satisfied
6321,8,NA
6322,11,Mod. Satisfied
6323,15,Very Satisfied
6324,16,NA
6325,16,Very Satisfied
6326,16,Very Satisfied
6327,12,Mod. Satisfied
6328,9,Mod. Satisfied
6329,10,NA
6330,11,NA
6331,12,Mod. Satisfied
6332,10,Very Dissatisfied
6333,14,Mod. Satisfied
6334,2,NA
6335,6,Mod. Satisfied
6336,7,NA
6337,12,Very Satisfied
6338,16,Very Satisfied
6339,7,NA
6340,12,Mod. Satisfied
6341,12,Very Dissatisfied
6342,8,Very Satisfied
6343,8,Very Satisfied
6344,12,Very Satisfied
6345,12,Very Dissatisfied
6346,9,NA
6347,12,Very Satisfied
6348,19,Very Satisfied
6349,12,Very Satisfied
6350,18,Mod. Satisfied
6351,19,Very Satisfied
6352,16,Very Satisfied
6353,15,Very Satisfied
6354,3,NA
6355,6,Mod. Satisfied
6356,19,Very Satisfied
6357,16,Very Satisfied
6358,13,Very Satisfied
6359,12,Mod. Satisfied
6360,16,Mod. Satisfied
6361,5,Very Satisfied
6362,8,Very Satisfied
6363,12,Very Satisfied
6364,12,Very Dissatisfied
6365,14,NA
6366,14,Very Satisfied
6367,18,Very Satisfied
6368,12,Very Satisfied
6369,16,Very Satisfied
6370,12,Mod. Satisfied
6371,12,Mod. Satisfied
6372,12,Very Dissatisfied
6373,10,Very Satisfied
6374,10,Mod. Satisfied
6375,14,Very Satisfied
6376,13,Mod. Satisfied
6377,12,A Little Dissat
6378,8,NA
6379,12,Very Satisfied
6380,12,Very Satisfied
6381,5,NA
6382,11,Mod. Satisfied
6383,11,NA
6384,6,Mod. Satisfied
6385,6,NA
6386,9,Mod. Satisfied
6387,17,Very Satisfied
6388,12,Very Satisfied
6389,12,Very Dissatisfied
6390,12,Very Satisfied
6391,15,Very Satisfied
6392,8,Very Satisfied
6393,10,Very Satisfied
6394,10,Mod. Satisfied
6395,20,Very Satisfied
6396,15,NA
6397,11,Very Satisfied
6398,2,Very Satisfied
6399,16,Mod. Satisfied
6400,5,Very Satisfied
6401,18,A Little Dissat
6402,10,Very Dissatisfied
6403,5,NA
6404,11,Very Satisfied
6405,8,NA
6406,12,A Little Dissat
6407,16,Very Satisfied
6408,12,Mod. Satisfied
6409,12,Very Satisfied
6410,16,Mod. Satisfied
6411,12,Very Satisfied
6412,13,Very Satisfied
6413,13,Mod. Satisfied
6414,14,Very Satisfied
6415,15,Mod. Satisfied
6416,11,A Little Dissat
6417,8,Mod. Satisfied
6418,5,Very Satisfied
6419,12,Very Satisfied
6420,10,Very Satisfied
6421,12,Very Satisfied
6422,12,Very Satisfied
6423,16,NA
6424,12,Very Satisfied
6425,8,Very Satisfied
6426,8,Mod. Satisfied
6427,12,Mod. Satisfied
6428,4,Mod. Satisfied
6429,8,Mod. Satisfied
6430,11,Very Satisfied
6431,16,Mod. Satisfied
6432,12,Very Dissatisfied
6433,18,Very Satisfied
6434,12,Very Satisfied
6435,19,Very Satisfied
6436,19,Very Satisfied
6437,3,Mod. Satisfied
6438,12,A Little Dissat
6439,16,Very Satisfied
6440,12,Very Satisfied
6441,15,Mod. Satisfied
6442,12,Very Satisfied
6443,12,Mod. Satisfied
6444,16,Mod. Satisfied
6445,10,Mod. Satisfied
6446,17,Very Satisfied
6447,10,Very Satisfied
6448,6,Very Satisfied
6449,17,A Little Dissat
6450,16,Very Satisfied
6451,7,Mod. Satisfied
6452,16,Mod. Satisfied
6453,10,A Little Dissat
6454,16,Very Satisfied
6455,12,Mod. Satisfied
6456,19,Very Satisfied
6457,12,Mod. Satisfied
6458,12,Very Satisfied
6459,11,Very Dissatisfied
6460,12,Very Satisfied
6461,14,Very Satisfied
6462,12,Mod. Satisfied
6463,9,NA
6464,6,Mod. Satisfied
6465,15,Very Satisfied
6466,12,NA
6467,16,Very Satisfied
6468,8,NA
6469,12,Very Satisfied
6470,12,Very Satisfied
6471,14,Very Satisfied
6472,10,Mod. Satisfied
6473,12,Very Satisfied
6474,7,Very Satisfied
6475,16,Mod. Satisfied
6476,14,Mod. Satisfied
6477,13,Mod. Satisfied
6478,11,Very Satisfied
6479,9,Very Satisfied
6480,12,Very Satisfied
6481,12,Mod. Satisfied
6482,12,Very Satisfied
6483,8,NA
6484,12,Mod. Satisfied
6485,12,A Little Dissat
6486,12,Very Satisfied
6487,17,Very Satisfied
6488,16,Mod. Satisfied
6489,14,Mod. Satisfied
6490,4,Very Satisfied
6491,10,A Little Dissat
6492,3,A Little Dissat
6493,4,NA
6494,13,NA
6495,16,NA
6496,11,NA
6497,12,NA
6498,12,Mod. Satisfied
6499,9,Very Satisfied
6500,6,Very Satisfied
6501,8,Very Dissatisfied
6502,17,NA
6503,10,NA
6504,9,Very Satisfied
6505,11,NA
6506,10,Very Satisfied
6507,11,Very Satisfied
6508,12,Mod. Satisfied
6509,16,Very Satisfied
6510,12,Mod. Satisfied
6511,16,Very Satisfied
6512,12,Mod. Satisfied
6513,14,Mod. Satisfied
6514,7,NA
6515,11,NA
6516,12,Very Satisfied
6517,12,A Little Dissat
6518,14,Very Satisfied
6519,5,Mod. Satisfied
6520,7,Mod. Satisfied
6521,7,Very Dissatisfied
6522,5,Very Satisfied
6523,8,Very Satisfied
6524,12,A Little Dissat
6525,12,Very Satisfied
6526,12,Very Satisfied
6527,12,Very Satisfied
6528,5,Very Satisfied
6529,13,Very Satisfied
6530,17,NA
6531,12,NA
6532,13,A Little Dissat
6533,14,Very Satisfied
6534,12,Mod. Satisfied
6535,12,Mod. Satisfied
6536,12,Mod. Satisfied
6537,12,Very Satisfied
6538,8,Very Satisfied
6539,12,NA
6540,14,Mod. Satisfied
6541,10,Very Dissatisfied
6542,11,Very Satisfied
6543,4,Mod. Satisfied
6544,2,NA
6545,8,NA
6546,12,Very Satisfied
6547,13,A Little Dissat
6548,8,NA
6549,3,Very Satisfied
6550,12,Mod. Satisfied
6551,12,Very Satisfied
6552,8,Very Satisfied
6553,12,Mod. Satisfied
6554,12,Very Satisfied
6555,10,Very Satisfied
6556,7,Very Satisfied
6557,13,NA
6558,17,A Little Dissat
6559,NA,NA
6560,18,Mod. Satisfied
6561,17,Mod. Satisfied
6562,12,Very Satisfied
6563,8,Very Satisfied
6564,10,Very Satisfied
6565,10,Mod. Satisfied
6566,16,Very Satisfied
6567,NA,Very Satisfied
6568,12,Very Satisfied
6569,12,Very Satisfied
6570,10,Very Satisfied
6571,12,Very Satisfied
6572,12,Very Satisfied
6573,11,NA
6574,7,Very Satisfied
6575,12,Mod. Satisfied
6576,NA,Very Satisfied
6577,10,NA
6578,9,Mod. Satisfied
6579,8,A Little Dissat
6580,6,NA
6581,10,Very Satisfied
6582,3,Very Satisfied
6583,9,Very Satisfied
6584,14,NA
6585,14,NA
6586,14,Mod. Satisfied
6587,13,NA
6588,12,Very Satisfied
6589,12,Very Satisfied
6590,17,Mod. Satisfied
6591,17,Very Satisfied
6592,12,Very Satisfied
6593,16,Very Satisfied
6594,9,NA
6595,12,Very Satisfied
6596,11,Very Satisfied
6597,11,Very Satisfied
6598,13,Mod. Satisfied
6599,10,A Little Dissat
6600,12,Very Satisfied
6601,12,NA
6602,14,Very Satisfied
6603,9,NA
6604,10,NA
6605,7,NA
6606,12,Very Dissatisfied
6607,9,Very Satisfied
6608,10,Very Satisfied
6609,13,Mod. Satisfied
6610,14,Mod. Satisfied
6611,13,NA
6612,12,Very Satisfied
6613,12,A Little Dissat
6614,12,Very Satisfied
6615,16,Mod. Satisfied
6616,11,NA
6617,18,Very Satisfied
6618,14,Mod. Satisfied
6619,16,Very Satisfied
6620,10,A Little Dissat
6621,12,Very Satisfied
6622,11,Very Satisfied
6623,18,Mod. Satisfied
6624,19,A Little Dissat
6625,14,A Little Dissat
6626,12,NA
6627,14,Mod. Satisfied
6628,20,Mod. Satisfied
6629,13,Mod. Satisfied
6630,18,Very Dissatisfied
6631,9,NA
6632,11,Mod. Satisfied
6633,11,Mod. Satisfied
6634,15,Very Satisfied
6635,14,NA
6636,12,Very Satisfied
6637,12,Very Dissatisfied
6638,18,Mod. Satisfied
6639,11,Mod. Satisfied
6640,12,Very Satisfied
6641,12,NA
6642,12,Very Satisfied
6643,14,Very Satisfied
6644,19,Very Satisfied
6645,12,Very Satisfied
6646,14,Mod. Satisfied
6647,12,Very Satisfied
6648,12,NA
6649,12,Very Satisfied
6650,12,NA
6651,14,NA
6652,14,Mod. Satisfied
6653,12,Very Satisfied
6654,12,NA
6655,14,Mod. Satisfied
6656,12,Very Satisfied
6657,12,A Little Dissat
6658,10,Very Satisfied
6659,14,Very Satisfied
6660,11,A Little Dissat
6661,12,Very Dissatisfied
6662,12,Very Satisfied
6663,14,Very Satisfied
6664,12,Very Satisfied
6665,8,NA
6666,16,Mod. Satisfied
6667,12,Mod. Satisfied
6668,15,Mod. Satisfied
6669,14,Mod. Satisfied
6670,14,Very Satisfied
6671,13,Very Satisfied
6672,12,Mod. Satisfied
6673,16,NA
6674,12,Very Satisfied
6675,8,Mod. Satisfied
6676,12,Mod. Satisfied
6677,12,Mod. Satisfied
6678,11,Very Dissatisfied
6679,12,Mod. Satisfied
6680,12,Very Satisfied
6681,14,Very Dissatisfied
6682,20,NA
6683,8,NA
6684,12,Very Dissatisfied
6685,10,A Little Dissat
6686,12,Very Satisfied
6687,14,Very Satisfied
6688,12,Very Satisfied
6689,12,Very Satisfied
6690,8,Mod. Satisfied
6691,12,Very Satisfied
6692,8,NA
6693,8,Mod. Satisfied
6694,12,Mod. Satisfied
6695,8,Very Satisfied
6696,10,NA
6697,8,NA
6698,13,Very Satisfied
6699,8,Very Satisfied
6700,8,Mod. Satisfied
6701,8,Mod. Satisfied
6702,18,Mod. Satisfied
6703,12,NA
6704,12,Mod. Satisfied
6705,12,Mod. Satisfied
6706,10,Very Satisfied
6707,7,A Little Dissat
6708,8,Mod. Satisfied
6709,8,Very Satisfied
6710,7,Mod. Satisfied
6711,9,Very Satisfied
6712,9,Mod. Satisfied
6713,8,Mod. Satisfied
6714,7,A Little Dissat
6715,14,Mod. Satisfied
6716,14,NA
6717,12,Mod. Satisfied
6718,7,Very Satisfied
6719,13,NA
6720,12,Mod. Satisfied
6721,16,Mod. Satisfied
6722,16,Very Satisfied
6723,18,Very Satisfied
6724,18,Very Satisfied
6725,16,Mod. Satisfied
6726,7,Very Satisfied
6727,9,Very Satisfied
6728,6,Very Satisfied
6729,12,Very Satisfied
6730,12,Very Satisfied
6731,12,Very Satisfied
6732,4,Mod. Satisfied
6733,8,Very Satisfied
6734,12,Very Satisfied
6735,17,A Little Dissat
6736,11,Mod. Satisfied
6737,12,Very Satisfied
6738,14,A Little Dissat
6739,9,Very Satisfied
6740,14,Mod. Satisfied
6741,12,Mod. Satisfied
6742,14,Very Satisfied
6743,10,Mod. Satisfied
6744,6,NA
6745,12,NA
6746,12,Mod. Satisfied
6747,16,Mod. Satisfied
6748,13,Mod. Satisfied
6749,10,Very Satisfied
6750,11,Very Dissatisfied
6751,10,A Little Dissat
6752,11,A Little Dissat
6753,8,NA
6754,14,Mod. Satisfied
6755,12,Very Satisfied
6756,18,Mod. Satisfied
6757,5,Very Satisfied
6758,14,Very Satisfied
6759,13,Very Satisfied
6760,14,Very Satisfied
6761,13,NA
6762,12,NA
6763,12,Very Satisfied
6764,13,Very Satisfied
6765,15,Very Satisfied
6766,8,Very Satisfied
6767,8,NA
6768,16,NA
6769,10,Very Satisfied
6770,12,Very Satisfied
6771,15,NA
6772,8,NA
6773,12,Very Dissatisfied
6774,12,Very Satisfied
6775,10,Very Satisfied
6776,11,Mod. Satisfied
6777,8,Mod. Satisfied
6778,13,Mod. Satisfied
6779,8,Very Satisfied
6780,11,A Little Dissat
6781,12,Very Dissatisfied
6782,10,NA
6783,12,Very Satisfied
6784,12,Very Satisfied
6785,12,Very Satisfied
6786,12,Mod. Satisfied
6787,8,NA
6788,8,Very Satisfied
6789,8,Very Satisfied
6790,12,Very Satisfied
6791,0,Very Satisfied
6792,12,Very Satisfied
6793,8,Very Satisfied
6794,7,Very Satisfied
6795,12,Very Satisfied
6796,16,Very Satisfied
6797,13,NA
6798,9,Mod. Satisfied
6799,5,NA
6800,4,Mod. Satisfied
6801,8,Mod. Satisfied
6802,8,Very Satisfied
6803,16,Mod. Satisfied
6804,7,Very Satisfied
6805,9,Mod. Satisfied
6806,4,Very Dissatisfied
6807,7,Very Satisfied
6808,7,Mod. Satisfied
6809,4,Mod. Satisfied
6810,0,NA
6811,12,NA
6812,7,NA
6813,12,Very Satisfied
6814,12,Mod. Satisfied
6815,8,Very Satisfied
6816,12,Very Satisfied
6817,7,NA
6818,16,Mod. Satisfied
6819,10,Mod. Satisfied
6820,4,Mod. Satisfied
6821,10,Mod. Satisfied
6822,13,NA
6823,14,Very Satisfied
6824,10,Very Satisfied
6825,10,Very Satisfied
6826,8,NA
6827,9,Very Satisfied
6828,10,Mod. Satisfied
6829,9,NA
6830,11,Mod. Satisfied
6831,9,Very Satisfied
6832,12,Very Satisfied
6833,12,Very Satisfied
6834,10,Mod. Satisfied
6835,10,Very Satisfied
6836,14,Very Satisfied
6837,8,Mod. Satisfied
6838,10,Mod. Satisfied
6839,11,Mod. Satisfied
6840,12,Mod. Satisfied
6841,12,Mod. Satisfied
6842,13,A Little Dissat
6843,12,Mod. Satisfied
6844,12,Very Satisfied
6845,12,Very Satisfied
6846,12,NA
6847,16,Mod. Satisfied
6848,12,Very Satisfied
6849,16,Mod. Satisfied
6850,16,Very Dissatisfied
6851,11,Mod. Satisfied
6852,10,Mod. Satisfied
6853,9,NA
6854,12,Very Satisfied
6855,12,Very Satisfied
6856,11,NA
6857,7,Very Satisfied
6858,8,NA
6859,16,NA
6860,8,Mod. Satisfied
6861,13,Mod. Satisfied
6862,12,Mod. Satisfied
6863,12,NA
6864,12,NA
6865,12,A Little Dissat
6866,6,NA
6867,8,NA
6868,11,A Little Dissat
6869,16,Mod. Satisfied
6870,16,Very Satisfied
6871,16,Mod. Satisfied
6872,10,NA
6873,12,Very Satisfied
6874,12,Mod. Satisfied
6875,12,Mod. Satisfied
6876,16,Mod. Satisfied
6877,14,Very Dissatisfied
6878,12,A Little Dissat
6879,13,Very Satisfied
6880,10,Mod. Satisfied
6881,17,A Little Dissat
6882,10,Very Satisfied
6883,12,A Little Dissat
6884,8,Very Satisfied
6885,4,Very Satisfied
6886,13,Mod. Satisfied
6887,8,NA
6888,9,Very Satisfied
6889,8,Mod. Satisfied
6890,12,Mod. Satisfied
6891,8,NA
6892,8,NA
6893,7,Very Satisfied
6894,11,Mod. Satisfied
6895,12,Very Satisfied
6896,12,Very Satisfied
6897,10,Mod. Satisfied
6898,8,Very Satisfied
6899,12,A Little Dissat
6900,12,Very Satisfied
6901,17,Very Satisfied
6902,14,A Little Dissat
6903,16,Mod. Satisfied
6904,17,Mod. Satisfied
6905,12,Very Satisfied
6906,14,Very Satisfied
6907,17,Very Satisfied
6908,12,NA
6909,16,Very Satisfied
6910,12,Mod. Satisfied
6911,10,Very Dissatisfied
6912,9,Very Satisfied
6913,8,NA
6914,10,Very Satisfied
6915,12,Very Satisfied
6916,17,Very Satisfied
6917,16,NA
6918,7,NA
6919,15,NA
6920,13,Mod. Satisfied
6921,11,Very Satisfied
6922,18,Very Satisfied
6923,12,Very Satisfied
6924,12,A Little Dissat
6925,16,A Little Dissat
6926,14,Mod. Satisfied
6927,10,Very Satisfied
6928,8,Mod. Satisfied
6929,10,Mod. Satisfied
6930,10,Very Satisfied
6931,12,Mod. Satisfied
6932,12,Very Satisfied
6933,12,Mod. Satisfied
6934,12,Very Satisfied
6935,12,Mod. Satisfied
6936,14,Mod. Satisfied
6937,12,Very Satisfied
6938,12,Mod. Satisfied
6939,12,NA
6940,14,Mod. Satisfied
6941,14,NA
6942,18,Very Satisfied
6943,12,Mod. Satisfied
6944,12,A Little Dissat
6945,12,Mod. Satisfied
6946,3,NA
6947,12,NA
6948,18,Mod. Satisfied
6949,16,Very Satisfied
6950,12,Mod. Satisfied
6951,18,A Little Dissat
6952,12,Very Satisfied
6953,12,Mod. Satisfied
6954,16,Very Dissatisfied
6955,14,Mod. Satisfied
6956,16,Mod. Satisfied
6957,12,Very Satisfied
6958,8,NA
6959,12,Very Dissatisfied
6960,12,Very Dissatisfied
6961,15,Very Satisfied
6962,9,Mod. Satisfied
6963,5,NA
6964,13,NA
6965,10,Mod. Satisfied
6966,13,NA
6967,9,NA
6968,12,Very Satisfied
6969,9,Very Satisfied
6970,16,Very Satisfied
6971,15,NA
6972,12,Very Satisfied
6973,12,Mod. Satisfied
6974,12,Very Satisfied
6975,17,Very Satisfied
6976,13,NA
6977,12,Very Satisfied
6978,12,Very Satisfied
6979,12,A Little Dissat
6980,10,NA
6981,6,Mod. Satisfied
6982,13,Very Satisfied
6983,12,Very Satisfied
6984,14,A Little Dissat
6985,12,Very Satisfied
6986,11,Very Dissatisfied
6987,12,Mod. Satisfied
6988,12,Mod. Satisfied
6989,4,NA
6990,14,Very Satisfied
6991,12,Very Satisfied
6992,12,Mod. Satisfied
6993,12,Very Satisfied
6994,13,Very Satisfied
6995,12,Mod. Satisfied
6996,16,NA
6997,12,Very Satisfied
6998,12,A Little Dissat
6999,12,Mod. Satisfied
7000,12,Mod. Satisfied
7001,14,NA
7002,12,Mod. Satisfied
7003,14,A Little Dissat
7004,12,Very Satisfied
7005,11,Mod. Satisfied
7006,12,Very Dissatisfied
7007,12,Very Satisfied
7008,10,Very Satisfied
7009,12,Very Dissatisfied
7010,12,Very Satisfied
7011,20,Very Satisfied
7012,11,Very Satisfied
7013,10,Mod. Satisfied
7014,12,NA
7015,12,NA
7016,16,Mod. Satisfied
7017,12,Very Satisfied
7018,12,Very Satisfied
7019,6,NA
7020,12,Mod. Satisfied
7021,16,Very Satisfied
7022,12,Mod. Satisfied
7023,11,NA
7024,12,Very Satisfied
7025,16,Very Satisfied
7026,9,NA
7027,16,A Little Dissat
7028,13,NA
7029,12,Very Satisfied
7030,9,Very Satisfied
7031,20,Very Satisfied
7032,20,NA
7033,12,NA
7034,17,Very Satisfied
7035,16,Very Satisfied
7036,12,NA
7037,10,Very Satisfied
7038,12,A Little Dissat
7039,8,Very Satisfied
7040,12,Very Satisfied
7041,10,NA
7042,15,A Little Dissat
7043,11,NA
7044,10,A Little Dissat
7045,NA,Very Satisfied
7046,15,Very Satisfied
7047,10,NA
7048,8,Very Satisfied
7049,10,Mod. Satisfied
7050,12,Mod. Satisfied
7051,11,NA
7052,12,Very Satisfied
7053,11,Very Satisfied
7054,11,A Little Dissat
7055,12,Very Satisfied
7056,16,Very Satisfied
7057,13,Very Satisfied
7058,11,Very Satisfied
7059,12,NA
7060,14,Very Satisfied
7061,16,Very Satisfied
7062,12,Very Satisfied
7063,12,Mod. Satisfied
7064,12,Very Satisfied
7065,12,Very Satisfied
7066,12,NA
7067,16,NA
7068,12,Mod. Satisfied
7069,12,Very Dissatisfied
7070,13,Mod. Satisfied
7071,11,NA
7072,10,NA
7073,5,Very Satisfied
7074,12,A Little Dissat
7075,12,Very Satisfied
7076,12,NA
7077,4,Very Satisfied
7078,8,Very Satisfied
7079,16,Mod. Satisfied
7080,16,Very Satisfied
7081,12,Very Satisfied
7082,16,Very Satisfied
7083,13,Very Satisfied
7084,12,A Little Dissat
7085,16,Very Satisfied
7086,12,Very Satisfied
7087,17,Mod. Satisfied
7088,11,Very Satisfied
7089,12,Very Satisfied
7090,12,Mod. Satisfied
7091,11,A Little Dissat
7092,14,NA
7093,12,Mod. Satisfied
7094,11,Mod. Satisfied
7095,12,Very Satisfied
7096,12,Mod. Satisfied
7097,10,Very Satisfied
7098,8,Very Satisfied
7099,16,Very Satisfied
7100,11,Very Satisfied
7101,10,Very Satisfied
7102,13,NA
7103,15,A Little Dissat
7104,11,Very Satisfied
7105,11,Very Satisfied
7106,16,Very Satisfied
7107,14,Very Satisfied
7108,3,Very Satisfied
7109,15,Mod. Satisfied
7110,12,Very Satisfied
7111,9,Very Satisfied
7112,11,NA
7113,12,A Little Dissat
7114,12,A Little Dissat
7115,12,Very Satisfied
7116,14,A Little Dissat
7117,12,Mod. Satisfied
7118,11,A Little Dissat
7119,12,Very Satisfied
7120,13,Mod. Satisfied
7121,12,A Little Dissat
7122,17,Very Satisfied
7123,13,Very Satisfied
7124,14,Mod. Satisfied
7125,16,Very Satisfied
7126,12,Very Satisfied
7127,7,A Little Dissat
7128,16,Mod. Satisfied
7129,7,NA
7130,8,Mod. Satisfied
7131,13,Very Satisfied
7132,12,Mod. Satisfied
7133,12,Mod. Satisfied
7134,17,Mod. Satisfied
7135,NA,Mod. Satisfied
7136,14,Mod. Satisfied
7137,13,NA
7138,3,NA
7139,9,Very Satisfied
7140,12,Very Satisfied
7141,14,Mod. Satisfied
7142,10,NA
7143,12,Very Satisfied
7144,13,Very Satisfied
7145,12,Mod. Satisfied
7146,12,Very Satisfied
7147,13,Very Satisfied
7148,12,NA
7149,14,Mod. Satisfied
7150,12,Mod. Satisfied
7151,13,Very Dissatisfied
7152,16,A Little Dissat
7153,20,Very Satisfied
7154,16,Mod. Satisfied
7155,20,Very Satisfied
7156,12,NA
7157,13,A Little Dissat
7158,12,Mod. Satisfied
7159,10,Very Dissatisfied
7160,16,Very Satisfied
7161,12,NA
7162,8,NA
7163,3,NA
7164,12,Mod. Satisfied
7165,13,Very Satisfied
7166,12,Very Satisfied
7167,11,NA
7168,8,A Little Dissat
7169,10,Mod. Satisfied
7170,12,Mod. Satisfied
7171,8,NA
7172,13,Very Satisfied
7173,18,NA
7174,19,Very Satisfied
7175,12,Mod. Satisfied
7176,16,Very Satisfied
7177,14,NA
7178,11,Mod. Satisfied
7179,16,NA
7180,14,Very Satisfied
7181,14,Very Dissatisfied
7182,12,NA
7183,11,Mod. Satisfied
7184,13,Very Satisfied
7185,14,A Little Dissat
7186,7,NA
7187,12,Mod. Satisfied
7188,12,Very Satisfied
7189,12,Very Satisfied
7190,12,Mod. Satisfied
7191,8,Very Satisfied
7192,5,NA
7193,12,Very Dissatisfied
7194,12,Very Satisfied
7195,8,Very Satisfied
7196,12,Very Satisfied
7197,12,Mod. Satisfied
7198,12,Very Satisfied
7199,8,Very Satisfied
7200,12,Mod. Satisfied
7201,12,Very Dissatisfied
7202,16,Mod. Satisfied
7203,12,A Little Dissat
7204,12,Mod. Satisfied
7205,12,Very Satisfied
7206,12,Very Satisfied
7207,14,NA
7208,8,NA
7209,10,Very Satisfied
7210,12,Mod. Satisfied
7211,15,NA
7212,10,NA
7213,12,A Little Dissat
7214,6,Mod. Satisfied
7215,12,Very Satisfied
7216,10,A Little Dissat
7217,7,A Little Dissat
7218,8,NA
7219,12,Very Satisfied
7220,12,Mod. Satisfied
7221,12,Mod. Satisfied
7222,10,NA
7223,10,Very Satisfied
7224,12,Mod. Satisfied
7225,12,Very Satisfied
7226,12,A Little Dissat
7227,8,NA
7228,7,NA
7229,8,Very Satisfied
7230,12,Very Satisfied
7231,12,Mod. Satisfied
7232,8,NA
7233,9,Mod. Satisfied
7234,11,Very Satisfied
7235,12,Very Satisfied
7236,13,Mod. Satisfied
7237,9,NA
7238,7,NA
7239,11,NA
7240,12,Mod. Satisfied
7241,12,NA
7242,13,A Little Dissat
7243,9,NA
7244,6,Mod. Satisfied
7245,11,Very Satisfied
7246,9,A Little Dissat
7247,16,Very Satisfied
7248,10,NA
7249,6,Very Satisfied
7250,9,Mod. Satisfied
7251,14,NA
7252,12,Very Satisfied
7253,12,Very Satisfied
7254,14,Very Satisfied
7255,12,Very Satisfied
7256,16,NA
7257,12,NA
7258,12,Very Satisfied
7259,16,NA
7260,12,Very Satisfied
7261,16,Very Satisfied
7262,15,Very Satisfied
7263,14,Very Satisfied
7264,16,Mod. Satisfied
7265,12,Very Satisfied
7266,14,Mod. Satisfied
7267,19,Very Satisfied
7268,8,NA
7269,12,A Little Dissat
7270,10,Mod. Satisfied
7271,20,NA
7272,8,NA
7273,16,Very Satisfied
7274,12,Very Satisfied
7275,11,Very Satisfied
7276,9,NA
7277,12,Very Satisfied
7278,12,Very Satisfied
7279,9,Very Satisfied
7280,7,Mod. Satisfied
7281,12,Very Satisfied
7282,16,Mod. Satisfied
7283,15,NA
7284,13,Mod. Satisfied
7285,16,Very Satisfied
7286,12,NA
7287,8,NA
7288,12,Very Satisfied
7289,8,Very Satisfied
7290,12,Very Satisfied
7291,12,Very Satisfied
7292,16,Very Satisfied
7293,17,Very Satisfied
7294,15,NA
7295,12,Mod. Satisfied
7296,11,A Little Dissat
7297,12,NA
7298,8,Very Satisfied
7299,12,NA
7300,14,Mod. Satisfied
7301,19,Very Satisfied
7302,4,NA
7303,12,NA
7304,16,Very Satisfied
7305,9,Very Satisfied
7306,12,Very Dissatisfied
7307,4,NA
7308,14,Mod. Satisfied
7309,12,Very Satisfied
7310,8,Very Satisfied
7311,11,Mod. Satisfied
7312,12,Mod. Satisfied
7313,8,Very Satisfied
7314,15,Mod. Satisfied
7315,8,Mod. Satisfied
7316,18,Mod. Satisfied
7317,14,NA
7318,10,Very Dissatisfied
7319,12,Very Satisfied
7320,14,Mod. Satisfied
7321,16,Very Satisfied
7322,8,NA
7323,14,Very Satisfied
7324,10,Very Satisfied
7325,12,Mod. Satisfied
7326,14,Mod. Satisfied
7327,9,Very Satisfied
7328,12,Mod. Satisfied
7329,7,Mod. Satisfied
7330,12,Very Dissatisfied
7331,12,Very Satisfied
7332,9,NA
7333,2,NA
7334,10,NA
7335,4,NA
7336,8,NA
7337,13,Very Satisfied
7338,11,Mod. Satisfied
7339,9,Mod. Satisfied
7340,19,Very Satisfied
7341,12,Very Satisfied
7342,14,NA
7343,5,Very Satisfied
7344,10,Mod. Satisfied
7345,9,Mod. Satisfied
7346,12,NA
7347,7,Mod. Satisfied
7348,10,A Little Dissat
7349,12,Very Satisfied
7350,10,A Little Dissat
7351,14,Very Satisfied
7352,14,Mod. Satisfied
7353,11,A Little Dissat
7354,12,Very Satisfied
7355,16,Very Satisfied
7356,17,Very Satisfied
7357,19,Very Satisfied
7358,16,Very Satisfied
7359,12,A Little Dissat
7360,12,Very Satisfied
7361,11,Very Satisfied
7362,7,Very Satisfied
7363,7,Very Satisfied
7364,7,Mod. Satisfied
7365,14,Mod. Satisfied
7366,14,Very Satisfied
7367,16,Very Satisfied
7368,12,Very Satisfied
7369,12,A Little Dissat
7370,14,Very Satisfied
7371,20,Mod. Satisfied
7372,16,NA
7373,10,A Little Dissat
7374,16,A Little Dissat
7375,19,Very Satisfied
7376,12,NA
7377,20,Mod. Satisfied
7378,8,Very Satisfied
7379,13,NA
7380,13,Very Satisfied
7381,12,Mod. Satisfied
7382,19,Mod. Satisfied
7383,8,Very Satisfied
7384,14,NA
7385,12,Mod. Satisfied
7386,14,Very Satisfied
7387,11,Very Satisfied
7388,9,Very Satisfied
7389,12,Very Satisfied
7390,11,Very Satisfied
7391,12,NA
7392,12,NA
7393,8,Mod. Satisfied
7394,12,Mod. Satisfied
7395,3,Very Satisfied
7396,12,Mod. Satisfied
7397,17,Very Satisfied
7398,12,Very Dissatisfied
7399,12,Mod. Satisfied
7400,18,Very Satisfied
7401,13,Very Dissatisfied
7402,13,NA
7403,8,Very Satisfied
7404,12,Very Dissatisfied
7405,13,Very Satisfied
7406,12,NA
7407,16,Very Satisfied
7408,12,Very Satisfied
7409,13,Mod. Satisfied
7410,17,Very Satisfied
7411,12,Very Satisfied
7412,12,NA
7413,12,Mod. Satisfied
7414,12,Mod. Satisfied
7415,12,Mod. Satisfied
7416,16,NA
7417,19,Very Satisfied
7418,20,NA
7419,12,Very Satisfied
7420,16,Very Satisfied
7421,9,Mod. Satisfied
7422,13,NA
7423,12,Mod. Satisfied
7424,16,Very Satisfied
7425,10,Very Satisfied
7426,12,Very Satisfied
7427,6,Very Satisfied
7428,12,Mod. Satisfied
7429,8,A Little Dissat
7430,13,Mod. Satisfied
7431,14,NA
7432,16,Very Satisfied
7433,14,Very Satisfied
7434,18,Mod. Satisfied
7435,17,Mod. Satisfied
7436,12,NA
7437,16,Very Satisfied
7438,16,Very Satisfied
7439,17,Very Satisfied
7440,13,Very Satisfied
7441,12,Mod. Satisfied
7442,11,NA
7443,14,Very Satisfied
7444,12,Very Satisfied
7445,12,Very Satisfied
7446,13,NA
7447,13,NA
7448,15,Very Satisfied
7449,12,Mod. Satisfied
7450,14,Mod. Satisfied
7451,9,Very Satisfied
7452,20,Mod. Satisfied
7453,12,Mod. Satisfied
7454,16,Mod. Satisfied
7455,10,A Little Dissat
7456,9,Mod. Satisfied
7457,8,NA
7458,9,Very Satisfied
7459,12,NA
7460,16,Very Satisfied
7461,13,Very Satisfied
7462,17,Mod. Satisfied
7463,12,Very Satisfied
7464,12,Very Satisfied
7465,12,Mod. Satisfied
7466,12,Mod. Satisfied
7467,20,A Little Dissat
7468,12,Very Dissatisfied
7469,12,Mod. Satisfied
7470,12,Very Satisfied
7471,14,Very Satisfied
7472,12,NA
7473,13,Very Satisfied
7474,8,Mod. Satisfied
7475,12,Mod. Satisfied
7476,15,NA
7477,16,Very Satisfied
7478,6,NA
7479,12,Very Satisfied
7480,16,Mod. Satisfied
7481,12,NA
7482,12,NA
7483,12,Very Satisfied
7484,9,NA
7485,12,Very Satisfied
7486,17,A Little Dissat
7487,13,Very Dissatisfied
7488,8,NA
7489,15,NA
7490,12,Very Satisfied
7491,8,NA
7492,10,NA
7493,13,Very Satisfied
7494,13,Very Satisfied
7495,11,Mod. Satisfied
7496,16,NA
7497,12,NA
7498,14,NA
7499,8,NA
7500,12,NA
7501,12,Mod. Satisfied
7502,9,NA
7503,12,Mod. Satisfied
7504,8,Very Satisfied
7505,11,Mod. Satisfied
7506,10,NA
7507,7,Very Satisfied
7508,6,Mod. Satisfied
7509,12,Very Satisfied
7510,16,Very Satisfied
7511,12,NA
7512,14,Very Satisfied
7513,8,Very Satisfied
7514,8,NA
7515,10,Mod. Satisfied
7516,9,NA
7517,12,NA
7518,12,Very Satisfied
7519,12,Mod. Satisfied
7520,11,Very Satisfied
7521,10,NA
7522,12,Mod. Satisfied
7523,10,Mod. Satisfied
7524,12,Very Satisfied
7525,12,Mod. Satisfied
7526,11,Mod. Satisfied
7527,9,NA
7528,8,Very Satisfied
7529,12,Very Satisfied
7530,15,Mod. Satisfied
7531,6,NA
7532,8,NA
7533,8,Very Satisfied
7534,12,Mod. Satisfied
7535,4,NA
7536,16,Very Satisfied
7537,11,Mod. Satisfied
7538,7,Very Satisfied
7539,7,Very Satisfied
7540,5,A Little Dissat
7541,12,Mod. Satisfied
7542,6,Very Satisfied
7543,13,Very Satisfied
7544,10,Mod. Satisfied
7545,10,Very Satisfied
7546,12,Mod. Satisfied
7547,14,Very Satisfied
7548,12,NA
7549,12,A Little Dissat
7550,17,Mod. Satisfied
7551,16,Very Satisfied
7552,13,NA
7553,14,NA
7554,8,Very Satisfied
7555,16,Very Satisfied
7556,11,Very Satisfied
7557,12,NA
7558,9,Very Satisfied
7559,11,Very Satisfied
7560,12,Very Satisfied
7561,12,NA
7562,12,NA
7563,16,NA
7564,10,NA
7565,12,Mod. Satisfied
7566,12,NA
7567,12,Mod. Satisfied
7568,8,Mod. Satisfied
7569,12,Mod. Satisfied
7570,13,Mod. Satisfied
7571,9,Mod. Satisfied
7572,5,NA
7573,3,NA
7574,3,Very Satisfied
7575,8,Mod. Satisfied
7576,12,NA
7577,0,NA
7578,7,Very Satisfied
7579,8,Very Satisfied
7580,12,Mod. Satisfied
7581,7,NA
7582,16,NA
7583,11,Mod. Satisfied
7584,12,Very Satisfied
7585,12,Very Satisfied
7586,11,NA
7587,13,Very Satisfied
7588,13,NA
7589,11,NA
7590,10,Mod. Satisfied
7591,8,Very Satisfied
7592,4,Mod. Satisfied
7593,8,NA
7594,16,Mod. Satisfied
7595,NA,Mod. Satisfied
7596,17,Mod. Satisfied
7597,14,Very Satisfied
7598,12,Very Satisfied
7599,10,Mod. Satisfied
7600,15,Very Satisfied
7601,9,Mod. Satisfied
7602,13,Very Satisfied
7603,14,Very Satisfied
7604,12,Very Satisfied
7605,16,NA
7606,16,Very Satisfied
7607,16,A Little Dissat
7608,15,Mod. Satisfied
7609,16,NA
7610,16,NA
7611,12,Very Satisfied
7612,12,Very Satisfied
7613,14,Very Satisfied
7614,12,Very Satisfied
7615,12,Mod. Satisfied
7616,7,Mod. Satisfied
7617,13,Mod. Satisfied
7618,12,A Little Dissat
7619,8,Very Satisfied
7620,12,Mod. Satisfied
7621,12,Mod. Satisfied
7622,9,A Little Dissat
7623,9,Very Satisfied
7624,12,A Little Dissat
7625,12,Mod. Satisfied
7626,16,Very Satisfied
7627,10,Very Dissatisfied
7628,11,Mod. Satisfied
7629,14,A Little Dissat
7630,10,Very Satisfied
7631,4,Mod. Satisfied
7632,14,NA
7633,13,Very Dissatisfied
7634,12,Mod. Satisfied
7635,10,A Little Dissat
7636,11,Very Satisfied
7637,11,Mod. Satisfied
7638,17,Very Satisfied
7639,9,A Little Dissat
7640,16,A Little Dissat
7641,12,Very Satisfied
7642,9,Very Satisfied
7643,10,NA
7644,12,NA
7645,12,Very Satisfied
7646,16,NA
7647,18,Very Satisfied
7648,12,A Little Dissat
7649,12,Very Satisfied
7650,12,Mod. Satisfied
7651,13,Very Satisfied
7652,18,Very Satisfied
7653,12,A Little Dissat
7654,12,Mod. Satisfied
7655,6,NA
7656,4,NA
7657,8,Very Satisfied
7658,14,Mod. Satisfied
7659,10,Mod. Satisfied
7660,15,A Little Dissat
7661,12,Mod. Satisfied
7662,0,NA
7663,14,Mod. Satisfied
7664,NA,Mod. Satisfied
7665,18,Very Satisfied
7666,16,A Little Dissat
7667,16,Mod. Satisfied
7668,10,Mod. Satisfied
7669,10,Very Satisfied
7670,12,A Little Dissat
7671,14,Very Satisfied
7672,7,Mod. Satisfied
7673,14,Very Satisfied
7674,8,Mod. Satisfied
7675,9,Mod. Satisfied
7676,11,Mod. Satisfied
7677,5,Very Satisfied
7678,11,Mod. Satisfied
7679,12,A Little Dissat
7680,8,Very Satisfied
7681,7,Mod. Satisfied
7682,8,Very Satisfied
7683,8,NA
7684,4,Very Satisfied
7685,12,Very Satisfied
7686,12,Mod. Satisfied
7687,14,Very Satisfied
7688,11,A Little Dissat
7689,11,Very Satisfied
7690,14,NA
7691,11,Mod. Satisfied
7692,17,Very Satisfied
7693,18,NA
7694,13,Very Satisfied
7695,16,Very Dissatisfied
7696,NA,Very Satisfied
7697,8,Mod. Satisfied
7698,9,Very Satisfied
7699,12,Mod. Satisfied
7700,10,Mod. Satisfied
7701,8,Mod. Satisfied
7702,10,A Little Dissat
7703,12,A Little Dissat
7704,12,A Little Dissat
7705,12,Very Satisfied
7706,9,A Little Dissat
7707,12,Mod. Satisfied
7708,17,Mod. Satisfied
7709,17,Mod. Satisfied
7710,12,Very Satisfied
7711,17,Very Satisfied
7712,12,A Little Dissat
7713,16,Mod. Satisfied
7714,15,Very Satisfied
7715,11,Mod. Satisfied
7716,12,Mod. Satisfied
7717,12,Mod. Satisfied
7718,16,Very Satisfied
7719,8,NA
7720,13,A Little Dissat
7721,12,NA
7722,12,Mod. Satisfied
7723,10,Mod. Satisfied
7724,13,Very Satisfied
7725,5,NA
7726,11,Mod. Satisfied
7727,8,Mod. Satisfied
7728,6,Mod. Satisfied
7729,13,A Little Dissat
7730,11,NA
7731,9,Mod. Satisfied
7732,16,Mod. Satisfied
7733,12,Very Satisfied
7734,16,NA
7735,10,Very Satisfied
7736,13,NA
7737,10,A Little Dissat
7738,13,Mod. Satisfied
7739,8,Mod. Satisfied
7740,11,Mod. Satisfied
7741,12,Very Satisfied
7742,12,Very Satisfied
7743,8,Very Satisfied
7744,12,Mod. Satisfied
7745,14,Very Satisfied
7746,12,Very Satisfied
7747,12,Mod. Satisfied
7748,12,Mod. Satisfied
7749,12,Very Satisfied
7750,7,Very Satisfied
7751,12,Very Satisfied
7752,10,Mod. Satisfied
7753,12,Very Satisfied
7754,12,Very Satisfied
7755,12,Mod. Satisfied
7756,12,Very Satisfied
7757,12,Very Satisfied
7758,16,Mod. Satisfied
7759,14,Very Satisfied
7760,20,Very Satisfied
7761,16,NA
7762,13,Very Dissatisfied
7763,18,Very Satisfied
7764,16,Mod. Satisfied
7765,13,NA
7766,11,A Little Dissat
7767,12,NA
7768,12,Mod. Satisfied
7769,8,A Little Dissat
7770,8,Very Satisfied
7771,12,Very Satisfied
7772,12,A Little Dissat
7773,12,Mod. Satisfied
7774,12,Mod. Satisfied
7775,14,Mod. Satisfied
7776,12,Mod. Satisfied
7777,13,Mod. Satisfied
7778,12,Mod. Satisfied
7779,6,NA
7780,12,Mod. Satisfied
7781,12,NA
7782,7,NA
7783,9,Very Satisfied
7784,12,NA
7785,10,A Little Dissat
7786,8,Very Satisfied
7787,12,Very Satisfied
7788,14,Very Satisfied
7789,13,Mod. Satisfied
7790,12,Very Dissatisfied
7791,16,A Little Dissat
7792,17,Very Satisfied
7793,12,A Little Dissat
7794,12,Very Satisfied
7795,14,Very Satisfied
7796,9,Mod. Satisfied
7797,12,Very Satisfied
7798,10,Mod. Satisfied
7799,12,Mod. Satisfied
7800,12,Very Satisfied
7801,12,Very Satisfied
7802,12,Mod. Satisfied
7803,12,Very Satisfied
7804,14,Mod. Satisfied
7805,18,Very Satisfied
7806,14,A Little Dissat
7807,12,Mod. Satisfied
7808,12,Very Satisfied
7809,11,NA
7810,11,Mod. Satisfied
7811,17,Very Satisfied
7812,12,A Little Dissat
7813,16,Mod. Satisfied
7814,20,Mod. Satisfied
7815,12,Very Satisfied
7816,14,A Little Dissat
7817,10,Mod. Satisfied
7818,12,Very Dissatisfied
7819,8,NA
7820,8,NA
7821,6,NA
7822,12,Very Satisfied
7823,8,Very Satisfied
7824,12,Mod. Satisfied
7825,17,NA
7826,6,NA
7827,16,NA
7828,12,Mod. Satisfied
7829,12,NA
7830,3,NA
7831,12,Mod. Satisfied
7832,12,Mod. Satisfied
7833,6,NA
7834,10,NA
7835,14,Mod. Satisfied
7836,8,Very Satisfied
7837,12,Mod. Satisfied
7838,12,Mod. Satisfied
7839,12,Very Satisfied
7840,9,Mod. Satisfied
7841,12,Very Satisfied
7842,18,Very Satisfied
7843,11,Very Satisfied
7844,12,Mod. Satisfied
7845,11,NA
7846,13,NA
7847,18,Mod. Satisfied
7848,15,Very Satisfied
7849,12,Very Satisfied
7850,13,Mod. Satisfied
7851,12,Very Satisfied
7852,12,Very Satisfied
7853,11,Mod. Satisfied
7854,20,NA
7855,16,Very Satisfied
7856,5,NA
7857,12,Mod. Satisfied
7858,12,Very Satisfied
7859,18,NA
7860,11,Mod. Satisfied
7861,12,Very Satisfied
7862,12,Very Satisfied
7863,9,Very Satisfied
7864,12,Mod. Satisfied
7865,15,Mod. Satisfied
7866,8,Mod. Satisfied
7867,16,Very Satisfied
7868,5,Very Satisfied
7869,20,Very Dissatisfied
7870,10,Very Satisfied
7871,18,Very Satisfied
7872,18,Very Satisfied
7873,16,NA
7874,12,NA
7875,14,Mod. Satisfied
7876,13,NA
7877,12,Mod. Satisfied
7878,14,Very Satisfied
7879,16,NA
7880,13,Mod. Satisfied
7881,11,Mod. Satisfied
7882,16,Mod. Satisfied
7883,15,NA
7884,16,NA
7885,13,A Little Dissat
7886,10,Mod. Satisfied
7887,13,Very Satisfied
7888,11,Mod. Satisfied
7889,6,Mod. Satisfied
7890,12,Mod. Satisfied
7891,12,Very Satisfied
7892,12,Very Satisfied
7893,12,Very Satisfied
7894,8,Very Satisfied
7895,12,Mod. Satisfied
7896,14,Mod. Satisfied
7897,13,Very Satisfied
7898,14,Mod. Satisfied
7899,10,NA
7900,12,Very Satisfied
7901,12,Very Satisfied
7902,12,Very Satisfied
7903,6,Mod. Satisfied
7904,13,NA
7905,10,Very Satisfied
7906,12,Mod. Satisfied
7907,12,Mod. Satisfied
7908,12,Very Satisfied
7909,12,Very Satisfied
7910,16,Mod. Satisfied
7911,12,Mod. Satisfied
7912,10,Very Satisfied
7913,12,Very Satisfied
7914,12,Very Satisfied
7915,16,Very Satisfied
7916,12,Mod. Satisfied
7917,12,Very Satisfied
7918,9,Very Satisfied
7919,14,Very Satisfied
7920,7,Very Satisfied
7921,13,Mod. Satisfied
7922,18,NA
7923,9,Very Satisfied
7924,9,Very Satisfied
7925,12,Mod. Satisfied
7926,7,Very Satisfied
7927,6,Very Satisfied
7928,6,Very Satisfied
7929,9,Very Satisfied
7930,9,Mod. Satisfied
7931,16,Mod. Satisfied
7932,9,A Little Dissat
7933,9,Mod. Satisfied
7934,12,Very Satisfied
7935,12,Mod. Satisfied
7936,10,NA
7937,12,Very Satisfied
7938,12,Mod. Satisfied
7939,12,Mod. Satisfied
7940,14,Very Satisfied
7941,11,Mod. Satisfied
7942,12,NA
7943,9,Mod. Satisfied
7944,10,Mod. Satisfied
7945,12,A Little Dissat
7946,14,Very Satisfied
7947,8,Very Satisfied
7948,12,Very Satisfied
7949,11,Mod. Satisfied
7950,7,Very Satisfied
7951,12,Mod. Satisfied
7952,11,NA
7953,12,Very Satisfied
7954,12,Very Satisfied
7955,13,Very Satisfied
7956,12,A Little Dissat
7957,14,Mod. Satisfied
7958,14,Mod. Satisfied
7959,NA,Mod. Satisfied
7960,10,A Little Dissat
7961,10,Very Satisfied
7962,12,Mod. Satisfied
7963,14,Mod. Satisfied
7964,13,Very Satisfied
7965,12,Mod. Satisfied
7966,17,Mod. Satisfied
7967,12,Very Satisfied
7968,20,Very Satisfied
7969,14,Very Satisfied
7970,11,NA
7971,15,NA
7972,12,NA
7973,3,NA
7974,12,NA
7975,16,NA
7976,4,Very Satisfied
7977,4,Very Satisfied
7978,8,Very Satisfied
7979,12,A Little Dissat
7980,12,Mod. Satisfied
7981,12,Very Satisfied
7982,17,Mod. Satisfied
7983,16,Mod. Satisfied
7984,18,Very Dissatisfied
7985,12,Very Satisfied
7986,12,Mod. Satisfied
7987,18,Very Satisfied
7988,12,Mod. Satisfied
7989,8,A Little Dissat
7990,12,Very Satisfied
7991,10,A Little Dissat
7992,15,A Little Dissat
7993,12,A Little Dissat
7994,12,A Little Dissat
7995,13,Mod. Satisfied
7996,12,Mod. Satisfied
7997,16,Very Satisfied
7998,16,Very Satisfied
7999,15,Mod. Satisfied
8000,12,Mod. Satisfied
8001,13,Very Satisfied
8002,12,A Little Dissat
8003,12,Very Satisfied
8004,12,Very Satisfied
8005,12,Mod. Satisfied
8006,15,Mod. Satisfied
8007,12,Very Satisfied
8008,7,NA
8009,11,A Little Dissat
8010,12,Mod. Satisfied
8011,11,Very Satisfied
8012,14,Very Dissatisfied
8013,12,Very Satisfied
8014,12,Very Satisfied
8015,11,Very Satisfied
8016,12,Mod. Satisfied
8017,13,Mod. Satisfied
8018,12,Very Satisfied
8019,14,Mod. Satisfied
8020,13,NA
8021,12,Mod. Satisfied
8022,12,Mod. Satisfied
8023,16,Mod. Satisfied
8024,14,A Little Dissat
8025,12,Very Satisfied
8026,12,Very Dissatisfied
8027,12,NA
8028,12,Mod. Satisfied
8029,12,Very Satisfied
8030,14,Very Satisfied
8031,13,A Little Dissat
8032,18,Very Satisfied
8033,14,Very Satisfied
8034,12,Mod. Satisfied
8035,14,Very Dissatisfied
8036,10,A Little Dissat
8037,12,A Little Dissat
8038,13,Mod. Satisfied
8039,16,NA
8040,11,NA
8041,12,Mod. Satisfied
8042,19,Mod. Satisfied
8043,20,A Little Dissat
8044,14,Mod. Satisfied
8045,13,Mod. Satisfied
8046,14,Very Satisfied
8047,14,Very Satisfied
8048,11,Mod. Satisfied
8049,13,NA
8050,12,Mod. Satisfied
8051,10,Very Dissatisfied
8052,11,NA
8053,16,Very Satisfied
8054,12,Very Satisfied
8055,12,Mod. Satisfied
8056,11,NA
8057,8,Very Satisfied
8058,13,Very Satisfied
8059,10,NA
8060,13,Very Satisfied
8061,12,Mod. Satisfied
8062,12,Very Satisfied
8063,12,NA
8064,8,Very Satisfied
8065,12,NA
8066,10,Very Satisfied
8067,14,NA
8068,12,Very Satisfied
8069,12,Very Satisfied
8070,12,A Little Dissat
8071,8,NA
8072,11,A Little Dissat
8073,8,Very Satisfied
8074,11,Mod. Satisfied
8075,8,Mod. Satisfied
8076,11,Mod. Satisfied
8077,17,NA
8078,8,NA
8079,13,NA
8080,11,Very Satisfied
8081,12,NA
8082,12,NA
8083,15,Mod. Satisfied
8084,12,NA
8085,12,Mod. Satisfied
8086,16,NA
8087,16,NA
8088,12,Very Satisfied
8089,8,NA
8090,7,Mod. Satisfied
8091,12,Mod. Satisfied
8092,12,A Little Dissat
8093,13,Very Satisfied
8094,12,Very Satisfied
8095,8,NA
8096,12,Very Satisfied
8097,12,Very Satisfied
8098,12,Very Satisfied
8099,12,Very Satisfied
8100,7,Very Satisfied
8101,12,Very Satisfied
8102,12,Mod. Satisfied
8103,17,Very Satisfied
8104,12,Very Satisfied
8105,12,Mod. Satisfied
8106,12,Very Satisfied
8107,11,NA
8108,8,NA
8109,9,Very Satisfied
8110,12,Mod. Satisfied
8111,16,Mod. Satisfied
8112,8,Mod. Satisfied
8113,16,Mod. Satisfied
8114,17,Mod. Satisfied
8115,14,NA
8116,8,NA
8117,12,Very Satisfied
8118,12,Mod. Satisfied
8119,14,Very Satisfied
8120,12,Mod. Satisfied
8121,12,Very Satisfied
8122,9,Very Satisfied
8123,16,A Little Dissat
8124,15,Mod. Satisfied
8125,11,Very Satisfied
8126,8,NA
8127,9,NA
8128,15,Mod. Satisfied
8129,14,NA
8130,12,Very Satisfied
8131,18,Very Satisfied
8132,16,Mod. Satisfied
8133,16,Very Satisfied
8134,16,Mod. Satisfied
8135,8,NA
8136,12,Very Satisfied
8137,12,A Little Dissat
8138,12,Very Satisfied
8139,8,A Little Dissat
8140,12,Mod. Satisfied
8141,13,Very Satisfied
8142,14,Very Satisfied
8143,16,Mod. Satisfied
8144,9,A Little Dissat
8145,8,Mod. Satisfied
8146,12,Mod. Satisfied
8147,11,Very Satisfied
8148,12,Mod. Satisfied
8149,10,Mod. Satisfied
8150,12,A Little Dissat
8151,14,NA
8152,12,Mod. Satisfied
8153,6,Mod. Satisfied
8154,8,Very Satisfied
8155,12,Very Satisfied
8156,16,Very Satisfied
8157,12,Mod. Satisfied
8158,15,NA
8159,16,Mod. Satisfied
8160,10,Very Satisfied
8161,12,A Little Dissat
8162,10,A Little Dissat
8163,12,Very Satisfied
8164,7,Mod. Satisfied
8165,11,Mod. Satisfied
8166,13,Very Satisfied
8167,8,NA
8168,10,NA
8169,9,Mod. Satisfied
8170,9,Mod. Satisfied
8171,12,Very Satisfied
8172,11,A Little Dissat
8173,16,Very Satisfied
8174,5,NA
8175,NA,Mod. Satisfied
8176,13,NA
8177,14,Mod. Satisfied
8178,7,Mod. Satisfied
8179,9,Very Satisfied
8180,9,Mod. Satisfied
8181,19,Very Satisfied
8182,9,Very Satisfied
8183,8,Very Satisfied
8184,7,Mod. Satisfied
8185,9,Very Satisfied
8186,9,A Little Dissat
8187,12,Very Satisfied
8188,14,Very Satisfied
8189,16,Very Satisfied
8190,9,Very Satisfied
8191,11,Mod. Satisfied
8192,18,Very Satisfied
8193,15,Mod. Satisfied
8194,12,NA
8195,12,A Little Dissat
8196,15,NA
8197,11,Very Satisfied
8198,11,Very Satisfied
8199,6,NA
8200,3,NA
8201,7,Mod. Satisfied
8202,7,Mod. Satisfied
8203,8,Mod. Satisfied
8204,10,Mod. Satisfied
8205,18,Mod. Satisfied
8206,12,Very Satisfied
8207,12,NA
8208,12,NA
8209,16,Mod. Satisfied
8210,12,Mod. Satisfied
8211,10,A Little Dissat
8212,9,Very Satisfied
8213,12,Very Satisfied
8214,11,Mod. Satisfied
8215,13,Very Satisfied
8216,10,NA
8217,20,Very Satisfied
8218,11,Very Satisfied
8219,13,Very Satisfied
8220,12,Mod. Satisfied
8221,12,NA
8222,8,Very Satisfied
8223,13,NA
8224,5,Mod. Satisfied
8225,12,Very Satisfied
8226,5,NA
8227,4,NA
8228,9,NA
8229,15,NA
8230,12,Very Satisfied
8231,10,Mod. Satisfied
8232,7,Mod. Satisfied
8233,8,NA
8234,7,NA
8235,11,Mod. Satisfied
8236,12,NA
8237,13,Very Satisfied
8238,12,Mod. Satisfied
8239,13,Mod. Satisfied
8240,12,Mod. Satisfied
8241,12,Very Satisfied
8242,14,NA
8243,13,Mod. Satisfied
8244,15,Mod. Satisfied
8245,12,Very Satisfied
8246,14,Mod. Satisfied
8247,11,Very Satisfied
8248,12,Very Satisfied
8249,13,Very Satisfied
8250,15,Very Satisfied
8251,12,Mod. Satisfied
8252,12,Very Satisfied
8253,5,NA
8254,10,Very Satisfied
8255,10,NA
8256,11,A Little Dissat
8257,13,Mod. Satisfied
8258,11,Very Satisfied
8259,9,Very Satisfied
8260,6,A Little Dissat
8261,8,Very Satisfied
8262,10,A Little Dissat
8263,12,Mod. Satisfied
8264,9,Mod. Satisfied
8265,12,Very Dissatisfied
8266,16,Mod. Satisfied
8267,8,Very Satisfied
8268,8,Mod. Satisfied
8269,12,Very Satisfied
8270,8,NA
8271,16,Very Satisfied
8272,12,Mod. Satisfied
8273,10,Mod. Satisfied
8274,16,NA
8275,12,NA
8276,12,Very Satisfied
8277,16,Very Satisfied
8278,8,Very Satisfied
8279,12,Very Satisfied
8280,8,Very Satisfied
8281,12,Very Satisfied
8282,12,Mod. Satisfied
8283,12,A Little Dissat
8284,8,Very Satisfied
8285,12,Mod. Satisfied
8286,8,Very Satisfied
8287,8,Very Satisfied
8288,12,Very Satisfied
8289,8,Very Dissatisfied
8290,NA,A Little Dissat
8291,8,NA
8292,12,Mod. Satisfied
8293,12,Mod. Satisfied
8294,14,NA
8295,6,Mod. Satisfied
8296,12,Very Satisfied
8297,12,A Little Dissat
8298,4,NA
8299,8,Very Satisfied
8300,9,Mod. Satisfied
8301,15,NA
8302,12,Mod. Satisfied
8303,15,Very Satisfied
8304,10,Very Dissatisfied
8305,9,Mod. Satisfied
8306,7,Very Satisfied
8307,13,Very Satisfied
8308,12,NA
8309,12,Mod. Satisfied
8310,10,Very Satisfied
8311,7,Very Satisfied
8312,4,Very Satisfied
8313,6,NA
8314,6,Very Satisfied
8315,11,Mod. Satisfied
8316,16,Very Satisfied
8317,8,Very Satisfied
8318,12,Very Satisfied
8319,10,Very Satisfied
8320,8,Mod. Satisfied
8321,12,Mod. Satisfied
8322,12,Very Satisfied
8323,5,Very Satisfied
8324,10,NA
8325,16,Mod. Satisfied
8326,9,Very Satisfied
8327,12,Very Satisfied
8328,11,Very Satisfied
8329,0,NA
8330,13,Mod. Satisfied
8331,12,Mod. Satisfied
8332,12,Very Satisfied
8333,9,NA
8334,15,NA
8335,14,Mod. Satisfied
8336,11,Very Satisfied
8337,12,Mod. Satisfied
8338,13,Very Satisfied
8339,12,NA
8340,12,Very Satisfied
8341,12,Very Satisfied
8342,5,Mod. Satisfied
8343,12,Very Satisfied
8344,12,Mod. Satisfied
8345,12,Mod. Satisfied
8346,16,Mod. Satisfied
8347,12,Very Satisfied
8348,16,Mod. Satisfied
8349,9,Very Satisfied
8350,17,Very Satisfied
8351,12,Very Satisfied
8352,13,Mod. Satisfied
8353,16,Very Satisfied
8354,16,Mod. Satisfied
8355,15,Very Satisfied
8356,12,Mod. Satisfied
8357,16,NA
8358,16,Mod. Satisfied
8359,10,Very Satisfied
8360,11,NA
8361,5,NA
8362,12,Very Satisfied
8363,12,Mod. Satisfied
8364,11,Mod. Satisfied
8365,15,Very Satisfied
8366,16,Very Satisfied
8367,12,NA
8368,12,NA
8369,5,Very Satisfied
8370,14,Very Satisfied
8371,5,Very Satisfied
8372,12,NA
8373,3,Mod. Satisfied
8374,8,NA
8375,17,Very Satisfied
8376,6,A Little Dissat
8377,6,NA
8378,NA,A Little Dissat
8379,15,Mod. Satisfied
8380,8,NA
8381,NA,NA
8382,12,Very Satisfied
8383,14,Mod. Satisfied
8384,12,Very Satisfied
8385,16,Mod. Satisfied
8386,12,Very Satisfied
8387,15,NA
8388,12,Very Satisfied
8389,12,A Little Dissat
8390,12,Very Satisfied
8391,12,Mod. Satisfied
8392,9,Very Satisfied
8393,12,A Little Dissat
8394,11,Mod. Satisfied
8395,18,Mod. Satisfied
8396,13,Very Dissatisfied
8397,16,Very Satisfied
8398,12,Mod. Satisfied
8399,13,NA
8400,2,NA
8401,12,Mod. Satisfied
8402,12,Very Satisfied
8403,7,NA
8404,12,Mod. Satisfied
8405,12,Mod. Satisfied
8406,3,NA
8407,8,Very Satisfied
8408,12,Very Satisfied
8409,12,Very Satisfied
8410,12,Very Satisfied
8411,12,A Little Dissat
8412,12,Mod. Satisfied
8413,9,Mod. Satisfied
8414,12,Very Satisfied
8415,7,Mod. Satisfied
8416,8,Very Satisfied
8417,12,Mod. Satisfied
8418,11,Very Dissatisfied
8419,8,Very Satisfied
8420,14,A Little Dissat
8421,10,A Little Dissat
8422,17,NA
8423,16,Mod. Satisfied
8424,10,Very Satisfied
8425,16,Very Satisfied
8426,16,NA
8427,16,NA
8428,16,NA
8429,12,NA
8430,8,Very Satisfied
8431,12,Very Satisfied
8432,10,Mod. Satisfied
8433,9,Mod. Satisfied
8434,9,Mod. Satisfied
8435,12,Mod. Satisfied
8436,8,NA
8437,13,Very Dissatisfied
8438,10,Very Satisfied
8439,12,Mod. Satisfied
8440,18,Mod. Satisfied
8441,12,Very Satisfied
8442,16,Very Satisfied
8443,18,Very Satisfied
8444,12,Very Satisfied
8445,12,Very Satisfied
8446,16,NA
8447,16,Very Satisfied
8448,12,Mod. Satisfied
8449,5,NA
8450,9,NA
8451,16,Very Satisfied
8452,7,A Little Dissat
8453,10,A Little Dissat
8454,14,Mod. Satisfied
8455,15,A Little Dissat
8456,10,Mod. Satisfied
8457,14,Very Satisfied
8458,7,NA
8459,15,NA
8460,12,Mod. Satisfied
8461,13,Very Satisfied
8462,10,Very Satisfied
8463,14,Mod. Satisfied
8464,18,Very Satisfied
8465,13,Very Satisfied
8466,20,Very Satisfied
8467,19,Very Satisfied
8468,16,Very Satisfied
8469,13,Mod. Satisfied
8470,16,Very Satisfied
8471,12,A Little Dissat
8472,12,Very Satisfied
8473,12,Very Satisfied
8474,14,Very Satisfied
8475,8,Very Satisfied
8476,20,Very Dissatisfied
8477,12,Very Satisfied
8478,12,Very Satisfied
8479,12,Mod. Satisfied
8480,11,Very Satisfied
8481,19,Mod. Satisfied
8482,11,Mod. Satisfied
8483,16,Mod. Satisfied
8484,18,Very Satisfied
8485,13,NA
8486,12,Very Satisfied
8487,13,Mod. Satisfied
8488,15,A Little Dissat
8489,12,Mod. Satisfied
8490,16,Mod. Satisfied
8491,15,NA
8492,19,Mod. Satisfied
8493,12,Mod. Satisfied
8494,10,NA
8495,12,Very Satisfied
8496,12,Very Satisfied
8497,8,Very Satisfied
8498,11,Mod. Satisfied
8499,6,Very Satisfied
8500,16,Mod. Satisfied
8501,17,Very Satisfied
8502,12,Mod. Satisfied
8503,11,Very Satisfied
8504,12,Mod. Satisfied
8505,12,NA
8506,12,A Little Dissat
8507,12,Very Satisfied
8508,12,Mod. Satisfied
8509,20,Very Satisfied
8510,12,A Little Dissat
8511,16,Very Satisfied
8512,11,Very Dissatisfied
8513,12,Very Satisfied
8514,12,Mod. Satisfied
8515,11,Very Satisfied
8516,12,Mod. Satisfied
8517,12,Very Satisfied
8518,12,Mod. Satisfied
8519,12,Mod. Satisfied
8520,8,NA
8521,9,Mod. Satisfied
8522,12,Very Satisfied
8523,12,Very Satisfied
8524,12,Mod. Satisfied
8525,15,A Little Dissat
8526,12,Very Satisfied
8527,16,NA
8528,16,Very Satisfied
8529,12,A Little Dissat
8530,12,Very Satisfied
8531,16,Very Satisfied
8532,12,Very Satisfied
8533,7,A Little Dissat
8534,8,Mod. Satisfied
8535,12,Mod. Satisfied
8536,11,Mod. Satisfied
8537,9,NA
8538,8,Mod. Satisfied
8539,12,Very Satisfied
8540,8,A Little Dissat
8541,8,Mod. Satisfied
8542,8,NA
8543,10,NA
8544,9,Mod. Satisfied
8545,12,Very Satisfied
8546,8,NA
8547,17,Very Satisfied
8548,16,NA
8549,18,Very Satisfied
8550,16,Very Satisfied
8551,20,Very Satisfied
8552,16,Very Satisfied
8553,14,Very Dissatisfied
8554,16,Mod. Satisfied
8555,12,Mod. Satisfied
8556,13,Mod. Satisfied
8557,8,Mod. Satisfied
8558,11,Mod. Satisfied
8559,12,NA
8560,16,Very Satisfied
8561,16,Very Satisfied
8562,12,Mod. Satisfied
8563,13,Very Satisfied
8564,13,Very Satisfied
8565,19,A Little Dissat
8566,16,Very Satisfied
8567,11,Very Satisfied
8568,12,NA
8569,10,NA
8570,12,NA
8571,18,Very Satisfied
8572,16,NA
8573,14,Very Satisfied
8574,10,Very Satisfied
8575,9,NA
8576,12,A Little Dissat
8577,12,Very Satisfied
8578,16,A Little Dissat
8579,7,Mod. Satisfied
8580,14,Mod. Satisfied
8581,12,Mod. Satisfied
8582,12,Very Satisfied
8583,16,Mod. Satisfied
8584,4,NA
8585,13,Very Satisfied
8586,11,Mod. Satisfied
8587,11,Mod. Satisfied
8588,12,NA
8589,11,Mod. Satisfied
8590,19,Very Satisfied
8591,12,Very Satisfied
8592,12,Very Satisfied
8593,17,Very Satisfied
8594,16,Mod. Satisfied
8595,12,Mod. Satisfied
8596,13,A Little Dissat
8597,20,Very Satisfied
8598,13,Mod. Satisfied
8599,11,Very Satisfied
8600,12,Very Satisfied
8601,16,A Little Dissat
8602,19,Very Satisfied
8603,12,A Little Dissat
8604,10,Very Satisfied
8605,12,A Little Dissat
8606,15,Very Satisfied
8607,18,Very Satisfied
8608,13,Mod. Satisfied
8609,10,A Little Dissat
8610,12,Very Satisfied
8611,3,Very Satisfied
8612,15,Very Satisfied
8613,3,Very Satisfied
8614,11,Very Satisfied
8615,9,Very Satisfied
8616,9,Very Satisfied
8617,12,Mod. Satisfied
8618,6,NA
8619,10,Very Satisfied
8620,4,Very Satisfied
8621,10,Very Satisfied
8622,12,A Little Dissat
8623,12,Very Satisfied
8624,17,Mod. Satisfied
8625,12,Mod. Satisfied
8626,15,A Little Dissat
8627,12,Mod. Satisfied
8628,12,Mod. Satisfied
8629,12,Very Satisfied
8630,14,Very Satisfied
8631,12,Very Satisfied
8632,12,Very Dissatisfied
8633,12,Very Satisfied
8634,16,A Little Dissat
8635,17,Very Satisfied
8636,15,Mod. Satisfied
8637,12,Mod. Satisfied
8638,16,Mod. Satisfied
8639,14,A Little Dissat
8640,13,Very Satisfied
8641,16,Very Satisfied
8642,6,Mod. Satisfied
8643,11,Very Satisfied
8644,12,Very Satisfied
8645,14,Mod. Satisfied
8646,12,NA
8647,13,Mod. Satisfied
8648,11,Very Satisfied
8649,6,NA
8650,8,Mod. Satisfied
8651,15,Very Satisfied
8652,6,Very Satisfied
8653,12,Mod. Satisfied
8654,12,Very Satisfied
8655,11,Very Dissatisfied
8656,4,NA
8657,9,A Little Dissat
8658,7,NA
8659,12,Mod. Satisfied
8660,7,Mod. Satisfied
8661,9,Very Satisfied
8662,16,Very Satisfied
8663,6,Very Satisfied
8664,16,Very Satisfied
8665,8,Very Satisfied
8666,12,Very Dissatisfied
8667,16,Very Satisfied
8668,12,NA
8669,10,Very Satisfied
8670,12,Mod. Satisfied
8671,6,Mod. Satisfied
8672,12,A Little Dissat
8673,12,Mod. Satisfied
8674,12,Very Satisfied
8675,12,NA
8676,5,Very Satisfied
8677,5,A Little Dissat
8678,12,Very Satisfied
8679,11,Mod. Satisfied
8680,12,NA
8681,13,Mod. Satisfied
8682,12,Very Satisfied
8683,7,Very Satisfied
8684,9,NA
8685,0,Very Satisfied
8686,12,Mod. Satisfied
8687,4,Very Satisfied
8688,16,Very Satisfied
8689,11,Mod. Satisfied
8690,7,Mod. Satisfied
8691,7,Mod. Satisfied
8692,9,Mod. Satisfied
8693,12,Very Satisfied
8694,9,NA
8695,20,Mod. Satisfied
8696,19,A Little Dissat
8697,14,Mod. Satisfied
8698,11,Very Satisfied
8699,9,A Little Dissat
8700,12,Very Satisfied
8701,11,Mod. Satisfied
8702,12,Very Satisfied
8703,7,Very Satisfied
8704,17,Very Satisfied
8705,8,Mod. Satisfied
8706,11,Very Satisfied
8707,12,Very Satisfied
8708,11,Very Satisfied
8709,7,Very Satisfied
8710,16,NA
8711,10,Mod. Satisfied
8712,12,Mod. Satisfied
8713,11,Very Satisfied
8714,12,Very Satisfied
8715,14,Mod. Satisfied
8716,12,Mod. Satisfied
8717,14,Mod. Satisfied
8718,4,Mod. Satisfied
8719,12,NA
8720,7,Very Satisfied
8721,11,Very Satisfied
8722,15,NA
8723,12,A Little Dissat
8724,12,Mod. Satisfied
8725,11,Mod. Satisfied
8726,9,Very Satisfied
8727,11,NA
8728,14,A Little Dissat
8729,10,Very Satisfied
8730,16,Very Satisfied
8731,10,A Little Dissat
8732,12,Mod. Satisfied
8733,12,Very Satisfied
8734,6,Mod. Satisfied
8735,11,Very Satisfied
8736,11,NA
8737,13,Mod. Satisfied
8738,14,Very Satisfied
8739,12,Very Satisfied
8740,10,NA
8741,8,NA
8742,8,NA
8743,12,Very Satisfied
8744,9,Very Satisfied
8745,10,Mod. Satisfied
8746,11,Very Satisfied
8747,14,Very Satisfied
8748,7,NA
8749,12,Very Satisfied
8750,12,Very Satisfied
8751,14,Very Satisfied
8752,12,Mod. Satisfied
8753,10,Very Satisfied
8754,12,Very Satisfied
8755,12,Mod. Satisfied
8756,12,NA
8757,14,Mod. Satisfied
8758,8,Very Satisfied
8759,10,NA
8760,8,Very Satisfied
8761,13,Mod. Satisfied
8762,14,Mod. Satisfied
8763,13,Mod. Satisfied
8764,16,Mod. Satisfied
8765,10,Mod. Satisfied
8766,12,Mod. Satisfied
8767,12,Very Satisfied
8768,12,Very Satisfied
8769,16,Very Satisfied
8770,11,NA
8771,14,Mod. Satisfied
8772,18,Mod. Satisfied
8773,13,Very Satisfied
8774,16,Very Dissatisfied
8775,12,NA
8776,14,Very Satisfied
8777,14,NA
8778,7,NA
8779,12,Very Satisfied
8780,16,Mod. Satisfied
8781,11,NA
8782,13,A Little Dissat
8783,18,Mod. Satisfied
8784,10,Very Satisfied
8785,14,NA
8786,19,NA
8787,14,Mod. Satisfied
8788,14,NA
8789,16,Very Satisfied
8790,16,Very Satisfied
8791,17,Mod. Satisfied
8792,12,Very Satisfied
8793,19,Very Satisfied
8794,13,Mod. Satisfied
8795,10,Mod. Satisfied
8796,8,NA
8797,13,Very Satisfied
8798,16,Mod. Satisfied
8799,10,A Little Dissat
8800,9,NA
8801,12,NA
8802,3,NA
8803,14,Mod. Satisfied
8804,13,Very Satisfied
8805,18,Very Satisfied
8806,14,NA
8807,10,NA
8808,8,NA
8809,11,NA
8810,6,NA
8811,12,Very Satisfied
8812,14,Very Satisfied
8813,16,Very Satisfied
8814,12,Very Satisfied
8815,9,Very Satisfied
8816,11,Very Satisfied
8817,12,Mod. Satisfied
8818,13,Mod. Satisfied
8819,12,Very Satisfied
8820,17,Very Satisfied
8821,10,Very Satisfied
8822,12,Very Satisfied
8823,12,NA
8824,12,Mod. Satisfied
8825,12,Mod. Satisfied
8826,12,Very Satisfied
8827,8,A Little Dissat
8828,13,Very Satisfied
8829,12,Very Satisfied
8830,8,Very Satisfied
8831,14,A Little Dissat
8832,12,Mod. Satisfied
8833,13,Mod. Satisfied
8834,12,Mod. Satisfied
8835,16,Very Dissatisfied
8836,13,A Little Dissat
8837,17,Mod. Satisfied
8838,14,Mod. Satisfied
8839,11,Very Satisfied
8840,14,Very Satisfied
8841,14,NA
8842,12,Very Satisfied
8843,13,Very Satisfied
8844,12,Mod. Satisfied
8845,11,Very Satisfied
8846,14,Very Satisfied
8847,11,NA
8848,12,NA
8849,10,Very Satisfied
8850,20,NA
8851,14,Very Satisfied
8852,12,Very Satisfied
8853,17,Very Dissatisfied
8854,NA,Mod. Satisfied
8855,16,Mod. Satisfied
8856,18,Very Dissatisfied
8857,11,A Little Dissat
8858,NA,NA
8859,8,Mod. Satisfied
8860,12,Mod. Satisfied
8861,14,NA
8862,12,Mod. Satisfied
8863,13,Very Satisfied
8864,12,A Little Dissat
8865,16,NA
8866,12,Very Dissatisfied
8867,11,Very Satisfied
8868,10,Mod. Satisfied
8869,12,A Little Dissat
8870,12,Mod. Satisfied
8871,10,NA
8872,11,NA
8873,17,Very Satisfied
8874,11,Mod. Satisfied
8875,12,Mod. Satisfied
8876,18,Very Satisfied
8877,12,Very Satisfied
8878,10,Mod. Satisfied
8879,12,Very Dissatisfied
8880,12,Very Satisfied
8881,8,NA
8882,12,Very Satisfied
8883,12,Very Satisfied
8884,12,A Little Dissat
8885,12,Very Satisfied
8886,8,NA
8887,15,Mod. Satisfied
8888,5,NA
8889,12,Mod. Satisfied
8890,13,Very Satisfied
8891,12,Very Satisfied
8892,12,Mod. Satisfied
8893,16,Mod. Satisfied
8894,12,NA
8895,12,Mod. Satisfied
8896,12,Very Satisfied
8897,11,Mod. Satisfied
8898,8,NA
8899,6,NA
8900,12,Very Satisfied
8901,12,NA
8902,12,Mod. Satisfied
8903,10,Very Satisfied
8904,15,A Little Dissat
8905,10,Very Satisfied
8906,8,Mod. Satisfied
8907,9,Mod. Satisfied
8908,12,Mod. Satisfied
8909,8,Mod. Satisfied
8910,14,Mod. Satisfied
8911,10,NA
8912,5,NA
8913,12,Mod. Satisfied
8914,12,Very Satisfied
8915,12,Very Satisfied
8916,6,Very Satisfied
8917,13,Very Satisfied
8918,6,NA
8919,12,A Little Dissat
8920,14,Very Satisfied
8921,12,Mod. Satisfied
8922,12,NA
8923,12,Mod. Satisfied
8924,12,Mod. Satisfied
8925,10,Mod. Satisfied
8926,10,A Little Dissat
8927,4,Mod. Satisfied
8928,9,Mod. Satisfied
8929,6,Very Satisfied
8930,10,Very Satisfied
8931,11,Mod. Satisfied
8932,3,NA
8933,10,Mod. Satisfied
8934,12,Mod. Satisfied
8935,9,Very Satisfied
8936,7,A Little Dissat
8937,12,Mod. Satisfied
8938,12,Mod. Satisfied
8939,12,Mod. Satisfied
8940,10,A Little Dissat
8941,5,Very Dissatisfied
8942,10,NA
8943,12,Mod. Satisfied
8944,12,Very Satisfied
8945,15,Very Satisfied
8946,11,Very Satisfied
8947,12,Very Satisfied
8948,12,Very Satisfied
8949,8,Mod. Satisfied
8950,13,Mod. Satisfied
8951,10,Very Satisfied
8952,4,Mod. Satisfied
8953,12,Very Satisfied
8954,16,Very Satisfied
8955,11,Mod. Satisfied
8956,10,Very Satisfied
8957,12,A Little Dissat
8958,10,Mod. Satisfied
8959,0,Very Satisfied
8960,8,Very Satisfied
8961,14,Very Satisfied
8962,17,Very Satisfied
8963,12,A Little Dissat
8964,17,Very Satisfied
8965,18,Mod. Satisfied
8966,11,Mod. Satisfied
8967,6,Mod. Satisfied
8968,12,Very Satisfied
8969,8,Mod. Satisfied
8970,8,Mod. Satisfied
8971,8,A Little Dissat
8972,12,Mod. Satisfied
8973,12,Very Satisfied
8974,12,Very Satisfied
8975,13,Mod. Satisfied
8976,16,Very Satisfied
8977,12,Very Satisfied
8978,10,NA
8979,11,Mod. Satisfied
8980,12,Very Satisfied
8981,11,Very Satisfied
8982,12,A Little Dissat
8983,12,Mod. Satisfied
8984,12,Mod. Satisfied
8985,12,Very Satisfied
8986,12,Mod. Satisfied
8987,12,Mod. Satisfied
8988,11,NA
8989,12,Very Satisfied
8990,10,Mod. Satisfied
8991,12,Mod. Satisfied
8992,12,Mod. Satisfied
8993,13,Mod. Satisfied
8994,11,Very Satisfied
8995,12,Very Satisfied
8996,18,Very Satisfied
8997,10,NA
8998,14,Mod. Satisfied
8999,10,Very Satisfied
9000,14,Mod. Satisfied
9001,12,Mod. Satisfied
9002,14,Mod. Satisfied
9003,8,NA
9004,8,NA
9005,14,Very Satisfied
9006,4,NA
9007,10,Mod. Satisfied
9008,13,Very Satisfied
9009,10,Very Dissatisfied
9010,4,NA
9011,12,Very Dissatisfied
9012,8,Mod. Satisfied
9013,9,NA
9014,9,NA
9015,12,Very Satisfied
9016,8,Very Satisfied
9017,12,Very Satisfied
9018,8,Very Satisfied
9019,8,Mod. Satisfied
9020,12,Mod. Satisfied
9021,11,Mod. Satisfied
9022,8,NA
9023,10,NA
9024,20,Mod. Satisfied
9025,12,A Little Dissat
9026,11,NA
9027,16,Very Satisfied
9028,14,NA
9029,16,Very Satisfied
9030,8,Mod. Satisfied
9031,12,Very Satisfied
9032,12,Very Satisfied
9033,12,Very Satisfied
9034,12,Mod. Satisfied
9035,8,NA
9036,12,Very Satisfied
9037,14,Very Satisfied
9038,11,Mod. Satisfied
9039,12,Very Satisfied
9040,15,Mod. Satisfied
9041,9,Very Satisfied
9042,8,Mod. Satisfied
9043,8,NA
9044,10,Mod. Satisfied
9045,8,NA
9046,8,Very Satisfied
9047,12,Mod. Satisfied
9048,6,NA
9049,8,NA
9050,16,Very Satisfied
9051,7,Very Satisfied
9052,12,Mod. Satisfied
9053,12,Mod. Satisfied
9054,12,Very Satisfied
9055,6,Very Satisfied
9056,11,NA
9057,7,Very Satisfied
9058,12,Very Satisfied
9059,12,Very Satisfied
9060,5,NA
9061,4,Very Satisfied
9062,12,Very Satisfied
9063,9,NA
9064,5,Mod. Satisfied
9065,7,Very Satisfied
9066,5,Mod. Satisfied
9067,8,Mod. Satisfied
9068,7,Mod. Satisfied
9069,17,Very Satisfied
9070,15,NA
9071,8,Mod. Satisfied
9072,12,Mod. Satisfied
9073,7,A Little Dissat
9074,7,Mod. Satisfied
9075,8,Mod. Satisfied
9076,7,Very Dissatisfied
9077,14,A Little Dissat
9078,14,Very Satisfied
9079,10,Very Satisfied
9080,12,Very Satisfied
9081,6,NA
9082,8,NA
9083,7,A Little Dissat
9084,9,Very Satisfied
9085,8,Very Satisfied
9086,11,Mod. Satisfied
9087,11,Very Satisfied
9088,9,Mod. Satisfied
9089,5,NA
9090,14,Very Satisfied
9091,3,NA
9092,14,NA
9093,16,Very Satisfied
9094,4,Very Dissatisfied
9095,7,NA
9096,6,NA
9097,5,Very Satisfied
9098,12,Mod. Satisfied
9099,7,Mod. Satisfied
9100,12,Mod. Satisfied
9101,16,NA
9102,12,Mod. Satisfied
9103,6,Mod. Satisfied
9104,12,Very Satisfied
9105,16,Very Satisfied
9106,3,Very Satisfied
9107,11,Very Satisfied
9108,7,Mod. Satisfied
9109,8,Very Satisfied
9110,10,Very Satisfied
9111,10,Very Satisfied
9112,16,Very Satisfied
9113,12,Very Satisfied
9114,12,Mod. Satisfied
9115,10,Mod. Satisfied
9116,12,Very Satisfied
9117,17,Very Satisfied
9118,12,Very Satisfied
9119,15,NA
9120,16,Very Satisfied
9121,12,A Little Dissat
9122,9,Very Satisfied
9123,10,Very Satisfied
9124,12,Very Satisfied
9125,12,Very Satisfied
9126,12,A Little Dissat
9127,12,NA
9128,12,NA
9129,16,Mod. Satisfied
9130,12,Very Satisfied
9131,12,Very Satisfied
9132,17,NA
9133,18,Mod. Satisfied
9134,18,A Little Dissat
9135,7,A Little Dissat
9136,12,A Little Dissat
9137,14,Mod. Satisfied
9138,16,Very Satisfied
9139,12,Mod. Satisfied
9140,15,Very Satisfied
9141,10,Mod. Satisfied
9142,14,Very Satisfied
9143,14,Very Satisfied
9144,16,Mod. Satisfied
9145,19,Mod. Satisfied
9146,16,NA
9147,16,Mod. Satisfied
9148,12,Very Satisfied
9149,12,Very Satisfied
9150,11,Mod. Satisfied
9151,12,Very Satisfied
9152,5,NA
9153,9,NA
9154,14,Very Satisfied
9155,13,Mod. Satisfied
9156,3,NA
9157,15,Mod. Satisfied
9158,13,Mod. Satisfied
9159,12,Mod. Satisfied
9160,12,Mod. Satisfied
9161,19,Very Satisfied
9162,12,Very Satisfied
9163,12,Very Satisfied
9164,12,Mod. Satisfied
9165,12,Mod. Satisfied
9166,14,Mod. Satisfied
9167,12,Mod. Satisfied
9168,12,Mod. Satisfied
9169,8,NA
9170,8,NA
9171,12,NA
9172,10,Mod. Satisfied
9173,8,Very Satisfied
9174,12,A Little Dissat
9175,12,A Little Dissat
9176,20,Very Satisfied
9177,14,Mod. Satisfied
9178,11,Mod. Satisfied
9179,12,Mod. Satisfied
9180,11,Very Dissatisfied
9181,14,NA
9182,14,A Little Dissat
9183,19,Very Dissatisfied
9184,12,Mod. Satisfied
9185,12,Very Satisfied
9186,4,NA
9187,12,A Little Dissat
9188,11,NA
9189,12,A Little Dissat
9190,12,A Little Dissat
9191,11,Very Satisfied
9192,13,Very Satisfied
9193,7,Very Satisfied
9194,12,Mod. Satisfied
9195,12,Mod. Satisfied
9196,16,Very Satisfied
9197,7,NA
9198,12,Very Satisfied
9199,12,Very Satisfied
9200,16,Very Satisfied
9201,20,Very Satisfied
9202,15,Very Satisfied
9203,12,Very Satisfied
9204,17,Very Satisfied
9205,16,A Little Dissat
9206,13,Mod. Satisfied
9207,12,Very Dissatisfied
9208,11,Very Satisfied
9209,10,NA
9210,14,Very Satisfied
9211,16,Very Satisfied
9212,12,Mod. Satisfied
9213,20,NA
9214,16,Mod. Satisfied
9215,14,Very Satisfied
9216,13,Mod. Satisfied
9217,12,Very Satisfied
9218,12,Very Satisfied
9219,12,A Little Dissat
9220,12,NA
9221,8,Very Satisfied
9222,12,Very Satisfied
9223,12,A Little Dissat
9224,18,Very Satisfied
9225,12,Mod. Satisfied
9226,19,Mod. Satisfied
9227,12,Mod. Satisfied
9228,12,Very Satisfied
9229,8,Very Satisfied
9230,6,Mod. Satisfied
9231,7,NA
9232,10,Very Satisfied
9233,10,Mod. Satisfied
9234,12,Mod. Satisfied
9235,4,Very Satisfied
9236,11,Mod. Satisfied
9237,9,NA
9238,9,Very Dissatisfied
9239,12,Mod. Satisfied
9240,12,Very Satisfied
9241,10,Very Satisfied
9242,11,NA
9243,11,NA
9244,12,Very Satisfied
9245,15,Very Dissatisfied
9246,12,Very Satisfied
9247,12,Mod. Satisfied
9248,12,NA
9249,10,Very Satisfied
9250,11,Very Satisfied
9251,12,Mod. Satisfied
9252,11,Very Satisfied
9253,12,Mod. Satisfied
9254,12,Very Satisfied
9255,12,Mod. Satisfied
9256,9,Very Dissatisfied
9257,12,Mod. Satisfied
9258,15,Mod. Satisfied
9259,12,Mod. Satisfied
9260,12,Mod. Satisfied
9261,9,Very Satisfied
9262,12,Very Satisfied
9263,12,Very Satisfied
9264,6,Very Satisfied
9265,7,Very Satisfied
9266,16,Very Satisfied
9267,4,NA
9268,8,Very Satisfied
9269,11,NA
9270,13,Very Satisfied
9271,12,Very Satisfied
9272,12,Very Satisfied
9273,17,Very Satisfied
9274,13,A Little Dissat
9275,12,Very Satisfied
9276,12,Very Satisfied
9277,19,Very Satisfied
9278,12,Very Dissatisfied
9279,11,NA
9280,18,Very Satisfied
9281,12,Very Satisfied
9282,12,Very Satisfied
9283,15,Very Satisfied
9284,12,Very Satisfied
9285,12,Very Satisfied
9286,12,Very Dissatisfied
9287,8,Very Satisfied
9288,9,NA
9289,8,NA
9290,18,Very Satisfied
9291,20,Very Satisfied
9292,12,Very Satisfied
9293,12,Very Satisfied
9294,16,NA
9295,15,Very Satisfied
9296,12,Mod. Satisfied
9297,12,Mod. Satisfied
9298,12,Mod. Satisfied
9299,10,Very Satisfied
9300,15,Very Satisfied
9301,12,Very Satisfied
9302,16,Very Satisfied
9303,12,A Little Dissat
9304,13,Very Satisfied
9305,8,Very Satisfied
9306,8,NA
9307,12,Very Satisfied
9308,8,NA
9309,10,Very Satisfied
9310,9,Mod. Satisfied
9311,11,NA
9312,11,Mod. Satisfied
9313,9,Very Satisfied
9314,16,NA
9315,12,Mod. Satisfied
9316,17,Mod. Satisfied
9317,13,A Little Dissat
9318,12,Mod. Satisfied
9319,11,Very Satisfied
9320,8,Very Satisfied
9321,12,Very Satisfied
9322,8,NA
9323,14,Very Satisfied
9324,6,Very Dissatisfied
9325,11,NA
9326,12,Very Dissatisfied
9327,10,Very Satisfied
9328,6,Very Satisfied
9329,12,Mod. Satisfied
9330,17,Very Dissatisfied
9331,15,Mod. Satisfied
9332,12,Very Satisfied
9333,12,Mod. Satisfied
9334,17,Very Satisfied
9335,12,Mod. Satisfied
9336,17,Very Satisfied
9337,13,Very Satisfied
9338,10,Very Satisfied
9339,16,Very Satisfied
9340,8,Very Satisfied
9341,13,A Little Dissat
9342,16,Very Satisfied
9343,10,Mod. Satisfied
9344,12,Very Dissatisfied
9345,12,Mod. Satisfied
9346,9,Mod. Satisfied
9347,14,NA
9348,12,Very Satisfied
9349,13,A Little Dissat
9350,16,NA
9351,9,Very Dissatisfied
9352,14,Very Satisfied
9353,9,A Little Dissat
9354,9,Very Satisfied
9355,12,Very Satisfied
9356,12,Very Satisfied
9357,3,Very Satisfied
9358,16,Mod. Satisfied
9359,12,Mod. Satisfied
9360,12,Very Satisfied
9361,12,Very Satisfied
9362,12,Very Satisfied
9363,12,Very Satisfied
9364,16,Very Satisfied
9365,18,Very Satisfied
9366,14,Very Satisfied
9367,18,NA
9368,17,Mod. Satisfied
9369,12,Mod. Satisfied
9370,12,Very Satisfied
9371,12,Mod. Satisfied
9372,13,Mod. Satisfied
9373,14,Mod. Satisfied
9374,9,Very Dissatisfied
9375,17,Very Satisfied
9376,17,Very Satisfied
9377,12,Very Satisfied
9378,4,Very Satisfied
9379,12,NA
9380,12,Very Satisfied
9381,12,Very Satisfied
9382,8,NA
9383,12,Very Satisfied
9384,13,NA
9385,14,Mod. Satisfied
9386,17,Very Satisfied
9387,16,NA
9388,8,Very Dissatisfied
9389,12,NA
9390,12,NA
9391,12,NA
9392,12,Very Satisfied
9393,14,NA
9394,14,NA
9395,15,Very Satisfied
9396,12,NA
9397,12,Mod. Satisfied
9398,16,Mod. Satisfied
9399,15,NA
9400,14,Very Satisfied
9401,14,Mod. Satisfied
9402,16,NA
9403,12,Mod. Satisfied
9404,12,Very Satisfied
9405,12,Very Satisfied
9406,18,Mod. Satisfied
9407,12,Very Satisfied
9408,12,Mod. Satisfied
9409,4,NA
9410,12,Mod. Satisfied
9411,14,Very Satisfied
9412,16,Very Satisfied
9413,13,Very Dissatisfied
9414,12,Mod. Satisfied
9415,12,Very Satisfied
9416,12,A Little Dissat
9417,5,Very Satisfied
9418,12,Very Satisfied
9419,12,Very Satisfied
9420,14,A Little Dissat
9421,12,Very Satisfied
9422,7,Mod. Satisfied
9423,8,Very Satisfied
9424,12,A Little Dissat
9425,12,NA
9426,8,NA
9427,10,Mod. Satisfied
9428,13,A Little Dissat
9429,10,Very Satisfied
9430,12,A Little Dissat
9431,12,Mod. Satisfied
9432,12,NA
9433,8,Very Dissatisfied
9434,5,Very Satisfied
9435,8,Very Satisfied
9436,10,Very Satisfied
9437,16,Mod. Satisfied
9438,12,A Little Dissat
9439,16,Very Satisfied
9440,11,Very Satisfied
9441,14,Very Satisfied
9442,10,Very Satisfied
9443,15,NA
9444,12,NA
9445,13,Very Satisfied
9446,12,Mod. Satisfied
9447,8,Mod. Satisfied
9448,12,Very Satisfied
9449,7,Mod. Satisfied
9450,15,Mod. Satisfied
9451,11,Very Satisfied
9452,12,Very Satisfied
9453,12,Mod. Satisfied
9454,15,NA
9455,14,Mod. Satisfied
9456,8,Mod. Satisfied
9457,12,Mod. Satisfied
9458,8,Very Satisfied
9459,18,Very Satisfied
9460,12,Mod. Satisfied
9461,12,Very Satisfied
9462,11,Very Dissatisfied
9463,12,Very Satisfied
9464,12,Mod. Satisfied
9465,12,Mod. Satisfied
9466,1,NA
9467,12,Very Satisfied
9468,12,Very Satisfied
9469,16,Mod. Satisfied
9470,12,Very Satisfied
9471,14,Mod. Satisfied
9472,13,Mod. Satisfied
9473,14,Very Satisfied
9474,12,Mod. Satisfied
9475,15,A Little Dissat
9476,4,NA
9477,12,Mod. Satisfied
9478,12,A Little Dissat
9479,12,NA
9480,12,Very Satisfied
9481,12,Very Dissatisfied
9482,9,Mod. Satisfied
9483,13,Mod. Satisfied
9484,12,Very Satisfied
9485,12,Very Satisfied
9486,16,Mod. Satisfied
9487,4,Very Satisfied
9488,15,Very Satisfied
9489,12,Very Satisfied
9490,10,NA
9491,9,A Little Dissat
9492,13,Very Satisfied
9493,11,Very Satisfied
9494,12,Very Satisfied
9495,7,Very Satisfied
9496,14,Very Satisfied
9497,0,NA
9498,14,Mod. Satisfied
9499,8,Very Satisfied
9500,18,A Little Dissat
9501,13,Mod. Satisfied
9502,8,A Little Dissat
9503,12,A Little Dissat
9504,6,Very Satisfied
9505,8,NA
9506,10,Very Satisfied
9507,13,Very Satisfied
9508,8,Mod. Satisfied
9509,7,Mod. Satisfied
9510,7,Very Satisfied
9511,16,Very Satisfied
9512,12,Mod. Satisfied
9513,12,Mod. Satisfied
9514,8,Mod. Satisfied
9515,8,Very Satisfied
9516,12,A Little Dissat
9517,10,Very Satisfied
9518,13,Very Satisfied
9519,15,Mod. Satisfied
9520,15,Mod. Satisfied
9521,13,Mod. Satisfied
9522,12,Mod. Satisfied
9523,16,Mod. Satisfied
9524,11,Mod. Satisfied
9525,14,Mod. Satisfied
9526,17,NA
9527,4,Mod. Satisfied
9528,4,Very Satisfied
9529,17,Mod. Satisfied
9530,10,Very Satisfied
9531,13,Very Satisfied
9532,13,Very Dissatisfied
9533,12,NA
9534,11,Very Dissatisfied
9535,12,Very Satisfied
9536,16,Mod. Satisfied
9537,19,Very Satisfied
9538,14,Mod. Satisfied
9539,12,Very Satisfied
9540,10,Very Satisfied
9541,12,Mod. Satisfied
9542,12,Mod. Satisfied
9543,12,NA
9544,12,Mod. Satisfied
9545,12,NA
9546,12,NA
9547,12,Very Satisfied
9548,14,Very Satisfied
9549,15,NA
9550,15,Very Satisfied
9551,12,Very Satisfied
9552,13,Mod. Satisfied
9553,12,Very Satisfied
9554,6,Very Satisfied
9555,12,Very Satisfied
9556,12,Very Dissatisfied
9557,17,NA
9558,13,Very Satisfied
9559,12,Very Satisfied
9560,13,Very Satisfied
9561,12,NA
9562,17,Very Satisfied
9563,11,Very Dissatisfied
9564,11,Very Dissatisfied
9565,14,A Little Dissat
9566,15,NA
9567,13,Mod. Satisfied
9568,14,Very Satisfied
9569,12,Very Dissatisfied
9570,18,Very Satisfied
9571,1,NA
9572,11,Very Satisfied
9573,15,Very Dissatisfied
9574,14,Mod. Satisfied
9575,16,Very Satisfied
9576,16,NA
9577,11,Mod. Satisfied
9578,14,Mod. Satisfied
9579,12,Mod. Satisfied
9580,8,Mod. Satisfied
9581,12,A Little Dissat
9582,10,NA
9583,12,Very Satisfied
9584,12,Mod. Satisfied
9585,8,NA
9586,16,Very Satisfied
9587,16,Very Satisfied
9588,13,Very Satisfied
9589,6,Mod. Satisfied
9590,8,NA
9591,6,NA
9592,12,Mod. Satisfied
9593,9,Very Satisfied
9594,12,Mod. Satisfied
9595,12,Mod. Satisfied
9596,8,Mod. Satisfied
9597,12,Very Satisfied
9598,7,Mod. Satisfied
9599,12,A Little Dissat
9600,16,Mod. Satisfied
9601,14,NA
9602,16,Mod. Satisfied
9603,12,Very Satisfied
9604,9,NA
9605,8,Mod. Satisfied
9606,4,NA
9607,12,Very Dissatisfied
9608,11,Very Satisfied
9609,9,Very Satisfied
9610,18,Very Satisfied
9611,12,Mod. Satisfied
9612,12,Mod. Satisfied
9613,16,Mod. Satisfied
9614,12,Very Dissatisfied
9615,6,Mod. Satisfied
9616,8,Very Satisfied
9617,7,Very Satisfied
9618,12,Very Dissatisfied
9619,12,Mod. Satisfied
9620,12,Very Satisfied
9621,10,Very Satisfied
9622,12,Mod. Satisfied
9623,12,Very Satisfied
9624,12,Very Satisfied
9625,12,Very Satisfied
9626,13,Very Satisfied
9627,8,NA
9628,13,Mod. Satisfied
9629,16,Mod. Satisfied
9630,13,Mod. Satisfied
9631,14,A Little Dissat
9632,16,A Little Dissat
9633,19,Mod. Satisfied
9634,12,Very Satisfied
9635,16,Very Satisfied
9636,13,Very Satisfied
9637,20,Mod. Satisfied
9638,15,Very Satisfied
9639,12,Very Satisfied
9640,8,NA
9641,12,A Little Dissat
9642,13,Very Satisfied
9643,12,Very Satisfied
9644,12,Mod. Satisfied
9645,12,NA
9646,8,Mod. Satisfied
9647,14,Mod. Satisfied
9648,12,Mod. Satisfied
9649,12,Very Satisfied
9650,20,Mod. Satisfied
9651,17,Very Dissatisfied
9652,12,Very Satisfied
9653,14,Very Satisfied
9654,12,Very Satisfied
9655,8,Very Satisfied
9656,15,A Little Dissat
9657,20,NA
9658,14,Mod. Satisfied
9659,3,Mod. Satisfied
9660,15,Mod. Satisfied
9661,12,Mod. Satisfied
9662,9,Mod. Satisfied
9663,14,Very Satisfied
9664,8,NA
9665,8,Very Dissatisfied
9666,13,Mod. Satisfied
9667,12,Mod. Satisfied
9668,12,Very Satisfied
9669,8,A Little Dissat
9670,16,Very Satisfied
9671,4,Mod. Satisfied
9672,8,A Little Dissat
9673,11,NA
9674,11,Mod. Satisfied
9675,12,Mod. Satisfied
9676,12,Very Satisfied
9677,10,Very Satisfied
9678,15,Very Satisfied
9679,12,Very Dissatisfied
9680,12,Very Satisfied
9681,12,Mod. Satisfied
9682,12,Mod. Satisfied
9683,7,Very Dissatisfied
9684,12,Very Satisfied
9685,8,Mod. Satisfied
9686,12,Very Satisfied
9687,8,NA
9688,14,A Little Dissat
9689,8,Very Satisfied
9690,15,Mod. Satisfied
9691,12,NA
9692,3,NA
9693,15,Mod. Satisfied
9694,14,Very Satisfied
9695,13,Mod. Satisfied
9696,16,Mod. Satisfied
9697,20,Mod. Satisfied
9698,10,Very Satisfied
9699,4,A Little Dissat
9700,4,Very Satisfied
9701,11,Very Satisfied
9702,11,Very Satisfied
9703,8,Very Satisfied
9704,8,NA
9705,12,Mod. Satisfied
9706,9,Mod. Satisfied
9707,6,Mod. Satisfied
9708,12,Very Satisfied
9709,11,Mod. Satisfied
9710,3,Mod. Satisfied
9711,8,Very Satisfied
9712,9,Very Satisfied
9713,11,NA
9714,17,Very Satisfied
9715,13,Very Satisfied
9716,12,Very Satisfied
9717,10,Very Satisfied
9718,10,Very Satisfied
9719,16,Very Satisfied
9720,8,Mod. Satisfied
9721,12,Very Satisfied
9722,13,Very Satisfied
9723,4,A Little Dissat
9724,11,Very Satisfied
9725,11,Mod. Satisfied
9726,4,A Little Dissat
9727,11,Mod. Satisfied
9728,9,Mod. Satisfied
9729,12,Very Satisfied
9730,9,Mod. Satisfied
9731,7,NA
9732,15,Very Satisfied
9733,12,NA
9734,17,Very Satisfied
9735,12,Very Satisfied
9736,19,Very Satisfied
9737,7,Very Satisfied
9738,12,Very Satisfied
9739,12,Very Satisfied
9740,7,Mod. Satisfied
9741,8,Very Satisfied
9742,12,Mod. Satisfied
9743,14,Mod. Satisfied
9744,11,Mod. Satisfied
9745,8,Very Satisfied
9746,14,Very Satisfied
9747,11,NA
9748,9,Very Satisfied
9749,8,Very Satisfied
9750,12,Mod. Satisfied
9751,16,Very Satisfied
9752,12,Very Satisfied
9753,9,Very Satisfied
9754,18,Very Satisfied
9755,8,Very Satisfied
9756,13,Very Satisfied
9757,12,A Little Dissat
9758,12,Very Satisfied
9759,11,NA
9760,13,Very Satisfied
9761,12,Very Satisfied
9762,13,Very Satisfied
9763,10,Very Satisfied
9764,8,Mod. Satisfied
9765,18,Mod. Satisfied
9766,11,Very Satisfied
9767,13,NA
9768,17,Very Satisfied
9769,12,Very Satisfied
9770,12,A Little Dissat
9771,13,Mod. Satisfied
9772,8,NA
9773,10,Very Satisfied
9774,12,Very Satisfied
9775,12,Very Satisfied
9776,11,A Little Dissat
9777,12,Mod. Satisfied
9778,12,Very Satisfied
9779,10,Mod. Satisfied
9780,12,Mod. Satisfied
9781,12,A Little Dissat
9782,7,NA
9783,11,Mod. Satisfied
9784,12,Mod. Satisfied
9785,12,Very Satisfied
9786,8,Very Satisfied
9787,12,Very Satisfied
9788,12,Very Satisfied
9789,12,Very Satisfied
9790,3,NA
9791,13,NA
9792,10,NA
9793,8,NA
9794,12,Mod. Satisfied
9795,16,Very Satisfied
9796,1,Mod. Satisfied
9797,14,Mod. Satisfied
9798,13,NA
9799,7,NA
9800,12,Very Satisfied
9801,5,Very Satisfied
9802,12,Mod. Satisfied
9803,12,Very Satisfied
9804,16,NA
9805,9,NA
9806,10,NA
9807,8,NA
9808,8,NA
9809,12,Mod. Satisfied
9810,5,NA
9811,12,Mod. Satisfied
9812,14,A Little Dissat
9813,12,A Little Dissat
9814,8,NA
9815,8,Very Satisfied
9816,16,Very Satisfied
9817,8,NA
9818,12,Very Satisfied
9819,15,NA
9820,12,Mod. Satisfied
9821,7,NA
9822,11,Mod. Satisfied
9823,11,Very Satisfied
9824,9,Mod. Satisfied
9825,7,A Little Dissat
9826,12,Very Satisfied
9827,2,NA
9828,11,Very Satisfied
9829,12,NA
9830,NA,Very Satisfied
9831,10,Very Satisfied
9832,8,Mod. Satisfied
9833,8,Very Satisfied
9834,12,Mod. Satisfied
9835,12,Very Satisfied
9836,12,Very Satisfied
9837,12,Very Satisfied
9838,12,Very Satisfied
9839,12,Mod. Satisfied
9840,10,A Little Dissat
9841,17,Very Satisfied
9842,12,Very Satisfied
9843,13,Very Satisfied
9844,0,NA
9845,12,Mod. Satisfied
9846,15,Mod. Satisfied
9847,11,Mod. Satisfied
9848,8,Mod. Satisfied
9849,3,Mod. Satisfied
9850,11,Mod. Satisfied
9851,10,Mod. Satisfied
9852,7,NA
9853,9,Mod. Satisfied
9854,9,NA
9855,5,Very Satisfied
9856,8,Very Satisfied
9857,10,Very Satisfied
9858,9,Very Satisfied
9859,12,Mod. Satisfied
9860,12,Very Satisfied
9861,11,Very Satisfied
9862,12,NA
9863,10,A Little Dissat
9864,10,NA
9865,6,Mod. Satisfied
9866,8,Very Satisfied
9867,12,Mod. Satisfied
9868,12,Very Satisfied
9869,9,NA
9870,12,Mod. Satisfied
9871,6,NA
9872,9,Very Satisfied
9873,12,Very Satisfied
9874,12,Mod. Satisfied
9875,12,Very Satisfied
9876,18,Very Satisfied
9877,17,A Little Dissat
9878,15,Very Satisfied
9879,14,Mod. Satisfied
9880,16,Very Satisfied
9881,13,Very Dissatisfied
9882,16,NA
9883,16,Mod. Satisfied
9884,12,Very Satisfied
9885,14,Mod. Satisfied
9886,16,Very Satisfied
9887,18,Very Satisfied
9888,12,Very Satisfied
9889,18,Very Satisfied
9890,16,Mod. Satisfied
9891,17,Mod. Satisfied
9892,12,NA
9893,16,Very Satisfied
9894,8,NA
9895,12,Mod. Satisfied
9896,9,Very Dissatisfied
9897,8,Mod. Satisfied
9898,12,Very Satisfied
9899,12,Mod. Satisfied
9900,20,Very Satisfied
9901,12,Very Satisfied
9902,13,Mod. Satisfied
9903,12,NA
9904,NA,NA
9905,8,NA
9906,15,Mod. Satisfied
9907,12,Very Satisfied
9908,11,NA
9909,16,Mod. Satisfied
9910,12,Mod. Satisfied
9911,12,Very Satisfied
9912,12,Mod. Satisfied
9913,12,Very Dissatisfied
9914,12,A Little Dissat
9915,12,Mod. Satisfied
9916,14,Very Satisfied
9917,14,Very Satisfied
9918,8,Mod. Satisfied
9919,12,Very Satisfied
9920,8,Very Satisfied
9921,16,NA
9922,15,Very Satisfied
9923,10,NA
9924,12,Very Satisfied
9925,13,Very Satisfied
9926,14,Very Dissatisfied
9927,15,Mod. Satisfied
9928,12,Very Satisfied
9929,12,Very Dissatisfied
9930,12,Very Satisfied
9931,13,Mod. Satisfied
9932,5,NA
9933,10,Very Satisfied
9934,12,Very Dissatisfied
9935,14,Mod. Satisfied
9936,10,NA
9937,12,Very Satisfied
9938,12,Very Satisfied
9939,14,Very Satisfied
9940,12,Very Satisfied
9941,12,Very Satisfied
9942,14,NA
9943,7,Mod. Satisfied
9944,12,Very Satisfied
9945,8,NA
9946,16,Mod. Satisfied
9947,12,A Little Dissat
9948,12,Very Satisfied
9949,14,Mod. Satisfied
9950,12,Very Satisfied
9951,8,Mod. Satisfied
9952,12,Very Satisfied
9953,17,Mod. Satisfied
9954,10,NA
9955,5,Very Satisfied
9956,16,Very Satisfied
9957,12,Mod. Satisfied
9958,13,Very Satisfied
9959,10,Mod. Satisfied
9960,6,Mod. Satisfied
9961,14,Very Satisfied
9962,10,A Little Dissat
9963,12,Very Satisfied
9964,8,NA
9965,14,NA
9966,7,A Little Dissat
9967,12,A Little Dissat
9968,12,Very Dissatisfied
9969,16,Mod. Satisfied
9970,12,NA
9971,14,Very Satisfied
9972,9,Mod. Satisfied
9973,16,Very Satisfied
9974,6,Very Satisfied
9975,9,Very Satisfied
9976,14,Very Satisfied
9977,12,Very Satisfied
9978,18,Very Satisfied
9979,9,Very Satisfied
9980,12,NA
9981,16,NA
9982,8,Mod. Satisfied
9983,13,Mod. Satisfied
9984,12,Very Satisfied
9985,12,Very Dissatisfied
9986,12,Very Satisfied
9987,12,NA
9988,3,NA
9989,12,Very Satisfied
9990,13,Very Satisfied
9991,11,NA
9992,12,A Little Dissat
9993,14,Mod. Satisfied
9994,12,Very Satisfied
9995,12,Mod. Satisfied
9996,12,NA
9997,11,NA
9998,16,Very Satisfied
9999,8,Very Satisfied
10000,14,Mod. Satisfied
10001,12,NA
10002,12,Mod. Satisfied
10003,13,NA
10004,12,Mod. Satisfied
10005,10,A Little Dissat
10006,18,Very Satisfied
10007,10,Very Satisfied
10008,NA,Very Satisfied
10009,16,Very Satisfied
10010,16,Very Satisfied
10011,16,Very Satisfied
10012,16,Very Satisfied
10013,14,Mod. Satisfied
10014,12,Mod. Satisfied
10015,16,A Little Dissat
10016,12,Very Satisfied
10017,10,Mod. Satisfied
10018,14,Mod. Satisfied
10019,12,Mod. Satisfied
10020,11,Very Satisfied
10021,13,Mod. Satisfied
10022,12,Mod. Satisfied
10023,12,Very Satisfied
10024,16,Mod. Satisfied
10025,12,Mod. Satisfied
10026,12,Mod. Satisfied
10027,12,Very Satisfied
10028,14,Very Dissatisfied
10029,11,Mod. Satisfied
10030,17,Very Satisfied
10031,11,Very Satisfied
10032,12,A Little Dissat
10033,7,A Little Dissat
10034,12,Very Satisfied
10035,14,Mod. Satisfied
10036,13,Mod. Satisfied
10037,9,Very Satisfied
10038,12,Very Satisfied
10039,9,Mod. Satisfied
10040,12,Very Satisfied
10041,13,Mod. Satisfied
10042,14,Very Satisfied
10043,16,Very Satisfied
10044,13,Very Satisfied
10045,16,A Little Dissat
10046,14,A Little Dissat
10047,12,Mod. Satisfied
10048,18,Mod. Satisfied
10049,10,Mod. Satisfied
10050,16,Very Satisfied
10051,12,Very Satisfied
10052,19,Very Satisfied
10053,12,Very Satisfied
10054,12,Mod. Satisfied
10055,14,Mod. Satisfied
10056,9,Mod. Satisfied
10057,10,NA
10058,11,A Little Dissat
10059,12,Mod. Satisfied
10060,16,Mod. Satisfied
10061,12,Very Satisfied
10062,12,A Little Dissat
10063,11,Very Dissatisfied
10064,12,Very Satisfied
10065,12,Mod. Satisfied
10066,7,Mod. Satisfied
10067,8,Mod. Satisfied
10068,10,Mod. Satisfied
10069,9,Mod. Satisfied
10070,16,Very Satisfied
10071,12,Mod. Satisfied
10072,13,NA
10073,12,NA
10074,13,NA
10075,16,NA
10076,14,Mod. Satisfied
10077,12,Very Satisfied
10078,8,Mod. Satisfied
10079,12,Very Satisfied
10080,12,Very Satisfied
10081,9,Very Satisfied
10082,12,Mod. Satisfied
10083,9,Mod. Satisfied
10084,12,Mod. Satisfied
10085,12,Mod. Satisfied
10086,8,NA
10087,10,Mod. Satisfied
10088,10,A Little Dissat
10089,12,Very Satisfied
10090,8,Very Satisfied
10091,13,Mod. Satisfied
10092,12,A Little Dissat
10093,10,Mod. Satisfied
10094,11,A Little Dissat
10095,12,Very Satisfied
10096,18,Mod. Satisfied
10097,16,Very Satisfied
10098,12,Very Satisfied
10099,8,NA
10100,16,Very Satisfied
10101,12,NA
10102,16,Very Satisfied
10103,5,NA
10104,16,Very Satisfied
10105,20,Mod. Satisfied
10106,16,Very Satisfied
10107,13,Mod. Satisfied
10108,11,Mod. Satisfied
10109,13,Very Satisfied
10110,12,NA
10111,12,Mod. Satisfied
10112,19,Very Dissatisfied
10113,19,A Little Dissat
10114,12,Very Satisfied
10115,16,Mod. Satisfied
10116,13,Mod. Satisfied
10117,12,Very Satisfied
10118,20,NA
10119,12,Very Satisfied
10120,12,Mod. Satisfied
10121,14,Very Satisfied
10122,13,Mod. Satisfied
10123,12,Mod. Satisfied
10124,15,Mod. Satisfied
10125,20,Very Satisfied
10126,12,Very Satisfied
10127,12,NA
10128,12,Mod. Satisfied
10129,13,Very Satisfied
10130,12,Mod. Satisfied
10131,14,Very Satisfied
10132,16,Mod. Satisfied
10133,12,Very Satisfied
10134,17,Mod. Satisfied
10135,19,Mod. Satisfied
10136,14,Very Satisfied
10137,14,NA
10138,12,A Little Dissat
10139,5,NA
10140,12,A Little Dissat
10141,NA,NA
10142,14,Mod. Satisfied
10143,16,Mod. Satisfied
10144,10,Very Satisfied
10145,4,Mod. Satisfied
10146,13,Mod. Satisfied
10147,13,Very Satisfied
10148,14,Mod. Satisfied
10149,15,Mod. Satisfied
10150,16,Mod. Satisfied
10151,0,NA
10152,8,A Little Dissat
10153,9,Very Satisfied
10154,16,Very Satisfied
10155,12,Mod. Satisfied
10156,14,Mod. Satisfied
10157,7,Very Satisfied
10158,6,NA
10159,13,Mod. Satisfied
10160,17,Mod. Satisfied
10161,12,Very Satisfied
10162,12,Very Satisfied
10163,12,NA
10164,15,Mod. Satisfied
10165,11,Mod. Satisfied
10166,13,A Little Dissat
10167,12,Mod. Satisfied
10168,12,Mod. Satisfied
10169,9,Very Satisfied
10170,12,Mod. Satisfied
10171,12,Very Satisfied
10172,8,Very Satisfied
10173,12,Very Satisfied
10174,12,Mod. Satisfied
10175,14,Very Satisfied
10176,6,Very Satisfied
10177,12,Very Satisfied
10178,12,Very Satisfied
10179,12,Mod. Satisfied
10180,12,Very Satisfied
10181,12,A Little Dissat
10182,8,Very Satisfied
10183,16,Very Satisfied
10184,7,Very Satisfied
10185,4,Mod. Satisfied
10186,11,Very Satisfied
10187,10,Mod. Satisfied
10188,14,Mod. Satisfied
10189,14,Very Satisfied
10190,13,Very Satisfied
10191,16,Very Satisfied
10192,10,Mod. Satisfied
10193,11,Mod. Satisfied
10194,12,Mod. Satisfied
10195,16,Mod. Satisfied
10196,12,NA
10197,16,A Little Dissat
10198,12,Very Satisfied
10199,9,Very Satisfied
10200,14,Very Satisfied
10201,14,NA
10202,18,Very Satisfied
10203,14,NA
10204,10,NA
10205,12,Mod. Satisfied
10206,16,Mod. Satisfied
10207,12,A Little Dissat
10208,13,Mod. Satisfied
10209,10,NA
10210,7,Very Satisfied
10211,13,Very Satisfied
10212,16,Mod. Satisfied
10213,8,Very Satisfied
10214,8,Very Satisfied
10215,8,Very Satisfied
10216,8,Mod. Satisfied
10217,11,Very Satisfied
10218,8,Very Satisfied
10219,13,Mod. Satisfied
10220,10,Very Satisfied
10221,11,A Little Dissat
10222,9,Mod. Satisfied
10223,12,Very Satisfied
10224,12,Very Dissatisfied
10225,12,NA
10226,5,A Little Dissat
10227,15,Very Dissatisfied
10228,15,Mod. Satisfied
10229,9,Mod. Satisfied
10230,12,Very Satisfied
10231,13,Mod. Satisfied
10232,19,Very Satisfied
10233,NA,Very Satisfied
10234,8,NA
10235,12,Mod. Satisfied
10236,10,Very Satisfied
10237,12,NA
10238,12,Very Satisfied
10239,4,NA
10240,10,Very Satisfied
10241,13,Very Dissatisfied
10242,13,Very Satisfied
10243,11,Mod. Satisfied
10244,16,Very Satisfied
10245,12,Very Dissatisfied
10246,14,NA
10247,20,NA
10248,11,Very Satisfied
10249,14,A Little Dissat
10250,12,Mod. Satisfied
10251,13,Very Satisfied
10252,13,Very Satisfied
10253,10,Very Satisfied
10254,6,Very Satisfied
10255,8,Very Satisfied
10256,18,Mod. Satisfied
10257,12,Very Satisfied
10258,16,Very Satisfied
10259,15,Very Satisfied
10260,12,Very Satisfied
10261,12,Mod. Satisfied
10262,12,NA
10263,8,Very Satisfied
10264,12,NA
10265,17,Mod. Satisfied
10266,19,Very Satisfied
10267,18,A Little Dissat
10268,8,Very Satisfied
10269,12,Very Satisfied
10270,12,Very Satisfied
10271,10,Mod. Satisfied
10272,10,Mod. Satisfied
10273,8,Very Satisfied
10274,18,Mod. Satisfied
10275,16,Very Satisfied
10276,8,Very Satisfied
10277,12,Mod. Satisfied
10278,10,NA
10279,9,Mod. Satisfied
10280,1,Mod. Satisfied
10281,12,Mod. Satisfied
10282,11,Very Satisfied
10283,17,Mod. Satisfied
10284,11,Very Satisfied
10285,7,Very Satisfied
10286,12,Mod. Satisfied
10287,5,NA
10288,10,Mod. Satisfied
10289,12,Very Satisfied
10290,7,NA
10291,13,NA
10292,10,NA
10293,12,Very Satisfied
10294,17,Very Satisfied
10295,14,Very Satisfied
10296,16,Very Satisfied
10297,11,A Little Dissat
10298,14,NA
10299,15,NA
10300,14,NA
10301,16,Very Satisfied
10302,16,NA
10303,NA,Very Satisfied
10304,12,NA
10305,12,A Little Dissat
10306,12,NA
10307,12,Mod. Satisfied
10308,10,Very Satisfied
10309,9,Mod. Satisfied
10310,12,Very Satisfied
10311,17,Very Satisfied
10312,10,NA
10313,11,Mod. Satisfied
10314,9,Mod. Satisfied
10315,16,Very Satisfied
10316,12,A Little Dissat
10317,18,NA
10318,13,Very Satisfied
10319,12,NA
10320,12,A Little Dissat
10321,14,Mod. Satisfied
10322,8,NA
10323,8,Very Satisfied
10324,12,Mod. Satisfied
10325,14,Very Satisfied
10326,16,Mod. Satisfied
10327,16,NA
10328,12,NA
10329,16,Mod. Satisfied
10330,14,NA
10331,18,Very Satisfied
10332,20,Very Satisfied
10333,19,NA
10334,12,Mod. Satisfied
10335,16,Very Dissatisfied
10336,12,Very Satisfied
10337,13,Very Dissatisfied
10338,13,Mod. Satisfied
10339,14,Very Satisfied
10340,12,Very Satisfied
10341,12,Mod. Satisfied
10342,13,Mod. Satisfied
10343,12,Very Satisfied
10344,15,Mod. Satisfied
10345,16,Mod. Satisfied
10346,18,Very Satisfied
10347,18,A Little Dissat
10348,14,Mod. Satisfied
10349,12,Very Satisfied
10350,15,Very Satisfied
10351,14,Very Satisfied
10352,15,NA
10353,18,A Little Dissat
10354,12,Mod. Satisfied
10355,13,Mod. Satisfied
10356,12,NA
10357,16,A Little Dissat
10358,19,Very Satisfied
10359,12,NA
10360,10,Very Satisfied
10361,14,Very Satisfied
10362,11,A Little Dissat
10363,10,NA
10364,12,A Little Dissat
10365,12,Very Satisfied
10366,12,A Little Dissat
10367,14,Mod. Satisfied
10368,13,NA
10369,12,Very Satisfied
10370,11,Mod. Satisfied
10371,8,Very Satisfied
10372,16,NA
10373,12,Very Satisfied
10374,12,Mod. Satisfied
10375,10,Very Satisfied
10376,13,Mod. Satisfied
10377,12,Very Satisfied
10378,10,NA
10379,19,Very Satisfied
10380,13,Mod. Satisfied
10381,11,Very Dissatisfied
10382,11,NA
10383,9,Very Satisfied
10384,10,NA
10385,16,A Little Dissat
10386,16,NA
10387,12,Very Satisfied
10388,14,Very Satisfied
10389,13,Mod. Satisfied
10390,12,NA
10391,12,Very Satisfied
10392,14,Mod. Satisfied
10393,14,Very Satisfied
10394,12,Mod. Satisfied
10395,11,Mod. Satisfied
10396,8,NA
10397,15,Very Satisfied
10398,16,Very Satisfied
10399,12,Very Satisfied
10400,12,Very Satisfied
10401,12,A Little Dissat
10402,8,NA
10403,13,Mod. Satisfied
10404,12,A Little Dissat
10405,8,Mod. Satisfied
10406,12,NA
10407,14,Very Satisfied
10408,10,NA
10409,12,A Little Dissat
10410,12,Mod. Satisfied
10411,14,Very Satisfied
10412,12,Mod. Satisfied
10413,17,Mod. Satisfied
10414,16,Very Satisfied
10415,15,Mod. Satisfied
10416,20,Very Satisfied
10417,16,Mod. Satisfied
10418,10,NA
10419,12,Very Dissatisfied
10420,8,Very Dissatisfied
10421,9,NA
10422,15,Very Satisfied
10423,12,Very Satisfied
10424,12,NA
10425,12,Very Dissatisfied
10426,12,Mod. Satisfied
10427,9,Very Satisfied
10428,8,Mod. Satisfied
10429,11,Very Satisfied
10430,12,Very Satisfied
10431,10,NA
10432,11,Mod. Satisfied
10433,11,Mod. Satisfied
10434,9,NA
10435,10,Mod. Satisfied
10436,16,Mod. Satisfied
10437,10,Very Satisfied
10438,8,Very Satisfied
10439,8,Very Satisfied
10440,12,Mod. Satisfied
10441,12,Very Satisfied
10442,12,A Little Dissat
10443,12,Very Satisfied
10444,12,Very Satisfied
10445,12,Very Dissatisfied
10446,10,Mod. Satisfied
10447,12,Very Satisfied
10448,12,Mod. Satisfied
10449,8,Very Satisfied
10450,12,Very Satisfied
10451,7,NA
10452,12,Very Satisfied
10453,14,Very Satisfied
10454,12,Mod. Satisfied
10455,15,Very Satisfied
10456,12,Mod. Satisfied
10457,13,Very Satisfied
10458,11,Mod. Satisfied
10459,12,Very Satisfied
10460,12,Mod. Satisfied
10461,12,Mod. Satisfied
10462,12,Mod. Satisfied
10463,10,NA
10464,12,NA
10465,14,Mod. Satisfied
10466,12,NA
10467,14,NA
10468,14,Very Satisfied
10469,13,Mod. Satisfied
10470,17,Mod. Satisfied
10471,12,NA
10472,12,Very Satisfied
10473,12,Very Satisfied
10474,12,Mod. Satisfied
10475,16,Very Satisfied
10476,14,Very Satisfied
10477,15,Mod. Satisfied
10478,15,Mod. Satisfied
10479,7,Very Satisfied
10480,10,Mod. Satisfied
10481,11,A Little Dissat
10482,9,Very Dissatisfied
10483,9,Very Satisfied
10484,11,Very Satisfied
10485,11,A Little Dissat
10486,12,Very Satisfied
10487,13,Very Satisfied
10488,13,Very Satisfied
10489,8,Very Satisfied
10490,14,Very Satisfied
10491,13,Very Satisfied
10492,12,Mod. Satisfied
10493,6,Mod. Satisfied
10494,12,A Little Dissat
10495,5,Very Satisfied
10496,14,Mod. Satisfied
10497,16,Very Satisfied
10498,20,Very Satisfied
10499,15,Very Satisfied
10500,13,Mod. Satisfied
10501,12,Very Satisfied
10502,13,Very Satisfied
10503,16,Very Satisfied
10504,18,Mod. Satisfied
10505,12,Mod. Satisfied
10506,16,Mod. Satisfied
10507,12,Very Satisfied
10508,12,A Little Dissat
10509,12,Very Satisfied
10510,12,Very Satisfied
10511,0,Very Satisfied
10512,12,NA
10513,12,Very Dissatisfied
10514,12,NA
10515,7,NA
10516,11,Mod. Satisfied
10517,12,Very Satisfied
10518,11,NA
10519,12,Very Satisfied
10520,12,Mod. Satisfied
10521,12,Mod. Satisfied
10522,12,A Little Dissat
10523,12,Mod. Satisfied
10524,12,NA
10525,16,NA
10526,11,Very Satisfied
10527,9,NA
10528,12,Mod. Satisfied
10529,12,Very Satisfied
10530,15,Mod. Satisfied
10531,12,Very Satisfied
10532,12,Very Satisfied
10533,13,Very Satisfied
10534,16,Very Satisfied
10535,12,A Little Dissat
10536,12,A Little Dissat
10537,15,Very Satisfied
10538,18,NA
10539,12,Mod. Satisfied
10540,12,Very Satisfied
10541,12,Very Satisfied
10542,12,Mod. Satisfied
10543,12,Mod. Satisfied
10544,8,NA
10545,12,Mod. Satisfied
10546,8,Very Satisfied
10547,12,Very Satisfied
10548,12,Very Satisfied
10549,16,A Little Dissat
10550,12,NA
10551,12,Mod. Satisfied
10552,12,NA
10553,12,Very Satisfied
10554,12,NA
10555,14,Very Satisfied
10556,14,Very Satisfied
10557,9,Very Satisfied
10558,16,Very Satisfied
10559,7,NA
10560,12,Very Satisfied
10561,13,Very Satisfied
10562,12,NA
10563,10,Very Satisfied
10564,8,NA
10565,12,Very Satisfied
10566,14,NA
10567,17,Very Satisfied
10568,14,Very Satisfied
10569,11,NA
10570,8,Very Satisfied
10571,12,Mod. Satisfied
10572,14,Mod. Satisfied
10573,16,Very Satisfied
10574,8,Mod. Satisfied
10575,8,Mod. Satisfied
10576,12,Mod. Satisfied
10577,12,Very Satisfied
10578,14,Very Satisfied
10579,16,Mod. Satisfied
10580,11,Very Satisfied
10581,12,Mod. Satisfied
10582,18,Very Satisfied
10583,12,Very Satisfied
10584,12,Mod. Satisfied
10585,13,Mod. Satisfied
10586,11,Very Satisfied
10587,12,Mod. Satisfied
10588,9,NA
10589,12,Very Satisfied
10590,12,Mod. Satisfied
10591,8,Very Satisfied
10592,11,Mod. Satisfied
10593,14,Very Satisfied
10594,8,NA
10595,12,Very Dissatisfied
10596,8,Mod. Satisfied
10597,10,Mod. Satisfied
10598,8,Very Satisfied
10599,12,Mod. Satisfied
10600,8,Very Satisfied
10601,12,Very Satisfied
10602,8,Mod. Satisfied
10603,8,Very Satisfied
10604,7,Very Satisfied
10605,6,Very Satisfied
10606,4,Very Satisfied
10607,9,Mod. Satisfied
10608,10,Very Satisfied
10609,13,Mod. Satisfied
10610,9,Very Satisfied
10611,12,Very Satisfied
10612,14,Very Satisfied
10613,8,NA
10614,13,Mod. Satisfied
10615,17,Very Satisfied
10616,8,Very Satisfied
10617,18,Mod. Satisfied
10618,7,Very Satisfied
10619,14,Very Satisfied
10620,14,Very Satisfied
10621,12,Mod. Satisfied
10622,10,Mod. Satisfied
10623,4,NA
10624,10,Mod. Satisfied
10625,12,Very Satisfied
10626,12,NA
10627,10,NA
10628,10,Very Satisfied
10629,12,Mod. Satisfied
10630,0,Very Satisfied
10631,14,Very Satisfied
10632,9,Very Satisfied
10633,7,Mod. Satisfied
10634,13,NA
10635,10,Very Satisfied
10636,15,Very Satisfied
10637,8,Very Satisfied
10638,12,Very Satisfied
10639,14,Very Satisfied
10640,7,Very Satisfied
10641,12,Very Satisfied
10642,10,Mod. Satisfied
10643,0,NA
10644,10,Mod. Satisfied
10645,11,Very Satisfied
10646,12,Very Satisfied
10647,8,NA
10648,10,Mod. Satisfied
10649,7,NA
10650,10,Very Satisfied
10651,10,Mod. Satisfied
10652,12,Mod. Satisfied
10653,9,Very Satisfied
10654,10,Very Satisfied
10655,4,NA
10656,14,A Little Dissat
10657,12,Mod. Satisfied
10658,12,Mod. Satisfied
10659,12,NA
10660,16,Very Dissatisfied
10661,17,Very Satisfied
10662,10,Mod. Satisfied
10663,12,A Little Dissat
10664,12,Very Satisfied
10665,11,A Little Dissat
10666,8,Mod. Satisfied
10667,14,NA
10668,12,Very Satisfied
10669,12,A Little Dissat
10670,13,Mod. Satisfied
10671,9,NA
10672,16,Mod. Satisfied
10673,15,Very Satisfied
10674,6,NA
10675,8,NA
10676,9,A Little Dissat
10677,12,Very Satisfied
10678,11,Very Satisfied
10679,7,Mod. Satisfied
10680,11,Mod. Satisfied
10681,8,Very Dissatisfied
10682,12,NA
10683,6,Very Satisfied
10684,6,Very Satisfied
10685,12,Very Dissatisfied
10686,7,A Little Dissat
10687,5,Mod. Satisfied
10688,9,Very Satisfied
10689,9,A Little Dissat
10690,20,Very Satisfied
10691,12,Very Satisfied
10692,12,Mod. Satisfied
10693,12,Very Satisfied
10694,12,A Little Dissat
10695,11,Very Dissatisfied
10696,11,Mod. Satisfied
10697,19,Mod. Satisfied
10698,16,Very Satisfied
10699,15,Mod. Satisfied
10700,6,Mod. Satisfied
10701,8,Mod. Satisfied
10702,8,NA
10703,12,Mod. Satisfied
10704,9,Very Satisfied
10705,16,Very Satisfied
10706,12,Very Dissatisfied
10707,10,NA
10708,10,Very Satisfied
10709,12,Mod. Satisfied
10710,14,Very Satisfied
10711,12,Mod. Satisfied
10712,12,NA
10713,12,Mod. Satisfied
10714,12,Very Satisfied
10715,10,A Little Dissat
10716,13,Very Satisfied
10717,12,Very Satisfied
10718,12,Very Satisfied
10719,11,Very Satisfied
10720,11,Mod. Satisfied
10721,10,Very Dissatisfied
10722,12,Very Satisfied
10723,8,NA
10724,4,Mod. Satisfied
10725,6,Very Satisfied
10726,12,Mod. Satisfied
10727,8,Mod. Satisfied
10728,10,Very Satisfied
10729,12,Very Dissatisfied
10730,12,Very Satisfied
10731,17,Mod. Satisfied
10732,10,Mod. Satisfied
10733,8,Very Satisfied
10734,12,Very Satisfied
10735,14,Mod. Satisfied
10736,13,Very Satisfied
10737,18,Very Satisfied
10738,17,Mod. Satisfied
10739,12,Very Satisfied
10740,16,A Little Dissat
10741,13,Mod. Satisfied
10742,10,Mod. Satisfied
10743,11,A Little Dissat
10744,12,Very Satisfied
10745,12,NA
10746,9,Very Satisfied
10747,18,Very Satisfied
10748,16,Mod. Satisfied
10749,12,A Little Dissat
10750,12,A Little Dissat
10751,12,Very Satisfied
10752,12,Very Satisfied
10753,15,Mod. Satisfied
10754,12,A Little Dissat
10755,12,A Little Dissat
10756,18,Mod. Satisfied
10757,12,Mod. Satisfied
10758,12,A Little Dissat
10759,12,A Little Dissat
10760,12,Very Satisfied
10761,12,Mod. Satisfied
10762,10,A Little Dissat
10763,16,Very Satisfied
10764,12,Very Satisfied
10765,12,Mod. Satisfied
10766,15,Very Dissatisfied
10767,12,Very Satisfied
10768,12,Very Satisfied
10769,12,Mod. Satisfied
10770,18,Very Satisfied
10771,11,NA
10772,14,Mod. Satisfied
10773,19,Mod. Satisfied
10774,15,NA
10775,12,Mod. Satisfied
10776,9,Very Satisfied
10777,12,Very Satisfied
10778,12,Very Satisfied
10779,20,Very Satisfied
10780,12,Mod. Satisfied
10781,13,Mod. Satisfied
10782,14,Mod. Satisfied
10783,18,Very Satisfied
10784,12,A Little Dissat
10785,12,A Little Dissat
10786,12,Very Satisfied
10787,14,Very Dissatisfied
10788,18,Mod. Satisfied
10789,13,Mod. Satisfied
10790,11,A Little Dissat
10791,10,A Little Dissat
10792,12,Very Satisfied
10793,16,Mod. Satisfied
10794,12,Very Satisfied
10795,14,Very Satisfied
10796,13,Very Satisfied
10797,8,Very Satisfied
10798,12,Very Satisfied
10799,7,Very Satisfied
10800,5,Very Satisfied
10801,12,Very Satisfied
10802,12,Very Satisfied
10803,9,Very Satisfied
10804,12,Very Satisfied
10805,16,Mod. Satisfied
10806,12,Very Satisfied
10807,12,Very Satisfied
10808,20,Very Satisfied
10809,13,Very Dissatisfied
10810,12,Very Satisfied
10811,12,Mod. Satisfied
10812,13,Very Satisfied
10813,12,Mod. Satisfied
10814,13,Very Satisfied
10815,10,NA
10816,16,NA
10817,12,Mod. Satisfied
10818,9,A Little Dissat
10819,12,Very Satisfied
10820,16,Mod. Satisfied
10821,13,Mod. Satisfied
10822,10,A Little Dissat
10823,11,NA
10824,2,NA
10825,9,Mod. Satisfied
10826,8,Very Satisfied
10827,14,A Little Dissat
10828,16,NA
10829,12,Mod. Satisfied
10830,8,Mod. Satisfied
10831,13,Very Satisfied
10832,12,Very Satisfied
10833,8,Very Satisfied
10834,9,Very Satisfied
10835,12,Very Satisfied
10836,14,Mod. Satisfied
10837,11,Mod. Satisfied
10838,7,Very Satisfied
10839,14,Mod. Satisfied
10840,9,A Little Dissat
10841,12,Very Satisfied
10842,12,Mod. Satisfied
10843,4,Very Satisfied
10844,8,Mod. Satisfied
10845,16,Mod. Satisfied
10846,16,Very Satisfied
10847,16,Mod. Satisfied
10848,12,A Little Dissat
10849,12,NA
10850,12,Very Satisfied
10851,17,Very Satisfied
10852,16,Mod. Satisfied
10853,12,Very Satisfied
10854,12,NA
10855,11,Very Satisfied
10856,12,A Little Dissat
10857,14,NA
10858,13,NA
10859,10,Mod. Satisfied
10860,15,Very Dissatisfied
10861,5,Very Satisfied
10862,12,Mod. Satisfied
10863,12,NA
10864,12,NA
10865,19,Mod. Satisfied
10866,12,Very Satisfied
10867,15,Very Satisfied
10868,15,A Little Dissat
10869,10,Very Satisfied
10870,12,Very Dissatisfied
10871,12,A Little Dissat
10872,12,NA
10873,14,Mod. Satisfied
10874,13,NA
10875,16,Mod. Satisfied
10876,10,NA
10877,15,NA
10878,8,NA
10879,12,NA
10880,14,A Little Dissat
10881,12,Mod. Satisfied
10882,16,Mod. Satisfied
10883,16,Mod. Satisfied
10884,9,Very Satisfied
10885,6,Very Satisfied
10886,12,NA
10887,13,Very Satisfied
10888,12,Very Satisfied
10889,13,Very Satisfied
10890,14,Very Satisfied
10891,14,Very Satisfied
10892,12,Mod. Satisfied
10893,8,Mod. Satisfied
10894,12,NA
10895,8,A Little Dissat
10896,12,Mod. Satisfied
10897,12,Mod. Satisfied
10898,16,Mod. Satisfied
10899,12,NA
10900,12,Mod. Satisfied
10901,14,Mod. Satisfied
10902,8,NA
10903,12,Mod. Satisfied
10904,12,A Little Dissat
10905,12,Very Satisfied
10906,12,NA
10907,12,Mod. Satisfied
10908,13,Very Satisfied
10909,12,A Little Dissat
10910,15,A Little Dissat
10911,12,Very Dissatisfied
10912,13,Very Dissatisfied
10913,10,Very Satisfied
10914,12,Very Satisfied
10915,12,Mod. Satisfied
10916,11,Very Satisfied
10917,1,Very Satisfied
10918,12,Very Satisfied
10919,12,Very Satisfied
10920,12,Very Satisfied
10921,10,Mod. Satisfied
10922,13,A Little Dissat
10923,6,NA
10924,14,Very Satisfied
10925,16,A Little Dissat
10926,16,Mod. Satisfied
10927,15,Very Satisfied
10928,12,Very Satisfied
10929,10,NA
10930,14,Mod. Satisfied
10931,18,A Little Dissat
10932,16,Very Satisfied
10933,12,NA
10934,12,Mod. Satisfied
10935,20,Very Satisfied
10936,12,Very Satisfied
10937,12,Very Satisfied
10938,12,Very Satisfied
10939,18,A Little Dissat
10940,12,Mod. Satisfied
10941,12,Mod. Satisfied
10942,12,NA
10943,13,Mod. Satisfied
10944,12,A Little Dissat
10945,12,Very Satisfied
10946,5,Mod. Satisfied
10947,11,NA
10948,10,Very Satisfied
10949,8,NA
10950,12,A Little Dissat
10951,7,Very Dissatisfied
10952,10,Mod. Satisfied
10953,12,Very Satisfied
10954,12,Mod. Satisfied
10955,9,NA
10956,16,Very Satisfied
10957,12,Mod. Satisfied
10958,10,NA
10959,12,Very Satisfied
10960,12,Mod. Satisfied
10961,12,NA
10962,12,Very Satisfied
10963,9,NA
10964,10,Mod. Satisfied
10965,16,Very Satisfied
10966,12,Very Satisfied
10967,12,Very Satisfied
10968,12,NA
10969,12,Very Satisfied
10970,16,Very Satisfied
10971,10,NA
10972,8,Mod. Satisfied
10973,10,NA
10974,12,Very Dissatisfied
10975,12,A Little Dissat
10976,3,Mod. Satisfied
10977,12,Very Satisfied
10978,7,Very Satisfied
10979,9,A Little Dissat
10980,12,Mod. Satisfied
10981,9,A Little Dissat
10982,4,NA
10983,8,Mod. Satisfied
10984,8,NA
10985,11,NA
10986,8,Very Satisfied
10987,7,Very Satisfied
10988,7,Very Satisfied
10989,11,Very Satisfied
10990,11,Mod. Satisfied
10991,16,Mod. Satisfied
10992,12,Very Satisfied
10993,19,Very Satisfied
10994,9,Mod. Satisfied
10995,8,Mod. Satisfied
10996,9,Very Satisfied
10997,13,Very Satisfied
10998,16,Very Satisfied
10999,12,Mod. Satisfied
11000,17,Very Satisfied
11001,17,Mod. Satisfied
11002,16,A Little Dissat
11003,16,Mod. Satisfied
11004,11,NA
11005,4,NA
11006,14,A Little Dissat
11007,12,Mod. Satisfied
11008,8,Mod. Satisfied
11009,12,Mod. Satisfied
11010,12,A Little Dissat
11011,7,Mod. Satisfied
11012,12,Very Satisfied
11013,8,Mod. Satisfied
11014,16,NA
11015,14,Very Satisfied
11016,6,NA
11017,11,Mod. Satisfied
11018,14,Very Satisfied
11019,12,Very Satisfied
11020,12,Very Satisfied
11021,12,Very Satisfied
11022,8,Mod. Satisfied
11023,12,Mod. Satisfied
11024,9,NA
11025,14,Mod. Satisfied
11026,16,Very Satisfied
11027,10,Mod. Satisfied
11028,14,Very Satisfied
11029,12,Very Satisfied
11030,12,NA
11031,12,Very Satisfied
11032,11,Very Satisfied
11033,12,Very Satisfied
11034,14,Mod. Satisfied
11035,13,Very Satisfied
11036,11,Mod. Satisfied
11037,9,Very Dissatisfied
11038,12,Mod. Satisfied
11039,8,NA
11040,12,Very Dissatisfied
11041,9,Mod. Satisfied
11042,12,NA
11043,12,Very Satisfied
11044,10,NA
11045,10,Mod. Satisfied
11046,11,Mod. Satisfied
11047,10,Mod. Satisfied
11048,16,Mod. Satisfied
11049,12,Mod. Satisfied
11050,20,Very Satisfied
11051,17,NA
11052,14,Very Satisfied
11053,13,A Little Dissat
11054,14,Very Satisfied
11055,16,Very Satisfied
11056,10,Very Satisfied
11057,13,Very Satisfied
11058,12,Very Satisfied
11059,10,NA
11060,10,Mod. Satisfied
11061,13,Mod. Satisfied
11062,9,Very Satisfied
11063,12,A Little Dissat
11064,11,Very Satisfied
11065,16,Mod. Satisfied
11066,12,Mod. Satisfied
11067,10,A Little Dissat
11068,18,Very Satisfied
11069,12,Very Satisfied
11070,12,Very Satisfied
11071,12,Mod. Satisfied
11072,12,Mod. Satisfied
11073,16,Very Satisfied
11074,15,Very Satisfied
11075,20,Very Satisfied
11076,14,NA
11077,8,NA
11078,17,Mod. Satisfied
11079,18,Mod. Satisfied
11080,18,Very Satisfied
11081,13,A Little Dissat
11082,14,NA
11083,14,NA
11084,16,Very Satisfied
11085,17,A Little Dissat
11086,19,Mod. Satisfied
11087,12,Very Satisfied
11088,12,Very Satisfied
11089,17,Very Satisfied
11090,15,NA
11091,18,NA
11092,14,NA
11093,12,NA
11094,13,NA
11095,13,NA
11096,12,A Little Dissat
11097,7,Very Satisfied
11098,11,Mod. Satisfied
11099,12,Mod. Satisfied
11100,14,Mod. Satisfied
11101,15,Very Dissatisfied
11102,15,Mod. Satisfied
11103,13,Very Satisfied
11104,18,NA
11105,16,Very Satisfied
11106,16,Very Satisfied
11107,16,Mod. Satisfied
11108,8,NA
11109,5,NA
11110,11,Mod. Satisfied
11111,12,Very Satisfied
11112,11,Very Satisfied
11113,14,NA
11114,14,Very Satisfied
11115,12,Very Satisfied
11116,11,Very Satisfied
11117,13,Very Satisfied
11118,12,Very Satisfied
11119,12,Mod. Satisfied
11120,11,Mod. Satisfied
11121,14,Very Satisfied
11122,12,Very Dissatisfied
11123,12,NA
11124,8,Mod. Satisfied
11125,12,A Little Dissat
11126,9,Mod. Satisfied
11127,11,Very Satisfied
11128,10,NA
11129,18,NA
11130,12,NA
11131,18,A Little Dissat
11132,9,NA
11133,12,Very Satisfied
11134,20,Mod. Satisfied
11135,12,Very Satisfied
11136,10,NA
11137,12,Very Satisfied
11138,14,NA
11139,10,Mod. Satisfied
11140,5,NA
11141,14,A Little Dissat
11142,12,Very Dissatisfied
11143,12,Mod. Satisfied
11144,8,NA
11145,10,Mod. Satisfied
11146,9,Very Satisfied
11147,12,A Little Dissat
11148,12,Mod. Satisfied
11149,12,Mod. Satisfied
11150,6,Very Satisfied
11151,8,NA
11152,11,NA
11153,9,NA
11154,12,Mod. Satisfied
11155,12,Mod. Satisfied
11156,13,Very Dissatisfied
11157,15,Very Satisfied
11158,9,NA
11159,8,Very Satisfied
11160,16,Mod. Satisfied
11161,11,Mod. Satisfied
11162,7,Very Satisfied
11163,12,NA
11164,12,Very Satisfied
11165,8,NA
11166,13,A Little Dissat
11167,9,Very Satisfied
11168,12,Mod. Satisfied
11169,8,Very Satisfied
11170,12,Very Dissatisfied
11171,13,Very Satisfied
11172,8,Very Satisfied
11173,12,Very Satisfied
11174,13,Mod. Satisfied
11175,18,Very Dissatisfied
11176,12,Mod. Satisfied
11177,9,Very Satisfied
11178,7,NA
11179,12,A Little Dissat
11180,17,Very Satisfied
11181,10,A Little Dissat
11182,12,Mod. Satisfied
11183,16,Very Satisfied
11184,12,Very Dissatisfied
11185,12,Mod. Satisfied
11186,12,Mod. Satisfied
11187,16,Very Satisfied
11188,16,Very Satisfied
11189,12,Mod. Satisfied
11190,17,A Little Dissat
11191,13,Very Satisfied
11192,14,Mod. Satisfied
11193,14,Very Satisfied
11194,17,Mod. Satisfied
11195,11,Very Satisfied
11196,9,Very Satisfied
11197,13,Very Satisfied
11198,8,Very Satisfied
11199,15,Very Satisfied
11200,12,Very Satisfied
11201,13,Very Satisfied
11202,8,Very Satisfied
11203,15,Very Dissatisfied
11204,12,Mod. Satisfied
11205,14,Very Satisfied
11206,12,Mod. Satisfied
11207,10,Mod. Satisfied
11208,12,Mod. Satisfied
11209,12,Very Satisfied
11210,11,NA
11211,12,Mod. Satisfied
11212,14,Very Satisfied
11213,12,Mod. Satisfied
11214,0,NA
11215,8,Very Satisfied
11216,8,Very Satisfied
11217,12,A Little Dissat
11218,6,Very Satisfied
11219,16,Very Satisfied
11220,12,A Little Dissat
11221,13,Mod. Satisfied
11222,8,Very Satisfied
11223,17,Very Satisfied
11224,12,Very Satisfied
11225,9,Mod. Satisfied
11226,12,Mod. Satisfied
11227,12,NA
11228,12,NA
11229,9,Mod. Satisfied
11230,7,Mod. Satisfied
11231,11,Very Satisfied
11232,14,Mod. Satisfied
11233,12,Mod. Satisfied
11234,16,Mod. Satisfied
11235,12,A Little Dissat
11236,12,Mod. Satisfied
11237,NA,NA
11238,7,Mod. Satisfied
11239,12,Mod. Satisfied
11240,11,NA
11241,12,Mod. Satisfied
11242,6,Very Satisfied
11243,20,A Little Dissat
11244,11,Mod. Satisfied
11245,12,Very Satisfied
11246,7,NA
11247,12,Mod. Satisfied
11248,12,A Little Dissat
11249,12,Very Dissatisfied
11250,12,Very Satisfied
11251,12,A Little Dissat
11252,4,Very Satisfied
11253,12,A Little Dissat
11254,12,A Little Dissat
11255,10,Mod. Satisfied
11256,4,Very Satisfied
11257,9,Mod. Satisfied
11258,12,Very Dissatisfied
11259,12,Very Satisfied
11260,11,A Little Dissat
11261,12,Very Satisfied
11262,8,Very Satisfied
11263,18,Mod. Satisfied
11264,12,Very Satisfied
11265,12,Very Satisfied
11266,17,Very Satisfied
11267,12,NA
11268,8,Very Satisfied
11269,11,Very Satisfied
11270,10,A Little Dissat
11271,10,Mod. Satisfied
11272,12,Very Dissatisfied
11273,8,Very Satisfied
11274,10,A Little Dissat
11275,9,Very Satisfied
11276,12,Mod. Satisfied
11277,12,Very Satisfied
11278,9,Very Satisfied
11279,11,Very Satisfied
11280,6,Very Satisfied
11281,12,A Little Dissat
11282,10,Very Satisfied
11283,12,Mod. Satisfied
11284,13,Mod. Satisfied
11285,16,A Little Dissat
11286,2,A Little Dissat
11287,14,Mod. Satisfied
11288,15,Mod. Satisfied
11289,10,Mod. Satisfied
11290,9,A Little Dissat
11291,8,A Little Dissat
11292,12,NA
11293,13,Very Satisfied
11294,9,Mod. Satisfied
11295,8,Very Satisfied
11296,8,Very Satisfied
11297,6,Mod. Satisfied
11298,4,NA
11299,20,NA
11300,9,NA
11301,10,NA
11302,11,Mod. Satisfied
11303,16,Very Satisfied
11304,10,A Little Dissat
11305,9,NA
11306,10,Mod. Satisfied
11307,12,Very Satisfied
11308,12,Very Satisfied
11309,11,NA
11310,11,Mod. Satisfied
11311,12,Very Satisfied
11312,12,Very Satisfied
11313,11,Mod. Satisfied
11314,13,A Little Dissat
11315,8,Mod. Satisfied
11316,10,Very Satisfied
11317,12,Mod. Satisfied
11318,12,Very Satisfied
11319,11,Very Satisfied
11320,12,Very Satisfied
11321,6,NA
11322,12,Mod. Satisfied
11323,12,A Little Dissat
11324,5,NA
11325,13,Very Satisfied
11326,12,Very Satisfied
11327,9,NA
11328,12,Mod. Satisfied
11329,12,A Little Dissat
11330,12,Very Satisfied
11331,8,Mod. Satisfied
11332,12,Very Satisfied
11333,12,Very Satisfied
11334,12,Very Satisfied
11335,16,NA
11336,13,Very Satisfied
11337,13,Very Satisfied
11338,12,Very Satisfied
11339,12,Mod. Satisfied
11340,12,Very Satisfied
11341,12,Mod. Satisfied
11342,8,NA
11343,14,Very Satisfied
11344,13,NA
11345,8,NA
11346,12,Very Satisfied
11347,5,Very Satisfied
11348,12,Mod. Satisfied
11349,12,Very Satisfied
11350,9,NA
11351,7,Very Satisfied
11352,12,Very Satisfied
11353,12,Very Satisfied
11354,12,Very Satisfied
11355,20,NA
11356,9,NA
11357,11,Mod. Satisfied
11358,6,NA
11359,8,Very Satisfied
11360,9,A Little Dissat
11361,12,Mod. Satisfied
11362,16,NA
11363,15,NA
11364,16,Mod. Satisfied
11365,15,NA
11366,12,Mod. Satisfied
11367,12,A Little Dissat
11368,15,Very Satisfied
11369,9,A Little Dissat
11370,8,Very Satisfied
11371,5,Mod. Satisfied
11372,12,Very Satisfied
11373,17,Mod. Satisfied
11374,8,Very Satisfied
11375,3,Very Satisfied
11376,11,NA
11377,4,A Little Dissat
11378,5,Very Satisfied
11379,7,NA
11380,7,Mod. Satisfied
11381,9,Very Satisfied
11382,16,NA
11383,14,Very Satisfied
11384,11,Very Satisfied
11385,5,Mod. Satisfied
11386,7,Mod. Satisfied
11387,7,NA
11388,16,Very Satisfied
11389,16,A Little Dissat
11390,11,NA
11391,16,Mod. Satisfied
11392,7,NA
11393,5,Very Satisfied
11394,4,Very Satisfied
11395,2,Very Satisfied
11396,12,Mod. Satisfied
11397,12,Mod. Satisfied
11398,16,Very Satisfied
11399,14,NA
11400,12,Mod. Satisfied
11401,8,Very Satisfied
11402,11,Very Satisfied
11403,9,Very Satisfied
11404,6,Mod. Satisfied
11405,12,Very Satisfied
11406,17,Mod. Satisfied
11407,11,Mod. Satisfied
11408,19,Very Satisfied
11409,8,Very Satisfied
11410,12,A Little Dissat
11411,12,NA
11412,10,Mod. Satisfied
11413,12,Mod. Satisfied
11414,17,A Little Dissat
11415,17,Very Satisfied
11416,16,Very Satisfied
11417,19,Very Satisfied
11418,16,Mod. Satisfied
11419,16,Mod. Satisfied
11420,16,Mod. Satisfied
11421,12,Very Satisfied
11422,8,Very Satisfied
11423,12,Very Satisfied
11424,15,Very Satisfied
11425,12,Very Satisfied
11426,13,A Little Dissat
11427,20,Mod. Satisfied
11428,12,Very Satisfied
11429,16,A Little Dissat
11430,16,Very Satisfied
11431,20,Very Satisfied
11432,19,Very Satisfied
11433,20,Very Satisfied
11434,16,Very Satisfied
11435,12,Very Satisfied
11436,16,Mod. Satisfied
11437,10,Very Satisfied
11438,14,A Little Dissat
11439,16,Mod. Satisfied
11440,14,NA
11441,9,Very Dissatisfied
11442,17,Very Satisfied
11443,11,NA
11444,12,Mod. Satisfied
11445,10,Mod. Satisfied
11446,11,Mod. Satisfied
11447,8,Very Dissatisfied
11448,19,Mod. Satisfied
11449,12,Mod. Satisfied
11450,12,Very Satisfied
11451,16,Very Satisfied
11452,14,NA
11453,12,NA
11454,10,NA
11455,12,Mod. Satisfied
11456,16,Very Satisfied
11457,15,Mod. Satisfied
11458,9,Very Satisfied
11459,16,Mod. Satisfied
11460,16,NA
11461,16,Mod. Satisfied
11462,16,Very Satisfied
11463,16,Very Satisfied
11464,3,NA
11465,8,Very Satisfied
11466,NA,A Little Dissat
11467,6,NA
11468,12,Very Satisfied
11469,11,Mod. Satisfied
11470,12,Very Dissatisfied
11471,12,Mod. Satisfied
11472,12,Mod. Satisfied
11473,15,A Little Dissat
11474,12,Very Satisfied
11475,9,Mod. Satisfied
11476,11,A Little Dissat
11477,9,Very Dissatisfied
11478,7,Mod. Satisfied
11479,14,Mod. Satisfied
11480,5,NA
11481,11,Mod. Satisfied
11482,10,Very Satisfied
11483,12,Mod. Satisfied
11484,12,Very Satisfied
11485,12,Very Dissatisfied
11486,12,Very Satisfied
11487,8,NA
11488,12,Very Satisfied
11489,12,Mod. Satisfied
11490,12,Very Dissatisfied
11491,12,Very Satisfied
11492,12,NA
11493,16,Mod. Satisfied
11494,12,Very Satisfied
11495,10,NA
11496,12,Mod. Satisfied
11497,12,Mod. Satisfied
11498,11,NA
11499,6,Very Satisfied
11500,8,Very Satisfied
11501,10,Mod. Satisfied
11502,14,NA
11503,8,NA
11504,16,Very Satisfied
11505,16,Very Satisfied
11506,12,Mod. Satisfied
11507,18,Very Dissatisfied
11508,20,Mod. Satisfied
11509,12,Very Satisfied
11510,12,Very Satisfied
11511,10,Very Satisfied
11512,12,A Little Dissat
11513,12,Mod. Satisfied
11514,12,Very Satisfied
11515,12,A Little Dissat
11516,11,Very Satisfied
11517,12,A Little Dissat
11518,12,Mod. Satisfied
11519,12,Very Satisfied
11520,12,Mod. Satisfied
11521,12,NA
11522,10,Very Satisfied
11523,11,Mod. Satisfied
11524,8,Very Satisfied
11525,12,Mod. Satisfied
11526,14,Mod. Satisfied
11527,7,A Little Dissat
11528,12,NA
11529,12,Very Satisfied
11530,17,Mod. Satisfied
11531,9,Mod. Satisfied
11532,16,Very Satisfied
11533,12,Very Satisfied
11534,12,Very Satisfied
11535,7,Mod. Satisfied
11536,18,Mod. Satisfied
11537,13,NA
11538,16,Mod. Satisfied
11539,12,Very Dissatisfied
11540,12,Mod. Satisfied
11541,12,Mod. Satisfied
11542,12,Very Satisfied
11543,15,NA
11544,15,NA
11545,12,NA
11546,16,Very Satisfied
11547,18,Very Satisfied
11548,9,A Little Dissat
11549,5,Mod. Satisfied
11550,12,Very Satisfied
11551,13,A Little Dissat
11552,13,NA
11553,12,Very Satisfied
11554,11,A Little Dissat
11555,13,NA
11556,12,Mod. Satisfied
11557,8,Very Satisfied
11558,16,Mod. Satisfied
11559,14,Very Satisfied
11560,12,Very Satisfied
11561,16,Mod. Satisfied
11562,16,Mod. Satisfied
11563,11,Mod. Satisfied
11564,10,Mod. Satisfied
11565,12,Mod. Satisfied
11566,15,Mod. Satisfied
11567,14,Very Satisfied
11568,19,Mod. Satisfied
11569,12,Mod. Satisfied
11570,8,NA
11571,13,Very Satisfied
11572,14,NA
11573,12,Very Satisfied
11574,8,A Little Dissat
11575,10,NA
11576,13,Very Dissatisfied
11577,13,Mod. Satisfied
11578,12,Mod. Satisfied
11579,12,Very Satisfied
11580,12,Mod. Satisfied
11581,12,Very Satisfied
11582,13,Mod. Satisfied
11583,12,A Little Dissat
11584,8,NA
11585,12,Very Satisfied
11586,12,Very Satisfied
11587,12,Very Satisfied
11588,12,Mod. Satisfied
11589,12,Very Satisfied
11590,14,Mod. Satisfied
11591,12,Mod. Satisfied
11592,12,Very Satisfied
11593,9,A Little Dissat
11594,12,Very Satisfied
11595,13,Very Satisfied
11596,12,Mod. Satisfied
11597,12,A Little Dissat
11598,12,Very Satisfied
11599,12,A Little Dissat
11600,12,Mod. Satisfied
11601,11,Very Satisfied
11602,12,Mod. Satisfied
11603,12,Mod. Satisfied
11604,12,Very Satisfied
11605,12,Mod. Satisfied
11606,12,Very Satisfied
11607,12,Very Satisfied
11608,14,A Little Dissat
11609,14,Mod. Satisfied
11610,17,Very Satisfied
11611,14,Mod. Satisfied
11612,11,Very Satisfied
11613,16,Mod. Satisfied
11614,12,Very Satisfied
11615,8,NA
11616,13,Very Satisfied
11617,12,Mod. Satisfied
11618,15,A Little Dissat
11619,15,Mod. Satisfied
11620,20,Very Satisfied
11621,12,Very Satisfied
11622,14,Very Satisfied
11623,12,Mod. Satisfied
11624,10,Very Satisfied
11625,10,A Little Dissat
11626,11,Very Satisfied
11627,14,Very Satisfied
11628,12,Very Satisfied
11629,16,Very Satisfied
11630,8,NA
11631,16,Mod. Satisfied
11632,8,Mod. Satisfied
11633,11,NA
11634,8,Very Satisfied
11635,12,Mod. Satisfied
11636,8,NA
11637,8,Very Satisfied
11638,12,Very Satisfied
11639,16,Mod. Satisfied
11640,11,Very Satisfied
11641,13,Mod. Satisfied
11642,14,Mod. Satisfied
11643,12,Very Satisfied
11644,16,NA
11645,14,Very Satisfied
11646,16,Very Satisfied
11647,18,Mod. Satisfied
11648,17,Mod. Satisfied
11649,13,A Little Dissat
11650,16,Mod. Satisfied
11651,17,Very Satisfied
11652,16,Very Satisfied
11653,14,Very Satisfied
11654,13,Very Satisfied
11655,14,A Little Dissat
11656,14,NA
11657,9,Mod. Satisfied
11658,7,Very Satisfied
11659,6,Very Dissatisfied
11660,17,NA
11661,12,Very Satisfied
11662,7,Very Satisfied
11663,11,Very Satisfied
11664,12,Very Satisfied
11665,7,Very Satisfied
11666,16,Mod. Satisfied
11667,16,Very Satisfied
11668,16,Mod. Satisfied
11669,12,Very Satisfied
11670,12,A Little Dissat
11671,6,NA
11672,12,Very Satisfied
11673,8,Very Dissatisfied
11674,7,Mod. Satisfied
11675,16,Very Satisfied
11676,16,Mod. Satisfied
11677,9,NA
11678,16,Mod. Satisfied
11679,17,NA
11680,11,Very Satisfied
11681,6,Mod. Satisfied
11682,12,Very Satisfied
11683,15,Very Satisfied
11684,12,Very Satisfied
11685,14,Very Satisfied
11686,13,Very Satisfied
11687,14,Very Satisfied
11688,12,Mod. Satisfied
11689,10,Very Satisfied
11690,8,Very Satisfied
11691,16,Very Satisfied
11692,14,A Little Dissat
11693,12,Very Satisfied
11694,6,Mod. Satisfied
11695,8,Very Satisfied
11696,10,Very Satisfied
11697,16,Very Satisfied
11698,5,Very Satisfied
11699,13,Very Satisfied
11700,12,Mod. Satisfied
11701,13,Mod. Satisfied
11702,12,Mod. Satisfied
11703,12,Very Satisfied
11704,15,Very Satisfied
11705,10,Very Satisfied
11706,20,Very Satisfied
11707,18,Very Satisfied
11708,16,Very Satisfied
11709,11,Very Dissatisfied
11710,12,Mod. Satisfied
11711,12,Very Satisfied
11712,20,Very Satisfied
11713,12,A Little Dissat
11714,4,Very Satisfied
11715,8,A Little Dissat
11716,12,Mod. Satisfied
11717,16,Very Satisfied
11718,5,Very Satisfied
11719,12,Mod. Satisfied
11720,12,Very Dissatisfied
11721,12,NA
11722,12,NA
11723,8,Very Satisfied
11724,12,Very Satisfied
11725,13,Very Satisfied
11726,9,A Little Dissat
11727,13,Very Satisfied
11728,11,Mod. Satisfied
11729,11,Very Dissatisfied
11730,13,Mod. Satisfied
11731,12,Very Satisfied
11732,12,Very Satisfied
11733,9,Very Satisfied
11734,12,Very Satisfied
11735,14,Mod. Satisfied
11736,18,Mod. Satisfied
11737,16,Mod. Satisfied
11738,17,Very Satisfied
11739,16,A Little Dissat
11740,NA,NA
11741,15,Mod. Satisfied
11742,15,NA
11743,13,Mod. Satisfied
11744,16,Mod. Satisfied
11745,12,Very Satisfied
11746,18,A Little Dissat
11747,16,Very Satisfied
11748,17,Very Satisfied
11749,13,Very Satisfied
11750,14,Very Satisfied
11751,17,Very Dissatisfied
11752,14,A Little Dissat
11753,10,Very Satisfied
11754,16,Very Satisfied
11755,12,Mod. Satisfied
11756,5,Very Satisfied
11757,4,NA
11758,14,A Little Dissat
11759,6,NA
11760,11,Very Satisfied
11761,8,A Little Dissat
11762,11,Very Satisfied
11763,9,Very Satisfied
11764,13,NA
11765,17,Mod. Satisfied
11766,12,Very Satisfied
11767,9,Mod. Satisfied
11768,9,A Little Dissat
11769,12,Mod. Satisfied
11770,12,Mod. Satisfied
11771,12,Very Satisfied
11772,12,Mod. Satisfied
11773,16,Very Satisfied
11774,12,A Little Dissat
11775,16,Mod. Satisfied
11776,12,Very Satisfied
11777,9,Mod. Satisfied
11778,13,Mod. Satisfied
11779,12,A Little Dissat
11780,9,NA
11781,18,Mod. Satisfied
11782,14,Mod. Satisfied
11783,11,Mod. Satisfied
11784,10,Mod. Satisfied
11785,13,Mod. Satisfied
11786,13,Mod. Satisfied
11787,13,Mod. Satisfied
11788,16,Mod. Satisfied
11789,14,Mod. Satisfied
11790,9,Mod. Satisfied
11791,16,Very Satisfied
11792,2,Very Satisfied
11793,10,A Little Dissat
11794,12,Very Satisfied
11795,17,Mod. Satisfied
11796,12,Mod. Satisfied
11797,12,Very Dissatisfied
11798,8,Very Satisfied
11799,16,Mod. Satisfied
11800,8,A Little Dissat
11801,12,NA
11802,7,Very Satisfied
11803,9,Mod. Satisfied
11804,12,Very Satisfied
11805,16,Very Satisfied
11806,14,Very Satisfied
11807,16,Mod. Satisfied
11808,10,NA
11809,12,Very Satisfied
11810,12,Very Satisfied
11811,10,Very Satisfied
11812,12,Very Satisfied
11813,16,Very Satisfied
11814,12,A Little Dissat
11815,15,Mod. Satisfied
11816,12,A Little Dissat
11817,14,Very Satisfied
11818,18,Very Satisfied
11819,12,Mod. Satisfied
11820,13,Mod. Satisfied
11821,13,Very Satisfied
11822,16,NA
11823,10,Mod. Satisfied
11824,12,Very Satisfied
11825,12,A Little Dissat
11826,12,Very Dissatisfied
11827,12,Mod. Satisfied
11828,12,Mod. Satisfied
11829,15,Mod. Satisfied
11830,18,A Little Dissat
11831,13,A Little Dissat
11832,12,Mod. Satisfied
11833,10,Very Satisfied
11834,12,NA
11835,13,Very Satisfied
11836,16,Very Dissatisfied
11837,16,A Little Dissat
11838,13,Very Satisfied
11839,17,Mod. Satisfied
11840,14,Very Satisfied
11841,14,Very Satisfied
11842,18,Very Satisfied
11843,18,NA
11844,13,NA
11845,8,NA
11846,13,Very Satisfied
11847,16,Very Satisfied
11848,14,Mod. Satisfied
11849,14,Very Satisfied
11850,15,Very Dissatisfied
11851,12,Very Satisfied
11852,10,Mod. Satisfied
11853,13,NA
11854,9,NA
11855,14,Mod. Satisfied
11856,15,Mod. Satisfied
11857,12,Mod. Satisfied
11858,14,Very Satisfied
11859,16,Mod. Satisfied
11860,14,Mod. Satisfied
11861,14,Mod. Satisfied
11862,12,Mod. Satisfied
11863,13,Mod. Satisfied
11864,16,A Little Dissat
11865,16,Very Satisfied
11866,17,Mod. Satisfied
11867,17,Very Dissatisfied
11868,15,Very Satisfied
11869,12,Mod. Satisfied
11870,16,Very Satisfied
11871,16,A Little Dissat
11872,12,Very Satisfied
11873,18,Very Dissatisfied
11874,12,NA
11875,13,Very Satisfied
11876,14,A Little Dissat
11877,19,Very Satisfied
11878,16,Mod. Satisfied
11879,12,Very Satisfied
11880,12,A Little Dissat
11881,12,Mod. Satisfied
11882,16,Mod. Satisfied
11883,14,Very Satisfied
11884,18,Mod. Satisfied
11885,16,Mod. Satisfied
11886,13,NA
11887,20,Mod. Satisfied
11888,18,Mod. Satisfied
11889,13,Very Satisfied
11890,16,Very Satisfied
11891,13,Very Satisfied
11892,15,Mod. Satisfied
11893,13,Mod. Satisfied
11894,12,A Little Dissat
11895,14,Very Satisfied
11896,14,Mod. Satisfied
11897,14,NA
11898,12,Very Satisfied
11899,13,Very Satisfied
11900,16,NA
11901,8,NA
11902,3,A Little Dissat
11903,8,NA
11904,12,A Little Dissat
11905,16,NA
11906,12,NA
11907,12,Very Satisfied
11908,6,NA
11909,11,NA
11910,12,Mod. Satisfied
11911,12,Very Satisfied
11912,16,NA
11913,18,Mod. Satisfied
11914,NA,Very Satisfied
11915,13,A Little Dissat
11916,12,Mod. Satisfied
11917,13,Very Satisfied
11918,19,Very Dissatisfied
11919,18,Very Satisfied
11920,18,A Little Dissat
11921,16,NA
11922,18,Very Satisfied
11923,12,Very Satisfied
11924,11,Very Dissatisfied
11925,11,Mod. Satisfied
11926,12,Mod. Satisfied
11927,7,A Little Dissat
11928,5,NA
11929,10,Very Satisfied
11930,8,Very Satisfied
11931,12,Mod. Satisfied
11932,12,Very Satisfied
11933,9,Very Satisfied
11934,13,A Little Dissat
11935,12,A Little Dissat
11936,11,NA
11937,14,Very Satisfied
11938,13,Very Satisfied
11939,12,Very Dissatisfied
11940,14,Very Satisfied
11941,12,Very Satisfied
11942,12,Mod. Satisfied
11943,12,Mod. Satisfied
11944,12,Mod. Satisfied
11945,7,Very Satisfied
11946,12,NA
11947,8,NA
11948,3,NA
11949,12,Mod. Satisfied
11950,8,NA
11951,12,Very Satisfied
11952,9,Very Satisfied
11953,8,NA
11954,12,Mod. Satisfied
11955,8,Mod. Satisfied
11956,12,A Little Dissat
11957,10,A Little Dissat
11958,17,Mod. Satisfied
11959,12,Very Satisfied
11960,14,Mod. Satisfied
11961,12,Mod. Satisfied
11962,4,Mod. Satisfied
11963,12,Very Satisfied
11964,8,NA
11965,15,Very Dissatisfied
11966,6,NA
11967,8,Mod. Satisfied
11968,12,Very Satisfied
11969,10,Mod. Satisfied
11970,10,Very Dissatisfied
11971,8,Very Satisfied
11972,3,Very Satisfied
11973,7,Very Satisfied
11974,12,Very Satisfied
11975,7,Very Dissatisfied
11976,7,Very Satisfied
11977,15,Mod. Satisfied
11978,9,Mod. Satisfied
11979,15,Very Satisfied
11980,7,NA
11981,12,Mod. Satisfied
11982,14,Very Satisfied
11983,12,Mod. Satisfied
11984,12,Mod. Satisfied
11985,10,Mod. Satisfied
11986,12,Mod. Satisfied
11987,9,Mod. Satisfied
11988,15,Very Satisfied
11989,12,NA
11990,14,A Little Dissat
11991,12,Very Satisfied
11992,12,Mod. Satisfied
11993,9,Very Satisfied
11994,14,Very Satisfied
11995,14,A Little Dissat
11996,12,NA
11997,14,Very Satisfied
11998,13,Very Satisfied
11999,13,NA
12000,16,Very Dissatisfied
12001,12,Very Dissatisfied
12002,16,Very Satisfied
12003,12,Mod. Satisfied
12004,12,A Little Dissat
12005,18,Very Satisfied
12006,10,Very Satisfied
12007,12,Mod. Satisfied
12008,12,A Little Dissat
12009,11,Very Satisfied
12010,12,Very Satisfied
12011,12,Mod. Satisfied
12012,13,Mod. Satisfied
12013,10,Very Satisfied
12014,12,Very Satisfied
12015,14,Mod. Satisfied
12016,6,Very Satisfied
12017,12,Very Satisfied
12018,3,Very Satisfied
12019,NA,Very Satisfied
12020,12,Mod. Satisfied
12021,15,Mod. Satisfied
12022,10,Mod. Satisfied
12023,11,Mod. Satisfied
12024,13,Very Satisfied
12025,12,A Little Dissat
12026,13,A Little Dissat
12027,12,Mod. Satisfied
12028,15,A Little Dissat
12029,12,Mod. Satisfied
12030,9,Very Satisfied
12031,11,Very Satisfied
12032,12,Very Satisfied
12033,14,NA
12034,12,Very Satisfied
12035,12,Very Satisfied
12036,14,Very Satisfied
12037,15,Very Satisfied
12038,10,A Little Dissat
12039,14,NA
12040,10,NA
12041,8,NA
12042,17,Mod. Satisfied
12043,12,Very Satisfied
12044,12,Very Satisfied
12045,12,Mod. Satisfied
12046,14,NA
12047,17,Mod. Satisfied
12048,10,Mod. Satisfied
12049,12,Very Satisfied
12050,2,Very Satisfied
12051,11,Very Satisfied
12052,18,Very Satisfied
12053,16,Very Satisfied
12054,12,Very Satisfied
12055,7,Very Satisfied
12056,12,Very Satisfied
12057,12,Mod. Satisfied
12058,12,Very Satisfied
12059,16,Mod. Satisfied
12060,8,NA
12061,10,Mod. Satisfied
12062,12,NA
12063,11,A Little Dissat
12064,9,NA
12065,14,Mod. Satisfied
12066,14,Very Satisfied
12067,8,Very Satisfied
12068,16,Very Satisfied
12069,9,Very Satisfied
12070,12,Very Satisfied
12071,8,Very Satisfied
12072,8,NA
12073,12,Mod. Satisfied
12074,12,Mod. Satisfied
12075,14,Very Satisfied
12076,12,Very Satisfied
12077,12,A Little Dissat
12078,12,Very Satisfied
12079,12,Mod. Satisfied
12080,12,Very Satisfied
12081,12,Mod. Satisfied
12082,12,A Little Dissat
12083,8,Mod. Satisfied
12084,9,Mod. Satisfied
12085,7,Mod. Satisfied
12086,15,Very Satisfied
12087,10,Mod. Satisfied
12088,12,Very Satisfied
12089,12,Very Satisfied
12090,8,Mod. Satisfied
12091,8,NA
12092,10,Mod. Satisfied
12093,12,Very Satisfied
12094,9,Very Satisfied
12095,12,Very Satisfied
12096,9,Very Satisfied
12097,9,Mod. Satisfied
12098,6,Mod. Satisfied
12099,8,Mod. Satisfied
12100,10,Very Satisfied
12101,13,Very Satisfied
12102,12,Very Dissatisfied
12103,10,Very Satisfied
12104,12,A Little Dissat
12105,12,Very Satisfied
12106,14,Very Satisfied
12107,12,Mod. Satisfied
12108,19,NA
12109,12,Mod. Satisfied
12110,10,Very Satisfied
12111,14,A Little Dissat
12112,19,Very Satisfied
12113,7,NA
12114,10,NA
12115,2,Very Satisfied
12116,12,Mod. Satisfied
12117,12,Very Satisfied
12118,12,Very Satisfied
12119,14,Very Satisfied
12120,12,Very Satisfied
12121,9,Very Dissatisfied
12122,12,A Little Dissat
12123,15,Mod. Satisfied
12124,12,Mod. Satisfied
12125,6,NA
12126,16,Mod. Satisfied
12127,15,Very Satisfied
12128,16,NA
12129,18,Very Satisfied
12130,14,NA
12131,13,Mod. Satisfied
12132,16,Very Satisfied
12133,9,Very Dissatisfied
12134,12,Mod. Satisfied
12135,12,Very Satisfied
12136,18,A Little Dissat
12137,8,Very Satisfied
12138,12,Mod. Satisfied
12139,16,Very Dissatisfied
12140,14,Very Satisfied
12141,14,Mod. Satisfied
12142,18,Mod. Satisfied
12143,12,Very Satisfied
12144,12,A Little Dissat
12145,8,NA
12146,8,Mod. Satisfied
12147,20,Very Satisfied
12148,15,Very Satisfied
12149,13,Mod. Satisfied
12150,12,Very Satisfied
12151,11,Mod. Satisfied
12152,11,Mod. Satisfied
12153,12,Very Satisfied
12154,16,Mod. Satisfied
12155,9,Very Satisfied
12156,13,Mod. Satisfied
12157,12,A Little Dissat
12158,17,Mod. Satisfied
12159,12,Very Satisfied
12160,11,Very Satisfied
12161,11,NA
12162,16,Mod. Satisfied
12163,12,NA
12164,13,A Little Dissat
12165,16,Very Dissatisfied
12166,14,Mod. Satisfied
12167,14,Very Satisfied
12168,20,Mod. Satisfied
12169,13,NA
12170,12,Mod. Satisfied
12171,14,Mod. Satisfied
12172,12,Very Satisfied
12173,15,NA
12174,9,NA
12175,0,NA
12176,12,Mod. Satisfied
12177,5,A Little Dissat
12178,13,NA
12179,14,A Little Dissat
12180,12,Mod. Satisfied
12181,13,Very Satisfied
12182,16,A Little Dissat
12183,12,Very Satisfied
12184,12,A Little Dissat
12185,8,NA
12186,11,NA
12187,12,Mod. Satisfied
12188,9,Very Satisfied
12189,12,NA
12190,13,NA
12191,17,NA
12192,12,NA
12193,13,Very Satisfied
12194,12,Mod. Satisfied
12195,12,Very Satisfied
12196,15,Very Satisfied
12197,15,Mod. Satisfied
12198,12,Mod. Satisfied
12199,19,Very Satisfied
12200,12,NA
12201,8,Very Satisfied
12202,6,NA
12203,12,Mod. Satisfied
12204,14,Mod. Satisfied
12205,16,A Little Dissat
12206,16,Very Satisfied
12207,17,Very Satisfied
12208,15,Very Satisfied
12209,14,Very Dissatisfied
12210,18,Mod. Satisfied
12211,10,Mod. Satisfied
12212,9,Very Satisfied
12213,10,A Little Dissat
12214,12,Mod. Satisfied
12215,12,A Little Dissat
12216,6,Mod. Satisfied
12217,12,Mod. Satisfied
12218,12,Mod. Satisfied
12219,10,Mod. Satisfied
12220,12,Very Satisfied
12221,6,Mod. Satisfied
12222,12,A Little Dissat
12223,14,A Little Dissat
12224,10,Very Satisfied
12225,9,Mod. Satisfied
12226,12,Very Dissatisfied
12227,15,NA
12228,12,Very Satisfied
12229,10,Very Satisfied
12230,6,Very Satisfied
12231,14,Mod. Satisfied
12232,12,Very Satisfied
12233,12,Mod. Satisfied
12234,12,Very Satisfied
12235,13,Mod. Satisfied
12236,12,Very Satisfied
12237,12,Mod. Satisfied
12238,12,Very Satisfied
12239,12,Very Satisfied
12240,11,Very Satisfied
12241,14,NA
12242,12,NA
12243,12,Mod. Satisfied
12244,12,Mod. Satisfied
12245,16,Very Satisfied
12246,16,A Little Dissat
12247,16,Mod. Satisfied
12248,16,A Little Dissat
12249,12,Mod. Satisfied
12250,16,Mod. Satisfied
12251,12,Mod. Satisfied
12252,12,Very Satisfied
12253,12,Mod. Satisfied
12254,14,Mod. Satisfied
12255,17,Very Satisfied
12256,16,Very Satisfied
12257,12,Mod. Satisfied
12258,14,Very Satisfied
12259,16,Mod. Satisfied
12260,5,NA
12261,12,Very Satisfied
12262,12,Very Satisfied
12263,12,Very Satisfied
12264,11,NA
12265,12,Mod. Satisfied
12266,12,Very Satisfied
12267,11,Mod. Satisfied
12268,16,A Little Dissat
12269,14,Very Satisfied
12270,12,Very Satisfied
12271,11,Mod. Satisfied
12272,12,Very Satisfied
12273,11,Very Satisfied
12274,12,NA
12275,8,Mod. Satisfied
12276,10,Very Dissatisfied
12277,12,Very Dissatisfied
12278,12,Mod. Satisfied
12279,12,Very Satisfied
12280,14,Very Dissatisfied
12281,8,NA
12282,12,Very Satisfied
12283,12,A Little Dissat
12284,17,Mod. Satisfied
12285,8,NA
12286,14,Very Satisfied
12287,19,Mod. Satisfied
12288,11,NA
12289,14,Very Satisfied
12290,17,Mod. Satisfied
12291,5,NA
12292,14,Mod. Satisfied
12293,12,NA
12294,6,A Little Dissat
12295,7,NA
12296,9,NA
12297,7,NA
12298,13,Very Satisfied
12299,12,Very Dissatisfied
12300,14,NA
12301,16,Very Satisfied
12302,11,Mod. Satisfied
12303,16,Very Satisfied
12304,12,Very Satisfied
12305,13,Very Satisfied
12306,12,Mod. Satisfied
12307,12,Very Dissatisfied
12308,12,Mod. Satisfied
12309,14,Very Satisfied
12310,13,A Little Dissat
12311,12,Very Satisfied
12312,12,Very Dissatisfied
12313,16,Very Satisfied
12314,17,Mod. Satisfied
12315,13,Mod. Satisfied
12316,13,Very Satisfied
12317,15,NA
12318,14,NA
12319,11,Very Satisfied
12320,12,A Little Dissat
12321,8,NA
12322,8,NA
12323,12,A Little Dissat
12324,12,Mod. Satisfied
12325,12,Very Satisfied
12326,12,Very Satisfied
12327,16,NA
12328,12,Very Satisfied
12329,16,Very Satisfied
12330,20,Very Satisfied
12331,12,Mod. Satisfied
12332,11,Mod. Satisfied
12333,17,Very Satisfied
12334,14,Mod. Satisfied
12335,14,Mod. Satisfied
12336,12,NA
12337,12,Mod. Satisfied
12338,10,NA
12339,14,Very Dissatisfied
12340,12,Very Satisfied
12341,12,Mod. Satisfied
12342,8,Very Satisfied
12343,12,A Little Dissat
12344,12,Very Satisfied
12345,12,NA
12346,12,Mod. Satisfied
12347,13,A Little Dissat
12348,12,Very Satisfied
12349,9,NA
12350,8,Very Satisfied
12351,10,Very Dissatisfied
12352,11,Mod. Satisfied
12353,12,Mod. Satisfied
12354,12,Very Satisfied
12355,12,Very Dissatisfied
12356,16,Very Dissatisfied
12357,12,A Little Dissat
12358,17,Mod. Satisfied
12359,15,Very Satisfied
12360,12,Very Satisfied
12361,16,Very Satisfied
12362,11,NA
12363,13,Very Satisfied
12364,10,Very Satisfied
12365,14,Very Satisfied
12366,16,Very Satisfied
12367,16,A Little Dissat
12368,12,Very Satisfied
12369,12,NA
12370,11,NA
12371,12,Mod. Satisfied
12372,13,Very Satisfied
12373,12,Mod. Satisfied
12374,12,A Little Dissat
12375,12,Mod. Satisfied
12376,19,Very Satisfied
12377,12,Very Satisfied
12378,13,Very Satisfied
12379,16,Very Satisfied
12380,12,Mod. Satisfied
12381,7,NA
12382,12,A Little Dissat
12383,12,Very Satisfied
12384,8,Mod. Satisfied
12385,12,Very Satisfied
12386,17,Mod. Satisfied
12387,12,Mod. Satisfied
12388,13,NA
12389,8,Very Satisfied
12390,12,Mod. Satisfied
12391,15,Mod. Satisfied
12392,10,NA
12393,12,Very Satisfied
12394,18,NA
12395,13,Very Dissatisfied
12396,18,Very Satisfied
12397,12,A Little Dissat
12398,16,Very Satisfied
12399,11,Mod. Satisfied
12400,18,Very Satisfied
12401,14,A Little Dissat
12402,12,Very Satisfied
12403,0,NA
12404,14,Very Satisfied
12405,15,A Little Dissat
12406,16,Very Satisfied
12407,10,Very Satisfied
12408,13,Very Satisfied
12409,19,Mod. Satisfied
12410,16,Very Satisfied
12411,16,Mod. Satisfied
12412,8,Very Satisfied
12413,12,NA
12414,7,Mod. Satisfied
12415,8,Mod. Satisfied
12416,8,NA
12417,7,NA
12418,9,Very Dissatisfied
12419,6,Very Satisfied
12420,9,Mod. Satisfied
12421,7,A Little Dissat
12422,6,Mod. Satisfied
12423,12,Very Satisfied
12424,10,NA
12425,14,Very Satisfied
12426,5,NA
12427,14,Very Satisfied
12428,7,A Little Dissat
12429,12,NA
12430,8,A Little Dissat
12431,5,Very Satisfied
12432,0,NA
12433,0,NA
12434,12,NA
12435,9,Very Satisfied
12436,15,Mod. Satisfied
12437,18,Very Satisfied
12438,16,NA
12439,9,Mod. Satisfied
12440,13,NA
12441,17,NA
12442,15,Very Satisfied
12443,12,Mod. Satisfied
12444,12,Very Satisfied
12445,10,Very Satisfied
12446,14,Mod. Satisfied
12447,7,Very Satisfied
12448,12,NA
12449,7,Very Dissatisfied
12450,8,NA
12451,13,Very Satisfied
12452,15,Mod. Satisfied
12453,10,Very Satisfied
12454,13,Mod. Satisfied
12455,NA,Very Satisfied
12456,10,Very Satisfied
12457,14,Mod. Satisfied
12458,12,Very Satisfied
12459,16,Very Satisfied
12460,12,Mod. Satisfied
12461,16,Very Satisfied
12462,11,Very Satisfied
12463,9,Very Satisfied
12464,10,Very Satisfied
12465,10,NA
12466,11,Very Satisfied
12467,12,Mod. Satisfied
12468,8,Mod. Satisfied
12469,12,Mod. Satisfied
12470,7,NA
12471,11,NA
12472,10,Very Satisfied
12473,12,Mod. Satisfied
12474,16,Very Satisfied
12475,14,Very Satisfied
12476,16,Mod. Satisfied
12477,16,NA
12478,12,A Little Dissat
12479,12,NA
12480,10,NA
12481,6,Mod. Satisfied
12482,9,Mod. Satisfied
12483,10,NA
12484,12,Mod. Satisfied
12485,11,Very Satisfied
12486,12,Mod. Satisfied
12487,14,Mod. Satisfied
12488,12,Very Satisfied
12489,NA,NA
12490,12,Mod. Satisfied
12491,13,Very Dissatisfied
12492,13,Very Satisfied
12493,16,Very Satisfied
12494,20,NA
12495,16,Mod. Satisfied
12496,14,Very Satisfied
12497,16,Mod. Satisfied
12498,12,Mod. Satisfied
12499,13,NA
12500,11,Mod. Satisfied
12501,10,NA
12502,12,NA
12503,12,Very Satisfied
12504,11,Mod. Satisfied
12505,9,Mod. Satisfied
12506,10,Mod. Satisfied
12507,10,Mod. Satisfied
12508,10,NA
12509,11,Mod. Satisfied
12510,4,NA
12511,11,Very Satisfied
12512,10,NA
12513,12,Mod. Satisfied
12514,7,A Little Dissat
12515,12,Mod. Satisfied
12516,12,Very Satisfied
12517,8,Very Satisfied
12518,12,Very Satisfied
12519,11,A Little Dissat
12520,8,NA
12521,12,Mod. Satisfied
12522,12,Very Satisfied
12523,9,Very Dissatisfied
12524,7,Very Satisfied
12525,13,Very Dissatisfied
12526,16,Mod. Satisfied
12527,20,Very Satisfied
12528,13,Very Satisfied
12529,16,Mod. Satisfied
12530,13,Mod. Satisfied
12531,8,Very Satisfied
12532,8,NA
12533,12,Very Satisfied
12534,9,Very Satisfied
12535,8,NA
12536,10,A Little Dissat
12537,16,Mod. Satisfied
12538,16,Very Satisfied
12539,9,Very Satisfied
12540,13,Very Satisfied
12541,12,Mod. Satisfied
12542,19,Very Satisfied
12543,13,Very Satisfied
12544,11,Mod. Satisfied
12545,10,NA
12546,16,Mod. Satisfied
12547,12,Mod. Satisfied
12548,14,Mod. Satisfied
12549,18,Very Satisfied
12550,14,Very Satisfied
12551,12,Mod. Satisfied
12552,16,A Little Dissat
12553,12,Very Satisfied
12554,14,Mod. Satisfied
12555,12,Mod. Satisfied
12556,15,Very Satisfied
12557,12,A Little Dissat
12558,3,Mod. Satisfied
12559,13,Mod. Satisfied
12560,12,Mod. Satisfied
12561,12,Mod. Satisfied
12562,8,Mod. Satisfied
12563,6,NA
12564,16,Very Satisfied
12565,12,NA
12566,13,Mod. Satisfied
12567,14,NA
12568,17,Mod. Satisfied
12569,19,Very Satisfied
12570,19,A Little Dissat
12571,12,Mod. Satisfied
12572,16,NA
12573,14,NA
12574,12,Mod. Satisfied
12575,19,Mod. Satisfied
12576,14,Very Satisfied
12577,13,A Little Dissat
12578,9,Very Satisfied
12579,11,Very Satisfied
12580,14,Very Satisfied
12581,20,NA
12582,11,Very Dissatisfied
12583,13,Mod. Satisfied
12584,12,Mod. Satisfied
12585,11,Very Satisfied
12586,4,Mod. Satisfied
12587,13,Mod. Satisfied
12588,12,NA
12589,19,Mod. Satisfied
12590,13,Mod. Satisfied
12591,14,Very Satisfied
12592,12,Mod. Satisfied
12593,18,Very Satisfied
12594,15,Very Satisfied
12595,18,NA
12596,9,Mod. Satisfied
12597,7,NA
12598,12,Mod. Satisfied
12599,9,A Little Dissat
12600,12,Mod. Satisfied
12601,1,NA
12602,12,Mod. Satisfied
12603,9,Very Satisfied
12604,0,NA
12605,12,Mod. Satisfied
12606,14,A Little Dissat
12607,12,Very Satisfied
12608,14,Very Satisfied
12609,12,Very Satisfied
12610,12,Very Satisfied
12611,10,NA
12612,14,Very Satisfied
12613,8,NA
12614,6,NA
12615,12,Very Satisfied
12616,12,Very Satisfied
12617,8,Mod. Satisfied
12618,12,NA
12619,6,Very Dissatisfied
12620,12,Very Satisfied
12621,10,NA
12622,10,Very Satisfied
12623,12,Mod. Satisfied
12624,NA,Very Satisfied
12625,12,Very Satisfied
12626,13,Mod. Satisfied
12627,12,NA
12628,12,Very Satisfied
12629,12,Very Satisfied
12630,12,Very Dissatisfied
12631,12,Mod. Satisfied
12632,13,Mod. Satisfied
12633,12,Very Satisfied
12634,12,Very Satisfied
12635,12,Very Satisfied
12636,5,NA
12637,14,Mod. Satisfied
12638,12,Very Satisfied
12639,12,A Little Dissat
12640,12,Mod. Satisfied
12641,12,A Little Dissat
12642,12,Mod. Satisfied
12643,18,NA
12644,16,Mod. Satisfied
12645,12,Mod. Satisfied
12646,19,Very Satisfied
12647,8,NA
12648,12,Very Satisfied
12649,10,Very Satisfied
12650,14,A Little Dissat
12651,12,Mod. Satisfied
12652,12,Very Satisfied
12653,12,Mod. Satisfied
12654,12,Mod. Satisfied
12655,7,Very Satisfied
12656,13,Mod. Satisfied
12657,14,Very Satisfied
12658,12,Very Satisfied
12659,16,Mod. Satisfied
12660,16,Mod. Satisfied
12661,14,Mod. Satisfied
12662,15,Very Dissatisfied
12663,14,Mod. Satisfied
12664,16,Mod. Satisfied
12665,20,Mod. Satisfied
12666,12,Very Satisfied
12667,12,Mod. Satisfied
12668,11,Mod. Satisfied
12669,12,Very Satisfied
12670,8,Very Satisfied
12671,14,Mod. Satisfied
12672,12,NA
12673,12,Mod. Satisfied
12674,12,Very Satisfied
12675,12,Mod. Satisfied
12676,12,A Little Dissat
12677,11,Very Satisfied
12678,7,Very Satisfied
12679,10,Very Dissatisfied
12680,11,Mod. Satisfied
12681,12,A Little Dissat
12682,8,NA
12683,12,NA
12684,12,Mod. Satisfied
12685,10,Very Satisfied
12686,16,NA
12687,10,Mod. Satisfied
12688,12,Very Satisfied
12689,0,NA
12690,14,NA
12691,12,Very Satisfied
12692,12,Very Dissatisfied
12693,13,Very Satisfied
12694,13,Mod. Satisfied
12695,12,Mod. Satisfied
12696,11,Mod. Satisfied
12697,10,Very Satisfied
12698,12,Very Satisfied
12699,15,A Little Dissat
12700,13,Mod. Satisfied
12701,13,Very Dissatisfied
12702,16,NA
12703,16,Very Satisfied
12704,11,Very Satisfied
12705,12,Mod. Satisfied
12706,12,Very Satisfied
12707,10,Mod. Satisfied
12708,9,Mod. Satisfied
12709,12,Very Satisfied
12710,12,Very Satisfied
12711,3,NA
12712,10,Very Satisfied
12713,9,Mod. Satisfied
12714,16,A Little Dissat
12715,7,NA
12716,13,A Little Dissat
12717,11,NA
12718,12,NA
12719,12,Very Satisfied
12720,12,Very Satisfied
12721,12,A Little Dissat
12722,5,NA
12723,12,NA
12724,11,NA
12725,14,NA
12726,16,NA
12727,11,NA
12728,16,Very Satisfied
12729,10,Very Satisfied
12730,12,Very Satisfied
12731,12,Very Dissatisfied
12732,12,Very Satisfied
12733,8,NA
12734,9,Very Satisfied
12735,10,A Little Dissat
12736,12,Very Satisfied
12737,12,NA
12738,10,Very Satisfied
12739,16,NA
12740,8,NA
12741,12,Very Satisfied
12742,12,Mod. Satisfied
12743,16,Very Satisfied
12744,13,Very Satisfied
12745,10,A Little Dissat
12746,15,Very Satisfied
12747,16,Very Satisfied
12748,16,Very Satisfied
12749,8,Mod. Satisfied
12750,11,Very Satisfied
12751,12,Very Dissatisfied
12752,12,Very Satisfied
12753,14,Very Satisfied
12754,12,Mod. Satisfied
12755,14,Very Satisfied
12756,14,Very Satisfied
12757,14,Very Satisfied
12758,10,NA
12759,10,Very Satisfied
12760,8,NA
12761,14,Mod. Satisfied
12762,13,Very Satisfied
12763,12,Mod. Satisfied
12764,12,Very Satisfied
12765,9,Very Satisfied
12766,9,Very Satisfied
12767,12,Mod. Satisfied
12768,12,Very Satisfied
12769,11,Very Satisfied
12770,11,Mod. Satisfied
12771,12,Very Satisfied
12772,12,A Little Dissat
12773,12,Very Satisfied
12774,8,Mod. Satisfied
12775,11,Very Satisfied
12776,8,NA
12777,10,Very Satisfied
12778,12,Very Satisfied
12779,8,NA
12780,12,Mod. Satisfied
12781,16,Very Satisfied
12782,13,NA
12783,8,Mod. Satisfied
12784,12,Very Satisfied
12785,12,Mod. Satisfied
12786,13,A Little Dissat
12787,17,Mod. Satisfied
12788,8,NA
12789,6,NA
12790,8,NA
12791,12,Very Satisfied
12792,12,Mod. Satisfied
12793,12,Very Satisfied
12794,15,A Little Dissat
12795,11,Very Satisfied
12796,8,NA
12797,12,NA
12798,13,Very Satisfied
12799,18,Very Satisfied
12800,10,Mod. Satisfied
12801,8,Very Satisfied
12802,12,Mod. Satisfied
12803,12,Very Satisfied
12804,8,Very Satisfied
12805,11,Mod. Satisfied
12806,8,Very Satisfied
12807,8,Very Satisfied
12808,8,NA
12809,12,NA
12810,12,Very Satisfied
12811,12,Very Dissatisfied
12812,12,Very Satisfied
12813,16,NA
12814,8,NA
12815,13,Very Satisfied
12816,9,Very Satisfied
12817,8,NA
12818,12,Very Dissatisfied
12819,16,Very Satisfied
12820,6,Very Satisfied
12821,12,Mod. Satisfied
12822,7,Very Satisfied
12823,14,Mod. Satisfied
12824,7,Mod. Satisfied
12825,8,Very Satisfied
12826,9,Mod. Satisfied
12827,6,Very Satisfied
12828,16,Mod. Satisfied
12829,12,Very Satisfied
12830,12,Very Satisfied
12831,5,Mod. Satisfied
12832,7,Very Satisfied
12833,12,Very Satisfied
12834,12,NA
12835,12,Mod. Satisfied
12836,12,Mod. Satisfied
12837,7,Very Satisfied
12838,5,Mod. Satisfied
12839,8,NA
12840,12,Very Satisfied
12841,8,Very Satisfied
12842,7,Mod. Satisfied
12843,8,Mod. Satisfied
12844,11,A Little Dissat
12845,7,Mod. Satisfied
12846,7,Mod. Satisfied
12847,12,A Little Dissat
12848,7,Very Satisfied
12849,11,NA
12850,6,Mod. Satisfied
12851,12,Very Satisfied
12852,12,Mod. Satisfied
12853,12,Very Satisfied
12854,12,Very Satisfied
12855,8,NA
12856,9,Very Satisfied
12857,14,Very Dissatisfied
12858,12,NA
12859,12,Mod. Satisfied
12860,15,Mod. Satisfied
12861,20,Very Satisfied
12862,18,Mod. Satisfied
12863,18,Very Satisfied
12864,16,Mod. Satisfied
12865,13,Very Satisfied
12866,12,Very Dissatisfied
12867,11,Very Satisfied
12868,9,Very Dissatisfied
12869,14,NA
12870,18,Mod. Satisfied
12871,12,Mod. Satisfied
12872,12,Mod. Satisfied
12873,12,Mod. Satisfied
12874,11,Mod. Satisfied
12875,15,Very Satisfied
12876,12,NA
12877,6,Very Satisfied
12878,12,Mod. Satisfied
12879,12,Mod. Satisfied
12880,16,Very Dissatisfied
12881,12,Very Dissatisfied
12882,15,Very Satisfied
12883,14,Mod. Satisfied
12884,16,Mod. Satisfied
12885,12,Very Satisfied
12886,3,NA
12887,11,Very Satisfied
12888,12,NA
12889,11,A Little Dissat
12890,11,Very Dissatisfied
12891,6,Very Satisfied
12892,16,Very Satisfied
12893,11,Mod. Satisfied
12894,2,NA
12895,11,NA
12896,14,Mod. Satisfied
12897,8,Very Satisfied
12898,16,Mod. Satisfied
12899,12,Very Satisfied
12900,19,Very Satisfied
12901,13,Mod. Satisfied
12902,12,Very Satisfied
12903,12,NA
12904,3,NA
12905,12,Mod. Satisfied
12906,15,A Little Dissat
12907,11,Very Satisfied
12908,10,Mod. Satisfied
12909,12,Mod. Satisfied
12910,7,Very Satisfied
12911,14,Very Satisfied
12912,13,NA
12913,12,NA
12914,16,NA
12915,12,Very Satisfied
12916,12,Mod. Satisfied
12917,12,Very Satisfied
12918,13,A Little Dissat
12919,13,Very Satisfied
12920,12,Mod. Satisfied
12921,12,Mod. Satisfied
12922,16,Very Satisfied
12923,11,NA
12924,12,Mod. Satisfied
12925,13,Very Satisfied
12926,12,NA
12927,7,NA
12928,12,Very Satisfied
12929,12,Mod. Satisfied
12930,12,Very Satisfied
12931,20,Very Satisfied
12932,16,Mod. Satisfied
12933,17,Mod. Satisfied
12934,14,NA
12935,16,Mod. Satisfied
12936,16,Very Satisfied
12937,18,NA
12938,10,Mod. Satisfied
12939,6,Very Satisfied
12940,12,Very Satisfied
12941,12,Very Satisfied
12942,16,NA
12943,11,Very Satisfied
12944,12,Very Satisfied
12945,12,A Little Dissat
12946,12,Mod. Satisfied
12947,12,Very Satisfied
12948,12,NA
12949,12,Very Satisfied
12950,12,Very Satisfied
12951,8,Mod. Satisfied
12952,12,Very Satisfied
12953,12,Mod. Satisfied
12954,12,Mod. Satisfied
12955,14,Mod. Satisfied
12956,13,Mod. Satisfied
12957,13,Very Satisfied
12958,8,Mod. Satisfied
12959,16,Very Satisfied
12960,17,Mod. Satisfied
12961,12,A Little Dissat
12962,16,Mod. Satisfied
12963,16,NA
12964,16,Very Satisfied
12965,15,Mod. Satisfied
12966,17,Mod. Satisfied
12967,16,Very Satisfied
12968,12,Very Satisfied
12969,8,Mod. Satisfied
12970,9,Mod. Satisfied
12971,12,Mod. Satisfied
12972,12,NA
12973,16,Mod. Satisfied
12974,15,NA
12975,16,Mod. Satisfied
12976,12,Very Satisfied
12977,13,Very Satisfied
12978,12,NA
12979,15,Very Satisfied
12980,14,Very Satisfied
12981,12,Mod. Satisfied
12982,8,Very Dissatisfied
12983,7,A Little Dissat
12984,5,NA
12985,17,Very Satisfied
12986,19,Very Satisfied
12987,8,Very Satisfied
12988,9,Very Satisfied
12989,14,Very Satisfied
12990,12,Mod. Satisfied
12991,13,Mod. Satisfied
12992,12,Very Satisfied
12993,6,Mod. Satisfied
12994,12,Very Satisfied
12995,19,Very Satisfied
12996,13,Mod. Satisfied
12997,14,Very Satisfied
12998,13,NA
12999,10,A Little Dissat
13000,12,Mod. Satisfied
13001,10,Very Satisfied
13002,16,Mod. Satisfied
13003,12,A Little Dissat
13004,15,NA
13005,15,Mod. Satisfied
13006,13,Very Satisfied
13007,11,Mod. Satisfied
13008,9,Very Satisfied
13009,12,Very Satisfied
13010,8,Very Satisfied
13011,12,A Little Dissat
13012,13,Very Satisfied
13013,12,Mod. Satisfied
13014,13,Mod. Satisfied
13015,13,Mod. Satisfied
13016,16,Very Satisfied
13017,8,NA
13018,6,NA
13019,14,Mod. Satisfied
13020,13,Mod. Satisfied
13021,12,Very Dissatisfied
13022,16,Very Satisfied
13023,12,Mod. Satisfied
13024,17,NA
13025,12,NA
13026,10,Mod. Satisfied
13027,9,Very Dissatisfied
13028,12,Very Satisfied
13029,10,Very Satisfied
13030,14,NA
13031,12,Very Satisfied
13032,13,Very Satisfied
13033,13,Very Dissatisfied
13034,18,Very Satisfied
13035,20,Very Satisfied
13036,20,Very Satisfied
13037,18,Very Satisfied
13038,12,Mod. Satisfied
13039,12,Very Dissatisfied
13040,12,Very Satisfied
13041,12,Very Satisfied
13042,12,Very Satisfied
13043,12,Mod. Satisfied
13044,11,A Little Dissat
13045,10,Mod. Satisfied
13046,12,Mod. Satisfied
13047,12,NA
13048,11,NA
13049,14,Very Satisfied
13050,12,A Little Dissat
13051,14,Very Satisfied
13052,15,A Little Dissat
13053,7,NA
13054,12,Mod. Satisfied
13055,12,Mod. Satisfied
13056,12,Mod. Satisfied
13057,9,NA
13058,12,Very Satisfied
13059,12,Very Satisfied
13060,12,Mod. Satisfied
13061,12,NA
13062,10,Very Satisfied
13063,12,Very Satisfied
13064,12,Very Satisfied
13065,12,A Little Dissat
13066,12,Very Satisfied
13067,12,Mod. Satisfied
13068,12,Mod. Satisfied
13069,12,Mod. Satisfied
13070,12,Mod. Satisfied
13071,18,Mod. Satisfied
13072,14,Mod. Satisfied
13073,14,Very Dissatisfied
13074,19,Very Satisfied
13075,16,Mod. Satisfied
13076,12,A Little Dissat
13077,12,Mod. Satisfied
13078,20,Mod. Satisfied
13079,12,Mod. Satisfied
13080,13,Very Dissatisfied
13081,5,Very Satisfied
13082,7,Very Satisfied
13083,12,Very Satisfied
13084,12,Mod. Satisfied
13085,14,Mod. Satisfied
13086,9,Mod. Satisfied
13087,10,Mod. Satisfied
13088,15,Very Satisfied
13089,12,Mod. Satisfied
13090,16,Mod. Satisfied
13091,9,Mod. Satisfied
13092,16,NA
13093,16,Mod. Satisfied
13094,11,Very Dissatisfied
13095,12,Mod. Satisfied
13096,12,Mod. Satisfied
13097,12,A Little Dissat
13098,12,Very Dissatisfied
13099,8,Very Satisfied
13100,16,NA
13101,10,NA
13102,14,Mod. Satisfied
13103,12,NA
13104,13,Mod. Satisfied
13105,13,Very Satisfied
13106,12,NA
13107,13,NA
13108,12,Very Satisfied
13109,12,Mod. Satisfied
13110,12,Very Satisfied
13111,12,Very Dissatisfied
13112,11,Very Satisfied
13113,11,NA
13114,9,Mod. Satisfied
13115,12,Very Dissatisfied
13116,12,Very Satisfied
13117,10,A Little Dissat
13118,13,Very Satisfied
13119,9,Very Satisfied
13120,11,Very Satisfied
13121,12,Mod. Satisfied
13122,12,Very Satisfied
13123,12,Very Satisfied
13124,13,NA
13125,14,Very Satisfied
13126,18,Very Satisfied
13127,19,Very Satisfied
13128,17,Very Satisfied
13129,14,Mod. Satisfied
13130,12,Very Satisfied
13131,19,Mod. Satisfied
13132,12,Mod. Satisfied
13133,15,A Little Dissat
13134,12,Very Satisfied
13135,13,Very Satisfied
13136,16,Very Satisfied
13137,12,Very Satisfied
13138,16,NA
13139,15,Very Satisfied
13140,16,Very Satisfied
13141,10,Very Dissatisfied
13142,8,NA
13143,12,A Little Dissat
13144,16,Very Satisfied
13145,13,Very Dissatisfied
13146,18,Very Satisfied
13147,12,Very Satisfied
13148,12,Mod. Satisfied
13149,13,Very Satisfied
13150,9,NA
13151,8,NA
13152,12,NA
13153,10,Very Satisfied
13154,11,Mod. Satisfied
13155,9,Very Satisfied
13156,14,Mod. Satisfied
13157,11,Very Dissatisfied
13158,17,Very Satisfied
13159,16,Very Satisfied
13160,15,NA
13161,15,NA
13162,18,Mod. Satisfied
13163,16,Very Dissatisfied
13164,12,A Little Dissat
13165,12,Very Satisfied
13166,11,A Little Dissat
13167,15,NA
13168,12,Very Satisfied
13169,12,Mod. Satisfied
13170,15,Very Satisfied
13171,12,Mod. Satisfied
13172,12,Very Satisfied
13173,12,Very Satisfied
13174,11,Mod. Satisfied
13175,12,Very Satisfied
13176,12,Very Satisfied
13177,15,Very Satisfied
13178,12,Very Satisfied
13179,12,Very Satisfied
13180,12,Very Satisfied
13181,13,Very Dissatisfied
13182,12,A Little Dissat
13183,5,NA
13184,10,Mod. Satisfied
13185,12,Very Satisfied
13186,12,Very Satisfied
13187,12,Mod. Satisfied
13188,8,NA
13189,12,A Little Dissat
13190,6,Very Satisfied
13191,12,Very Satisfied
13192,12,Mod. Satisfied
13193,16,Very Satisfied
13194,16,Very Dissatisfied
13195,12,Very Dissatisfied
13196,16,Very Satisfied
13197,12,Very Satisfied
13198,19,Very Satisfied
13199,14,Very Satisfied
13200,14,Mod. Satisfied
13201,20,A Little Dissat
13202,9,Mod. Satisfied
13203,12,Mod. Satisfied
13204,12,Mod. Satisfied
13205,12,Mod. Satisfied
13206,8,Mod. Satisfied
13207,12,Very Satisfied
13208,12,Mod. Satisfied
13209,12,Very Satisfied
13210,13,Very Satisfied
13211,12,Very Satisfied
13212,12,Very Satisfied
13213,11,A Little Dissat
13214,13,Very Satisfied
13215,14,A Little Dissat
13216,11,Mod. Satisfied
13217,13,Very Satisfied
13218,20,Very Satisfied
13219,16,Very Dissatisfied
13220,10,Very Satisfied
13221,16,Mod. Satisfied
13222,12,Mod. Satisfied
13223,16,Very Satisfied
13224,19,Mod. Satisfied
13225,15,Very Satisfied
13226,18,Very Satisfied
13227,13,Mod. Satisfied
13228,18,Very Satisfied
13229,12,Very Satisfied
13230,12,Very Satisfied
13231,12,Mod. Satisfied
13232,16,Mod. Satisfied
13233,8,Very Satisfied
13234,11,Very Dissatisfied
13235,14,Very Satisfied
13236,14,NA
13237,9,Very Satisfied
13238,7,Very Satisfied
13239,12,Mod. Satisfied
13240,13,A Little Dissat
13241,12,NA
13242,20,Very Satisfied
13243,12,Mod. Satisfied
13244,16,Mod. Satisfied
13245,10,Very Satisfied
13246,15,Very Satisfied
13247,12,Very Satisfied
13248,14,Mod. Satisfied
13249,15,Very Satisfied
13250,18,NA
13251,4,Mod. Satisfied
13252,3,Very Satisfied
13253,16,Mod. Satisfied
13254,16,Mod. Satisfied
13255,12,A Little Dissat
13256,14,Mod. Satisfied
13257,15,Very Dissatisfied
13258,12,Mod. Satisfied
13259,11,Very Satisfied
13260,13,Very Satisfied
13261,9,Mod. Satisfied
13262,4,NA
13263,8,Very Satisfied
13264,8,Mod. Satisfied
13265,12,NA
13266,8,Very Satisfied
13267,11,NA
13268,12,Mod. Satisfied
13269,12,NA
13270,12,A Little Dissat
13271,18,Very Satisfied
13272,11,Mod. Satisfied
13273,13,Mod. Satisfied
13274,17,Very Satisfied
13275,11,Very Satisfied
13276,15,Very Dissatisfied
13277,12,Very Satisfied
13278,12,Very Satisfied
13279,13,NA
13280,8,NA
13281,12,Mod. Satisfied
13282,12,A Little Dissat
13283,13,Mod. Satisfied
13284,13,A Little Dissat
13285,11,NA
13286,12,NA
13287,13,Mod. Satisfied
13288,14,Mod. Satisfied
13289,9,Very Satisfied
13290,16,Very Satisfied
13291,3,NA
13292,7,Very Satisfied
13293,11,Mod. Satisfied
13294,13,Mod. Satisfied
13295,16,Very Satisfied
13296,13,A Little Dissat
13297,10,Very Satisfied
13298,12,Very Satisfied
13299,12,NA
13300,14,Very Satisfied
13301,12,Mod. Satisfied
13302,13,Mod. Satisfied
13303,17,Mod. Satisfied
13304,16,Mod. Satisfied
13305,14,Very Satisfied
13306,12,NA
13307,13,Mod. Satisfied
13308,12,Very Satisfied
13309,13,NA
13310,14,Mod. Satisfied
13311,13,Very Satisfied
13312,19,A Little Dissat
13313,19,Mod. Satisfied
13314,12,Very Satisfied
13315,12,Very Satisfied
13316,11,Mod. Satisfied
13317,14,Very Satisfied
13318,15,Very Satisfied
13319,6,A Little Dissat
13320,17,Mod. Satisfied
13321,8,NA
13322,11,A Little Dissat
13323,8,NA
13324,19,Mod. Satisfied
13325,13,Mod. Satisfied
13326,12,Very Satisfied
13327,11,Mod. Satisfied
13328,14,A Little Dissat
13329,16,Mod. Satisfied
13330,14,Very Satisfied
13331,12,Mod. Satisfied
13332,12,NA
13333,14,Very Satisfied
13334,15,Very Satisfied
13335,14,Very Satisfied
13336,12,Mod. Satisfied
13337,14,Very Satisfied
13338,16,Very Satisfied
13339,15,Very Satisfied
13340,16,Mod. Satisfied
13341,12,Mod. Satisfied
13342,13,Very Satisfied
13343,14,NA
13344,8,NA
13345,12,NA
13346,11,Very Satisfied
13347,12,Very Satisfied
13348,12,Very Satisfied
13349,9,A Little Dissat
13350,10,Very Satisfied
13351,12,Mod. Satisfied
13352,12,Very Satisfied
13353,12,Mod. Satisfied
13354,12,Mod. Satisfied
13355,14,Mod. Satisfied
13356,10,Very Dissatisfied
13357,12,Mod. Satisfied
13358,11,Very Satisfied
13359,14,NA
13360,10,Very Satisfied
13361,11,NA
13362,9,Very Dissatisfied
13363,14,Very Satisfied
13364,12,Mod. Satisfied
13365,13,Very Satisfied
13366,16,Mod. Satisfied
13367,14,Mod. Satisfied
13368,12,Very Dissatisfied
13369,12,Very Satisfied
13370,13,Mod. Satisfied
13371,12,NA
13372,15,NA
13373,9,NA
13374,12,Very Satisfied
13375,16,Very Satisfied
13376,12,Very Dissatisfied
13377,12,Very Satisfied
13378,12,NA
13379,12,Very Satisfied
13380,12,Very Satisfied
13381,12,NA
13382,11,Mod. Satisfied
13383,13,Mod. Satisfied
13384,10,A Little Dissat
13385,12,A Little Dissat
13386,12,Mod. Satisfied
13387,16,Very Satisfied
13388,12,Very Satisfied
13389,12,A Little Dissat
13390,13,Mod. Satisfied
13391,10,Mod. Satisfied
13392,14,NA
13393,12,Mod. Satisfied
13394,NA,Very Satisfied
13395,12,Mod. Satisfied
13396,10,Mod. Satisfied
13397,8,NA
13398,12,Mod. Satisfied
13399,12,Very Satisfied
13400,12,Mod. Satisfied
13401,8,Mod. Satisfied
13402,8,NA
13403,10,Very Satisfied
13404,12,Mod. Satisfied
13405,12,Mod. Satisfied
13406,13,Mod. Satisfied
13407,10,Very Satisfied
13408,12,NA
13409,12,A Little Dissat
13410,6,NA
13411,9,NA
13412,10,Mod. Satisfied
13413,12,Very Satisfied
13414,9,Mod. Satisfied
13415,11,NA
13416,14,Very Satisfied
13417,10,Very Satisfied
13418,16,NA
13419,15,Very Satisfied
13420,14,Mod. Satisfied
13421,16,A Little Dissat
13422,12,A Little Dissat
13423,12,Very Satisfied
13424,16,Mod. Satisfied
13425,14,Very Satisfied
13426,8,NA
13427,12,NA
13428,14,NA
13429,12,NA
13430,12,Mod. Satisfied
13431,12,A Little Dissat
13432,8,Very Satisfied
13433,8,NA
13434,12,NA
13435,12,Mod. Satisfied
13436,8,Mod. Satisfied
13437,10,NA
13438,14,Very Satisfied
13439,14,Mod. Satisfied
13440,8,NA
13441,8,NA
13442,12,NA
13443,8,NA
13444,9,NA
13445,8,Very Satisfied
13446,10,NA
13447,16,Mod. Satisfied
13448,8,Very Satisfied
13449,2,Mod. Satisfied
13450,12,Mod. Satisfied
13451,9,Very Satisfied
13452,12,Very Satisfied
13453,3,A Little Dissat
13454,10,Very Satisfied
13455,12,Mod. Satisfied
13456,15,NA
13457,12,Mod. Satisfied
13458,2,Very Satisfied
13459,15,Mod. Satisfied
13460,14,A Little Dissat
13461,11,NA
13462,12,Mod. Satisfied
13463,15,Very Satisfied
13464,6,NA
13465,15,A Little Dissat
13466,10,Very Satisfied
13467,7,NA
13468,14,Very Satisfied
13469,12,Very Satisfied
13470,12,Very Satisfied
13471,0,NA
13472,12,Very Satisfied
13473,13,A Little Dissat
13474,17,Mod. Satisfied
13475,14,Very Satisfied
13476,7,Mod. Satisfied
13477,12,Very Satisfied
13478,12,NA
13479,12,Mod. Satisfied
13480,6,Very Satisfied
13481,15,NA
13482,12,Mod. Satisfied
13483,16,Very Satisfied
13484,18,Very Satisfied
13485,16,Very Satisfied
13486,12,Very Satisfied
13487,14,Mod. Satisfied
13488,12,Mod. Satisfied
13489,7,Very Satisfied
13490,8,Very Dissatisfied
13491,5,Very Satisfied
13492,5,Mod. Satisfied
13493,16,Very Satisfied
13494,6,Very Satisfied
13495,7,Mod. Satisfied
13496,16,Very Satisfied
13497,12,Mod. Satisfied
13498,12,Very Satisfied
13499,9,Very Satisfied
13500,12,Very Satisfied
13501,10,A Little Dissat
13502,12,Very Satisfied
13503,12,Mod. Satisfied
13504,16,Mod. Satisfied
13505,12,NA
13506,12,Mod. Satisfied
13507,11,Mod. Satisfied
13508,12,Very Satisfied
13509,19,Very Satisfied
13510,12,A Little Dissat
13511,13,A Little Dissat
13512,13,Very Satisfied
13513,13,NA
13514,8,Very Satisfied
13515,14,NA
13516,13,Mod. Satisfied
13517,11,A Little Dissat
13518,9,Very Dissatisfied
13519,12,Very Satisfied
13520,13,Mod. Satisfied
13521,14,NA
13522,4,NA
13523,13,Very Satisfied
13524,11,Very Satisfied
13525,14,Mod. Satisfied
13526,6,Very Satisfied
13527,1,NA
13528,12,Mod. Satisfied
13529,8,Mod. Satisfied
13530,14,Very Satisfied
13531,6,Very Satisfied
13532,12,Very Satisfied
13533,14,Very Satisfied
13534,17,NA
13535,12,Mod. Satisfied
13536,11,Very Satisfied
13537,11,NA
13538,13,Mod. Satisfied
13539,10,Very Satisfied
13540,12,Very Satisfied
13541,12,Mod. Satisfied
13542,7,Mod. Satisfied
13543,13,Very Satisfied
13544,11,NA
13545,12,NA
13546,14,Mod. Satisfied
13547,12,Mod. Satisfied
13548,13,Very Satisfied
13549,15,A Little Dissat
13550,11,Very Satisfied
13551,12,Mod. Satisfied
13552,8,NA
13553,12,Very Dissatisfied
13554,12,Very Satisfied
13555,6,Very Satisfied
13556,8,NA
13557,12,Very Satisfied
13558,13,Very Satisfied
13559,14,Very Satisfied
13560,8,Very Satisfied
13561,12,A Little Dissat
13562,9,Very Satisfied
13563,8,Very Satisfied
13564,12,Very Satisfied
13565,9,Very Satisfied
13566,5,NA
13567,8,Very Satisfied
13568,12,Mod. Satisfied
13569,NA,Mod. Satisfied
13570,8,Very Satisfied
13571,7,Very Satisfied
13572,9,NA
13573,6,NA
13574,9,Mod. Satisfied
13575,12,A Little Dissat
13576,12,A Little Dissat
13577,11,Mod. Satisfied
13578,12,Mod. Satisfied
13579,5,NA
13580,5,NA
13581,11,Very Satisfied
13582,11,Very Satisfied
13583,11,Very Satisfied
13584,11,A Little Dissat
13585,8,Mod. Satisfied
13586,7,Very Satisfied
13587,6,Very Satisfied
13588,2,NA
13589,17,Very Satisfied
13590,16,Very Satisfied
13591,15,NA
13592,18,NA
13593,17,Very Satisfied
13594,16,NA
13595,12,Mod. Satisfied
13596,16,Mod. Satisfied
13597,8,NA
13598,12,Very Satisfied
13599,12,Mod. Satisfied
13600,6,NA
13601,10,Very Satisfied
13602,12,NA
13603,7,Very Satisfied
13604,12,Very Satisfied
13605,12,Mod. Satisfied
13606,7,Very Satisfied
13607,7,NA
13608,14,NA
13609,11,Very Satisfied
13610,10,Mod. Satisfied
13611,10,NA
13612,12,Very Satisfied
13613,12,Very Satisfied
13614,12,Mod. Satisfied
13615,12,Mod. Satisfied
13616,12,Very Satisfied
13617,10,A Little Dissat
13618,10,Mod. Satisfied
13619,12,A Little Dissat
13620,11,Very Dissatisfied
13621,11,Mod. Satisfied
13622,12,NA
13623,12,A Little Dissat
13624,13,Mod. Satisfied
13625,11,Mod. Satisfied
13626,16,Very Satisfied
13627,13,Very Satisfied
13628,13,NA
13629,9,NA
13630,12,NA
13631,18,Very Satisfied
13632,11,NA
13633,14,A Little Dissat
13634,4,Very Satisfied
13635,10,Very Dissatisfied
13636,12,Mod. Satisfied
13637,14,Mod. Satisfied
13638,11,NA
13639,12,Mod. Satisfied
13640,12,Very Satisfied
13641,9,Mod. Satisfied
13642,17,Mod. Satisfied
13643,14,Mod. Satisfied
13644,13,Very Satisfied
13645,9,Mod. Satisfied
13646,16,Very Satisfied
13647,8,Mod. Satisfied
13648,6,NA
13649,11,NA
13650,11,NA
13651,6,NA
13652,8,A Little Dissat
13653,14,Very Satisfied
13654,13,Very Dissatisfied
13655,11,NA
13656,10,Mod. Satisfied
13657,12,Mod. Satisfied
13658,9,Very Dissatisfied
13659,9,NA
13660,12,Very Satisfied
13661,12,NA
13662,12,Mod. Satisfied
13663,10,NA
13664,12,NA
13665,8,NA
13666,12,Very Satisfied
13667,3,Very Satisfied
13668,8,Mod. Satisfied
13669,16,Mod. Satisfied
13670,12,A Little Dissat
13671,9,Very Satisfied
13672,9,Mod. Satisfied
13673,12,A Little Dissat
13674,10,Very Satisfied
13675,17,NA
13676,13,Mod. Satisfied
13677,12,Mod. Satisfied
13678,9,Very Dissatisfied
13679,15,A Little Dissat
13680,3,Very Satisfied
13681,14,Very Satisfied
13682,10,Mod. Satisfied
13683,14,NA
13684,8,Mod. Satisfied
13685,13,A Little Dissat
13686,11,Mod. Satisfied
13687,9,Mod. Satisfied
13688,8,Very Satisfied
13689,14,Mod. Satisfied
13690,16,Mod. Satisfied
13691,14,Very Satisfied
13692,13,Mod. Satisfied
13693,6,Mod. Satisfied
13694,12,A Little Dissat
13695,15,Mod. Satisfied
13696,12,Mod. Satisfied
13697,13,Mod. Satisfied
13698,12,Mod. Satisfied
13699,13,A Little Dissat
13700,9,NA
13701,18,Mod. Satisfied
13702,13,Mod. Satisfied
13703,14,NA
13704,9,A Little Dissat
13705,12,NA
13706,12,NA
13707,6,Very Satisfied
13708,14,Mod. Satisfied
13709,8,Very Satisfied
13710,13,Mod. Satisfied
13711,7,Very Satisfied
13712,16,Very Satisfied
13713,13,Very Satisfied
13714,12,Very Satisfied
13715,12,Very Satisfied
13716,14,A Little Dissat
13717,13,A Little Dissat
13718,8,Very Satisfied
13719,8,Very Satisfied
13720,13,Mod. Satisfied
13721,14,Mod. Satisfied
13722,18,A Little Dissat
13723,14,Very Satisfied
13724,19,Very Satisfied
13725,12,NA
13726,12,Mod. Satisfied
13727,12,Mod. Satisfied
13728,12,NA
13729,14,NA
13730,8,Very Satisfied
13731,6,Mod. Satisfied
13732,12,Very Satisfied
13733,14,Very Satisfied
13734,10,Very Satisfied
13735,7,NA
13736,9,Very Satisfied
13737,11,Mod. Satisfied
13738,7,Mod. Satisfied
13739,8,NA
13740,9,Very Satisfied
13741,6,Very Satisfied
13742,10,NA
13743,6,Very Satisfied
13744,6,Very Satisfied
13745,9,Very Satisfied
13746,12,Very Satisfied
13747,9,Very Satisfied
13748,11,Mod. Satisfied
13749,11,Very Satisfied
13750,12,Very Dissatisfied
13751,6,NA
13752,4,Very Satisfied
13753,12,Very Dissatisfied
13754,8,Mod. Satisfied
13755,5,NA
13756,9,NA
13757,12,Mod. Satisfied
13758,10,Very Satisfied
13759,5,NA
13760,12,Mod. Satisfied
13761,5,NA
13762,11,Mod. Satisfied
13763,12,Very Satisfied
13764,12,Mod. Satisfied
13765,12,Very Satisfied
13766,11,Very Satisfied
13767,14,A Little Dissat
13768,12,Mod. Satisfied
13769,14,Very Satisfied
13770,9,A Little Dissat
13771,11,Mod. Satisfied
13772,16,Very Satisfied
13773,NA,NA
13774,9,Very Satisfied
13775,11,A Little Dissat
13776,10,Very Satisfied
13777,11,Very Satisfied
13778,11,Mod. Satisfied
13779,13,Mod. Satisfied
13780,11,Mod. Satisfied
13781,12,Mod. Satisfied
13782,11,NA
13783,8,Mod. Satisfied
13784,15,Mod. Satisfied
13785,12,Very Satisfied
13786,10,Very Satisfied
13787,14,NA
13788,10,Very Dissatisfied
13789,6,NA
13790,9,Very Satisfied
13791,11,Very Satisfied
13792,10,Mod. Satisfied
13793,12,Mod. Satisfied
13794,13,A Little Dissat
13795,13,Very Satisfied
13796,16,Mod. Satisfied
13797,15,NA
13798,12,A Little Dissat
13799,NA,Mod. Satisfied
13800,14,Very Satisfied
13801,7,NA
13802,12,NA
13803,12,A Little Dissat
13804,12,Mod. Satisfied
13805,10,A Little Dissat
13806,12,Very Dissatisfied
13807,12,Very Satisfied
13808,16,NA
13809,16,Very Dissatisfied
13810,12,NA
13811,14,Mod. Satisfied
13812,16,A Little Dissat
13813,11,Very Dissatisfied
13814,14,NA
13815,10,Very Satisfied
13816,19,Mod. Satisfied
13817,8,Very Satisfied
13818,16,A Little Dissat
13819,12,Very Satisfied
13820,12,A Little Dissat
13821,11,NA
13822,16,Mod. Satisfied
13823,11,Very Satisfied
13824,8,Very Satisfied
13825,12,NA
13826,15,Very Satisfied
13827,11,Mod. Satisfied
13828,6,Very Satisfied
13829,6,Very Satisfied
13830,12,NA
13831,12,Very Satisfied
13832,12,Mod. Satisfied
13833,12,Mod. Satisfied
13834,12,A Little Dissat
13835,12,Very Satisfied
13836,18,Very Satisfied
13837,17,Mod. Satisfied
13838,19,Mod. Satisfied
13839,15,Very Satisfied
13840,7,Very Satisfied
13841,13,Mod. Satisfied
13842,6,Very Satisfied
13843,12,A Little Dissat
13844,10,Very Satisfied
13845,10,Very Dissatisfied
13846,3,NA
13847,3,NA
13848,9,NA
13849,3,NA
13850,8,NA
13851,8,NA
13852,7,NA
13853,13,A Little Dissat
13854,7,NA
13855,5,NA
13856,11,Very Satisfied
13857,8,Very Satisfied
13858,13,Very Satisfied
13859,12,Mod. Satisfied
13860,11,NA
13861,10,NA
13862,12,NA
13863,14,A Little Dissat
13864,12,NA
13865,14,Mod. Satisfied
13866,10,NA
13867,9,Very Satisfied
13868,14,NA
13869,11,NA
13870,11,NA
13871,16,Mod. Satisfied
13872,12,Very Satisfied
13873,18,NA
13874,12,Mod. Satisfied
13875,15,Very Satisfied
13876,7,Very Satisfied
13877,17,Very Satisfied
13878,17,Mod. Satisfied
13879,18,NA
13880,12,Mod. Satisfied
13881,12,Mod. Satisfied
13882,12,NA
13883,17,NA
13884,8,Mod. Satisfied
13885,12,Very Satisfied
13886,12,A Little Dissat
13887,12,Very Satisfied
13888,11,Mod. Satisfied
13889,13,Mod. Satisfied
13890,12,Very Dissatisfied
13891,11,A Little Dissat
13892,10,Mod. Satisfied
13893,11,A Little Dissat
13894,12,A Little Dissat
13895,6,Mod. Satisfied
13896,7,Mod. Satisfied
13897,9,Mod. Satisfied
13898,12,A Little Dissat
13899,12,Very Satisfied
13900,12,Very Satisfied
13901,16,NA
13902,8,Mod. Satisfied
13903,9,Mod. Satisfied
13904,16,Very Satisfied
13905,11,A Little Dissat
13906,11,NA
13907,9,NA
13908,10,NA
13909,12,Very Satisfied
13910,11,Very Satisfied
13911,18,Very Satisfied
13912,14,Mod. Satisfied
13913,11,Very Satisfied
13914,12,Very Satisfied
13915,11,Very Satisfied
13916,3,NA
13917,2,Very Satisfied
13918,11,NA
13919,14,NA
13920,9,NA
13921,14,Mod. Satisfied
13922,12,Very Dissatisfied
13923,12,Very Satisfied
13924,3,NA
13925,11,Very Satisfied
13926,12,NA
13927,14,A Little Dissat
13928,11,Mod. Satisfied
13929,12,Very Dissatisfied
13930,12,Mod. Satisfied
13931,12,Mod. Satisfied
13932,13,NA
13933,12,Very Satisfied
13934,14,Mod. Satisfied
13935,16,A Little Dissat
13936,20,Mod. Satisfied
13937,9,Very Satisfied
13938,12,A Little Dissat
13939,13,Very Dissatisfied
13940,12,Mod. Satisfied
13941,11,Very Satisfied
13942,14,Very Satisfied
13943,12,Very Satisfied
13944,10,A Little Dissat
13945,14,A Little Dissat
13946,3,NA
13947,12,Mod. Satisfied
13948,8,NA
13949,12,Mod. Satisfied
13950,12,NA
13951,12,Mod. Satisfied
13952,12,NA
13953,12,NA
13954,15,A Little Dissat
13955,14,NA
13956,12,Very Satisfied
13957,12,Mod. Satisfied
13958,6,Mod. Satisfied
13959,14,Very Satisfied
13960,12,A Little Dissat
13961,14,Very Satisfied
13962,4,NA
13963,10,A Little Dissat
13964,9,Mod. Satisfied
13965,10,Mod. Satisfied
13966,NA,Mod. Satisfied
13967,7,Very Satisfied
13968,14,Very Satisfied
13969,12,Very Satisfied
13970,12,Very Satisfied
13971,12,Very Satisfied
13972,15,A Little Dissat
13973,12,Very Satisfied
13974,13,NA
13975,12,NA
13976,14,Very Satisfied
13977,12,Very Satisfied
13978,15,Mod. Satisfied
13979,12,Very Satisfied
13980,14,Very Satisfied
13981,9,Very Dissatisfied
13982,12,NA
13983,12,Very Satisfied
13984,12,Very Satisfied
13985,12,Very Satisfied
13986,7,Very Satisfied
13987,13,Mod. Satisfied
13988,12,NA
13989,12,Mod. Satisfied
13990,14,Very Satisfied
13991,12,Very Satisfied
13992,14,Mod. Satisfied
13993,12,Mod. Satisfied
13994,12,Mod. Satisfied
13995,4,NA
13996,12,Very Satisfied
13997,12,Mod. Satisfied
13998,11,Very Satisfied
13999,16,Mod. Satisfied
14000,14,Very Satisfied
14001,17,Very Dissatisfied
14002,12,A Little Dissat
14003,18,NA
14004,12,Very Satisfied
14005,16,Very Satisfied
14006,16,Mod. Satisfied
14007,14,Very Dissatisfied
14008,16,Mod. Satisfied
14009,12,Very Satisfied
14010,12,NA
14011,12,Very Satisfied
14012,16,Very Satisfied
14013,12,Very Satisfied
14014,12,Mod. Satisfied
14015,14,NA
14016,12,A Little Dissat
14017,11,NA
14018,2,Mod. Satisfied
14019,14,Mod. Satisfied
14020,8,Mod. Satisfied
14021,12,Mod. Satisfied
14022,14,Mod. Satisfied
14023,8,Mod. Satisfied
14024,10,Mod. Satisfied
14025,18,Mod. Satisfied
14026,12,A Little Dissat
14027,12,Very Satisfied
14028,8,Mod. Satisfied
14029,9,Very Satisfied
14030,14,Mod. Satisfied
14031,18,Very Satisfied
14032,9,Very Satisfied
14033,8,Mod. Satisfied
14034,12,Very Satisfied
14035,12,A Little Dissat
14036,12,Very Satisfied
14037,12,Mod. Satisfied
14038,12,NA
14039,12,Very Satisfied
14040,11,Mod. Satisfied
14041,16,Mod. Satisfied
14042,16,Very Satisfied
14043,11,NA
14044,12,Mod. Satisfied
14045,12,Mod. Satisfied
14046,12,Very Satisfied
14047,12,A Little Dissat
14048,12,Mod. Satisfied
14049,14,Very Dissatisfied
14050,18,Very Satisfied
14051,12,Very Satisfied
14052,14,Very Satisfied
14053,14,Mod. Satisfied
14054,10,Mod. Satisfied
14055,10,A Little Dissat
14056,11,Very Satisfied
14057,9,Very Satisfied
14058,12,Very Satisfied
14059,14,Very Satisfied
14060,9,NA
14061,16,Very Satisfied
14062,12,Very Satisfied
14063,14,Mod. Satisfied
14064,13,Very Satisfied
14065,12,Mod. Satisfied
14066,12,Very Dissatisfied
14067,16,Mod. Satisfied
14068,12,Mod. Satisfied
14069,13,Very Satisfied
14070,10,NA
14071,13,NA
14072,12,Mod. Satisfied
14073,15,Mod. Satisfied
14074,4,NA
14075,13,Very Satisfied
14076,12,Mod. Satisfied
14077,10,Very Dissatisfied
14078,12,NA
14079,7,NA
14080,12,A Little Dissat
14081,15,Mod. Satisfied
14082,12,Mod. Satisfied
14083,16,Mod. Satisfied
14084,11,Mod. Satisfied
14085,18,Very Satisfied
14086,14,Mod. Satisfied
14087,13,Very Dissatisfied
14088,11,Very Satisfied
14089,14,Very Satisfied
14090,16,Very Satisfied
14091,10,Very Satisfied
14092,18,Very Dissatisfied
14093,19,Very Satisfied
14094,14,Mod. Satisfied
14095,12,NA
14096,16,Very Satisfied
14097,13,Very Satisfied
14098,16,NA
14099,17,Very Satisfied
14100,16,NA
14101,12,Very Satisfied
14102,11,Very Satisfied
14103,11,Very Satisfied
14104,12,Mod. Satisfied
14105,14,Very Satisfied
14106,12,Very Satisfied
14107,11,Very Satisfied
14108,8,Very Satisfied
14109,8,Very Satisfied
14110,7,NA
14111,8,NA
14112,10,Mod. Satisfied
14113,12,Very Satisfied
14114,12,Very Satisfied
14115,14,Very Satisfied
14116,15,A Little Dissat
14117,12,Mod. Satisfied
14118,14,Mod. Satisfied
14119,14,A Little Dissat
14120,12,Mod. Satisfied
14121,4,A Little Dissat
14122,8,NA
14123,12,NA
14124,12,NA
14125,12,Very Satisfied
14126,12,Very Satisfied
14127,12,Mod. Satisfied
14128,14,NA
14129,12,A Little Dissat
14130,15,NA
14131,16,Very Satisfied
14132,9,NA
14133,12,NA
14134,12,Very Satisfied
14135,11,Mod. Satisfied
14136,14,Mod. Satisfied
14137,14,Mod. Satisfied
14138,14,Mod. Satisfied
14139,16,NA
14140,14,Very Satisfied
14141,14,Very Satisfied
14142,15,A Little Dissat
14143,12,Very Satisfied
14144,0,NA
14145,11,Mod. Satisfied
14146,12,Very Satisfied
14147,11,A Little Dissat
14148,13,Very Satisfied
14149,7,Mod. Satisfied
14150,11,A Little Dissat
14151,8,NA
14152,15,Very Satisfied
14153,8,Very Satisfied
14154,12,Very Satisfied
14155,16,Mod. Satisfied
14156,16,Mod. Satisfied
14157,16,Mod. Satisfied
14158,13,NA
14159,13,NA
14160,16,A Little Dissat
14161,14,A Little Dissat
14162,10,Mod. Satisfied
14163,14,Mod. Satisfied
14164,16,A Little Dissat
14165,12,Very Dissatisfied
14166,12,Mod. Satisfied
14167,13,Very Satisfied
14168,12,Very Satisfied
14169,12,Very Satisfied
14170,16,Mod. Satisfied
14171,12,Very Satisfied
14172,11,Very Satisfied
14173,14,Mod. Satisfied
14174,12,Very Satisfied
14175,4,NA
14176,13,Mod. Satisfied
14177,14,NA
14178,12,Very Satisfied
14179,8,Mod. Satisfied
14180,13,Very Dissatisfied
14181,16,Mod. Satisfied
14182,16,Very Dissatisfied
14183,13,Very Satisfied
14184,16,Very Satisfied
14185,11,Mod. Satisfied
14186,12,Mod. Satisfied
14187,12,Mod. Satisfied
14188,12,Very Satisfied
14189,18,NA
14190,12,Mod. Satisfied
14191,12,Mod. Satisfied
14192,12,Mod. Satisfied
14193,12,Mod. Satisfied
14194,11,NA
14195,14,A Little Dissat
14196,12,NA
14197,18,Very Satisfied
14198,12,Very Satisfied
14199,14,Mod. Satisfied
14200,11,Mod. Satisfied
14201,15,A Little Dissat
14202,12,Very Satisfied
14203,10,Very Satisfied
14204,11,NA
14205,4,NA
14206,16,Mod. Satisfied
14207,8,Very Satisfied
14208,9,A Little Dissat
14209,12,A Little Dissat
14210,12,Very Satisfied
14211,9,Very Satisfied
14212,12,Very Satisfied
14213,12,A Little Dissat
14214,16,Very Satisfied
14215,12,Very Satisfied
14216,16,NA
14217,14,Very Satisfied
14218,12,Very Satisfied
14219,18,Mod. Satisfied
14220,14,Mod. Satisfied
14221,11,NA
14222,12,Very Satisfied
14223,11,A Little Dissat
14224,12,Very Satisfied
14225,6,Mod. Satisfied
14226,14,Mod. Satisfied
14227,16,Mod. Satisfied
14228,12,NA
14229,9,Mod. Satisfied
14230,16,NA
14231,12,Mod. Satisfied
14232,12,Mod. Satisfied
14233,16,Mod. Satisfied
14234,12,Very Dissatisfied
14235,17,Mod. Satisfied
14236,12,Very Satisfied
14237,17,A Little Dissat
14238,6,Very Satisfied
14239,14,Very Satisfied
14240,16,Very Satisfied
14241,15,Very Satisfied
14242,12,Very Satisfied
14243,16,Very Satisfied
14244,12,Mod. Satisfied
14245,12,NA
14246,12,Very Satisfied
14247,16,A Little Dissat
14248,17,Very Dissatisfied
14249,16,Very Satisfied
14250,15,Very Satisfied
14251,14,Very Satisfied
14252,16,Very Satisfied
14253,14,Mod. Satisfied
14254,18,Very Satisfied
14255,16,Very Satisfied
14256,15,Mod. Satisfied
14257,12,Very Satisfied
14258,14,Very Satisfied
14259,8,Very Satisfied
14260,10,NA
14261,12,Mod. Satisfied
14262,10,Mod. Satisfied
14263,10,Mod. Satisfied
14264,14,Very Satisfied
14265,12,Mod. Satisfied
14266,12,Very Satisfied
14267,14,Very Satisfied
14268,16,Very Satisfied
14269,11,Very Satisfied
14270,13,Very Satisfied
14271,12,Very Satisfied
14272,14,Very Satisfied
14273,16,Very Satisfied
14274,12,Mod. Satisfied
14275,14,Mod. Satisfied
14276,15,NA
14277,16,Mod. Satisfied
14278,16,A Little Dissat
14279,14,A Little Dissat
14280,16,A Little Dissat
14281,13,A Little Dissat
14282,12,Mod. Satisfied
14283,18,Mod. Satisfied
14284,13,Very Satisfied
14285,12,Very Satisfied
14286,13,Very Satisfied
14287,12,NA
14288,1,Very Satisfied
14289,9,NA
14290,12,Mod. Satisfied
14291,12,Very Satisfied
14292,11,NA
14293,16,Mod. Satisfied
14294,12,Very Satisfied
14295,12,Very Satisfied
14296,10,Very Satisfied
14297,14,Mod. Satisfied
14298,12,Very Satisfied
14299,10,Mod. Satisfied
14300,14,Mod. Satisfied
14301,14,Very Dissatisfied
14302,12,Mod. Satisfied
14303,15,Very Satisfied
14304,11,Very Satisfied
14305,12,Mod. Satisfied
14306,13,A Little Dissat
14307,14,Very Satisfied
14308,12,NA
14309,12,NA
14310,9,Mod. Satisfied
14311,13,Mod. Satisfied
14312,13,Very Satisfied
14313,12,Very Dissatisfied
14314,15,Mod. Satisfied
14315,16,Very Satisfied
14316,12,Very Satisfied
14317,12,Very Satisfied
14318,12,Mod. Satisfied
14319,12,A Little Dissat
14320,10,Mod. Satisfied
14321,17,Very Satisfied
14322,12,Very Satisfied
14323,10,Very Satisfied
14324,13,Very Satisfied
14325,12,Very Dissatisfied
14326,12,Mod. Satisfied
14327,12,Very Satisfied
14328,12,NA
14329,10,Very Satisfied
14330,6,A Little Dissat
14331,12,Mod. Satisfied
14332,9,A Little Dissat
14333,8,A Little Dissat
14334,12,A Little Dissat
14335,14,Very Satisfied
14336,12,Mod. Satisfied
14337,12,NA
14338,11,A Little Dissat
14339,13,Mod. Satisfied
14340,12,Very Satisfied
14341,5,NA
14342,12,Very Satisfied
14343,8,Very Satisfied
14344,13,NA
14345,7,NA
14346,12,Mod. Satisfied
14347,12,Very Satisfied
14348,12,Mod. Satisfied
14349,16,Mod. Satisfied
14350,8,Very Satisfied
14351,11,Very Satisfied
14352,13,Mod. Satisfied
14353,14,Mod. Satisfied
14354,12,Mod. Satisfied
14355,20,NA
14356,8,Very Satisfied
14357,10,Mod. Satisfied
14358,10,Mod. Satisfied
14359,11,Very Dissatisfied
14360,9,NA
14361,12,Very Satisfied
14362,14,Mod. Satisfied
14363,16,Mod. Satisfied
14364,12,Mod. Satisfied
14365,17,NA
14366,12,Very Satisfied
14367,12,NA
14368,16,Mod. Satisfied
14369,5,NA
14370,10,Very Satisfied
14371,12,Very Satisfied
14372,12,NA
14373,12,Very Satisfied
14374,14,Mod. Satisfied
14375,12,NA
14376,12,A Little Dissat
14377,12,Mod. Satisfied
14378,12,Very Satisfied
14379,12,Mod. Satisfied
14380,11,Very Satisfied
14381,9,Mod. Satisfied
14382,7,Mod. Satisfied
14383,9,NA
14384,12,Mod. Satisfied
14385,11,NA
14386,16,Very Satisfied
14387,18,Mod. Satisfied
14388,10,Mod. Satisfied
14389,8,Very Satisfied
14390,13,Mod. Satisfied
14391,8,Very Satisfied
14392,14,Very Dissatisfied
14393,11,Very Satisfied
14394,15,Mod. Satisfied
14395,9,A Little Dissat
14396,14,Very Satisfied
14397,6,NA
14398,8,Mod. Satisfied
14399,10,Very Satisfied
14400,12,Very Satisfied
14401,12,Mod. Satisfied
14402,12,Mod. Satisfied
14403,12,NA
14404,16,Very Satisfied
14405,14,NA
14406,16,Very Satisfied
14407,12,Very Satisfied
14408,9,Very Satisfied
14409,12,Mod. Satisfied
14410,13,Very Satisfied
14411,18,A Little Dissat
14412,16,NA
14413,8,NA
14414,12,Mod. Satisfied
14415,12,Very Dissatisfied
14416,11,A Little Dissat
14417,15,Very Satisfied
14418,14,Mod. Satisfied
14419,12,Mod. Satisfied
14420,15,Mod. Satisfied
14421,18,A Little Dissat
14422,16,NA
14423,16,NA
14424,19,NA
14425,12,Mod. Satisfied
14426,13,Very Satisfied
14427,17,Mod. Satisfied
14428,16,Mod. Satisfied
14429,12,NA
14430,12,Mod. Satisfied
14431,13,Mod. Satisfied
14432,16,Mod. Satisfied
14433,18,Very Satisfied
14434,12,Mod. Satisfied
14435,13,Very Satisfied
14436,8,Very Satisfied
14437,14,NA
14438,10,Mod. Satisfied
14439,16,Mod. Satisfied
14440,12,Very Satisfied
14441,16,Very Satisfied
14442,11,NA
14443,12,Mod. Satisfied
14444,9,Very Satisfied
14445,17,Very Dissatisfied
14446,12,Mod. Satisfied
14447,15,Mod. Satisfied
14448,10,Very Satisfied
14449,11,Very Satisfied
14450,12,Very Satisfied
14451,14,Very Satisfied
14452,13,Very Dissatisfied
14453,16,Very Satisfied
14454,16,Mod. Satisfied
14455,6,Mod. Satisfied
14456,9,Very Satisfied
14457,20,Mod. Satisfied
14458,16,Very Dissatisfied
14459,15,A Little Dissat
14460,16,Mod. Satisfied
14461,13,Mod. Satisfied
14462,12,Very Satisfied
14463,14,Mod. Satisfied
14464,6,Mod. Satisfied
14465,15,Mod. Satisfied
14466,12,NA
14467,12,Mod. Satisfied
14468,14,Very Satisfied
14469,6,Mod. Satisfied
14470,12,NA
14471,6,Very Dissatisfied
14472,12,Very Satisfied
14473,9,Very Satisfied
14474,13,Mod. Satisfied
14475,16,Very Satisfied
14476,14,Very Satisfied
14477,19,A Little Dissat
14478,15,NA
14479,17,Very Satisfied
14480,14,Mod. Satisfied
14481,14,Very Satisfied
14482,16,Very Satisfied
14483,12,Very Satisfied
14484,8,NA
14485,12,Very Satisfied
14486,8,Very Satisfied
14487,17,Very Satisfied
14488,12,Very Satisfied
14489,14,Very Satisfied
14490,17,Very Satisfied
14491,19,Very Satisfied
14492,20,Very Satisfied
14493,16,Very Satisfied
14494,20,NA
14495,16,Very Satisfied
14496,20,Very Satisfied
14497,16,Very Satisfied
14498,16,Very Satisfied
14499,18,Very Satisfied
14500,16,Mod. Satisfied
14501,20,Mod. Satisfied
14502,14,Very Satisfied
14503,15,Mod. Satisfied
14504,13,Very Satisfied
14505,9,Mod. Satisfied
14506,14,Very Satisfied
14507,11,NA
14508,12,NA
14509,11,NA
14510,10,NA
14511,11,NA
14512,12,NA
14513,16,NA
14514,12,Very Satisfied
14515,14,Very Satisfied
14516,10,Very Satisfied
14517,13,Mod. Satisfied
14518,12,Very Satisfied
14519,14,A Little Dissat
14520,16,Mod. Satisfied
14521,16,Very Satisfied
14522,13,NA
14523,12,Very Satisfied
14524,20,Mod. Satisfied
14525,17,Mod. Satisfied
14526,13,Mod. Satisfied
14527,13,Very Satisfied
14528,15,Very Satisfied
14529,11,Very Satisfied
14530,13,Very Satisfied
14531,8,Mod. Satisfied
14532,12,Mod. Satisfied
14533,9,NA
14534,16,Mod. Satisfied
14535,12,Very Satisfied
14536,11,Very Satisfied
14537,12,Very Satisfied
14538,12,Mod. Satisfied
14539,11,Mod. Satisfied
14540,12,Mod. Satisfied
14541,14,Mod. Satisfied
14542,12,Mod. Satisfied
14543,13,Very Satisfied
14544,17,Mod. Satisfied
14545,16,Mod. Satisfied
14546,12,Very Satisfied
14547,20,Very Satisfied
14548,16,Very Satisfied
14549,16,Very Satisfied
14550,12,Mod. Satisfied
14551,16,Very Satisfied
14552,16,Very Satisfied
14553,16,Mod. Satisfied
14554,19,Very Satisfied
14555,12,Very Satisfied
14556,12,Very Dissatisfied
14557,13,Mod. Satisfied
14558,11,Very Satisfied
14559,12,Mod. Satisfied
14560,12,Very Dissatisfied
14561,18,Very Satisfied
14562,8,NA
14563,12,NA
14564,14,Mod. Satisfied
14565,12,Mod. Satisfied
14566,16,NA
14567,8,NA
14568,12,Mod. Satisfied
14569,12,NA
14570,8,A Little Dissat
14571,11,Mod. Satisfied
14572,12,Mod. Satisfied
14573,10,Mod. Satisfied
14574,13,Very Satisfied
14575,12,Mod. Satisfied
14576,10,A Little Dissat
14577,11,NA
14578,16,A Little Dissat
14579,12,Mod. Satisfied
14580,12,A Little Dissat
14581,12,Mod. Satisfied
14582,9,Mod. Satisfied
14583,12,Mod. Satisfied
14584,12,Very Satisfied
14585,12,Very Satisfied
14586,12,Mod. Satisfied
14587,12,Mod. Satisfied
14588,12,Very Satisfied
14589,12,Very Satisfied
14590,12,Very Satisfied
14591,7,NA
14592,12,Very Dissatisfied
14593,14,Very Satisfied
14594,12,A Little Dissat
14595,13,NA
14596,12,Very Satisfied
14597,12,Mod. Satisfied
14598,9,Very Satisfied
14599,12,Very Satisfied
14600,14,Mod. Satisfied
14601,12,NA
14602,12,A Little Dissat
14603,13,Very Satisfied
14604,12,NA
14605,7,Mod. Satisfied
14606,12,Very Satisfied
14607,10,Mod. Satisfied
14608,12,Mod. Satisfied
14609,14,Very Satisfied
14610,11,Very Satisfied
14611,13,Very Satisfied
14612,12,A Little Dissat
14613,5,Mod. Satisfied
14614,14,Very Satisfied
14615,14,Very Satisfied
14616,12,Mod. Satisfied
14617,8,Mod. Satisfied
14618,16,Very Satisfied
14619,14,Mod. Satisfied
14620,10,Very Satisfied
14621,7,Very Satisfied
14622,12,Very Satisfied
14623,11,Mod. Satisfied
14624,13,Very Dissatisfied
14625,13,Mod. Satisfied
14626,11,NA
14627,12,Very Satisfied
14628,16,A Little Dissat
14629,8,Very Satisfied
14630,9,Very Satisfied
14631,10,Very Satisfied
14632,9,Mod. Satisfied
14633,12,Very Satisfied
14634,12,Very Satisfied
14635,12,Very Satisfied
14636,5,Very Satisfied
14637,13,Very Satisfied
14638,9,Very Satisfied
14639,12,Very Satisfied
14640,12,NA
14641,11,Very Satisfied
14642,10,NA
14643,16,NA
14644,12,Mod. Satisfied
14645,12,Very Satisfied
14646,7,Mod. Satisfied
14647,10,Mod. Satisfied
14648,12,Mod. Satisfied
14649,3,Very Dissatisfied
14650,12,Very Satisfied
14651,9,Very Satisfied
14652,12,Very Dissatisfied
14653,8,NA
14654,11,Mod. Satisfied
14655,9,Mod. Satisfied
14656,12,Mod. Satisfied
14657,11,Very Satisfied
14658,7,NA
14659,11,Mod. Satisfied
14660,9,Mod. Satisfied
14661,10,Mod. Satisfied
14662,17,Very Satisfied
14663,11,Mod. Satisfied
14664,12,Mod. Satisfied
14665,12,Mod. Satisfied
14666,8,NA
14667,16,Mod. Satisfied
14668,12,NA
14669,9,Very Satisfied
14670,15,Very Satisfied
14671,12,Very Satisfied
14672,12,Very Satisfied
14673,12,Very Satisfied
14674,12,A Little Dissat
14675,16,Very Satisfied
14676,18,Mod. Satisfied
14677,14,Mod. Satisfied
14678,20,NA
14679,18,Very Satisfied
14680,11,Very Dissatisfied
14681,12,Very Satisfied
14682,12,Mod. Satisfied
14683,8,Very Satisfied
14684,15,Mod. Satisfied
14685,16,Very Satisfied
14686,14,Very Satisfied
14687,12,A Little Dissat
14688,13,Very Satisfied
14689,10,Mod. Satisfied
14690,NA,Very Satisfied
14691,19,Very Satisfied
14692,14,NA
14693,14,Mod. Satisfied
14694,12,Mod. Satisfied
14695,12,Very Satisfied
14696,13,A Little Dissat
14697,8,NA
14698,8,NA
14699,16,Mod. Satisfied
14700,12,Very Satisfied
14701,12,NA
14702,16,Very Satisfied
14703,12,NA
14704,12,Very Satisfied
14705,10,NA
14706,8,NA
14707,12,Very Satisfied
14708,12,Mod. Satisfied
14709,15,NA
14710,12,Very Satisfied
14711,12,Very Satisfied
14712,12,NA
14713,12,Mod. Satisfied
14714,12,NA
14715,17,Very Satisfied
14716,12,Mod. Satisfied
14717,12,A Little Dissat
14718,8,Very Satisfied
14719,12,Very Satisfied
14720,12,Very Satisfied
14721,8,Very Dissatisfied
14722,12,Very Satisfied
14723,12,Mod. Satisfied
14724,8,NA
14725,13,A Little Dissat
14726,12,Mod. Satisfied
14727,14,Very Satisfied
14728,9,Mod. Satisfied
14729,16,Very Satisfied
14730,12,Very Satisfied
14731,12,A Little Dissat
14732,16,Very Satisfied
14733,12,Mod. Satisfied
14734,12,Mod. Satisfied
14735,8,Mod. Satisfied
14736,8,Very Dissatisfied
14737,3,NA
14738,11,Very Satisfied
14739,8,Very Satisfied
14740,11,A Little Dissat
14741,16,Very Satisfied
14742,12,Mod. Satisfied
14743,12,Very Satisfied
14744,8,NA
14745,3,Mod. Satisfied
14746,11,Very Satisfied
14747,8,Mod. Satisfied
14748,9,Very Satisfied
14749,11,Very Satisfied
14750,2,Mod. Satisfied
14751,9,Mod. Satisfied
14752,8,Very Satisfied
14753,12,Very Satisfied
14754,6,Mod. Satisfied
14755,12,Mod. Satisfied
14756,11,NA
14757,12,A Little Dissat
14758,3,Very Satisfied
14759,11,Mod. Satisfied
14760,9,NA
14761,9,Very Satisfied
14762,12,NA
14763,7,NA
14764,7,Mod. Satisfied
14765,9,Very Satisfied
14766,14,Very Satisfied
14767,15,NA
14768,12,Very Satisfied
14769,12,Very Satisfied
14770,12,Mod. Satisfied
14771,5,NA
14772,11,Very Satisfied
14773,16,Very Satisfied
14774,7,Very Satisfied
14775,8,Very Satisfied
14776,8,Very Satisfied
14777,NA,NA
14778,4,Very Satisfied
14779,18,Mod. Satisfied
14780,13,NA
14781,14,Very Satisfied
14782,14,Very Satisfied
14783,13,Mod. Satisfied
14784,18,Very Satisfied
14785,14,Mod. Satisfied
14786,16,Mod. Satisfied
14787,16,NA
14788,12,NA
14789,16,NA
14790,13,Mod. Satisfied
14791,16,NA
14792,12,Very Satisfied
14793,12,A Little Dissat
14794,12,NA
14795,14,NA
14796,16,Mod. Satisfied
14797,0,Very Satisfied
14798,6,Mod. Satisfied
14799,17,Very Satisfied
14800,18,Mod. Satisfied
14801,14,Very Satisfied
14802,12,Very Dissatisfied
14803,11,Very Satisfied
14804,13,Mod. Satisfied
14805,16,Mod. Satisfied
14806,6,Very Satisfied
14807,12,NA
14808,0,Mod. Satisfied
14809,13,Mod. Satisfied
14810,13,Very Dissatisfied
14811,16,Very Satisfied
14812,15,Very Satisfied
14813,19,Very Satisfied
14814,10,A Little Dissat
14815,12,Mod. Satisfied
14816,12,Very Satisfied
14817,14,Mod. Satisfied
14818,14,Mod. Satisfied
14819,12,Mod. Satisfied
14820,12,Very Dissatisfied
14821,14,Very Satisfied
14822,12,NA
14823,16,Mod. Satisfied
14824,12,Very Satisfied
14825,15,Very Satisfied
14826,6,Very Dissatisfied
14827,16,A Little Dissat
14828,12,Very Satisfied
14829,14,Very Satisfied
14830,11,Very Satisfied
14831,12,Mod. Satisfied
14832,12,NA
14833,15,Very Satisfied
14834,12,NA
14835,16,Mod. Satisfied
14836,16,A Little Dissat
14837,20,Very Satisfied
14838,12,A Little Dissat
14839,16,Very Satisfied
14840,16,Very Satisfied
14841,17,Very Satisfied
14842,15,Mod. Satisfied
14843,12,Very Satisfied
14844,12,Mod. Satisfied
14845,16,A Little Dissat
14846,14,Very Satisfied
14847,11,Mod. Satisfied
14848,16,Very Satisfied
14849,14,Very Satisfied
14850,16,Very Satisfied
14851,19,Very Satisfied
14852,16,Mod. Satisfied
14853,17,Very Satisfied
14854,12,Very Satisfied
14855,16,NA
14856,16,Very Satisfied
14857,18,Very Satisfied
14858,14,Very Satisfied
14859,11,Very Satisfied
14860,12,Very Satisfied
14861,16,Very Satisfied
14862,12,Very Satisfied
14863,12,Very Satisfied
14864,20,Very Satisfied
14865,19,Very Satisfied
14866,12,Very Satisfied
14867,13,Very Dissatisfied
14868,15,Very Satisfied
14869,14,NA
14870,12,Very Satisfied
14871,16,NA
14872,12,Very Satisfied
14873,10,Very Satisfied
14874,2,Mod. Satisfied
14875,12,Very Dissatisfied
14876,5,NA
14877,9,Mod. Satisfied
14878,12,NA
14879,12,Very Satisfied
14880,10,Very Satisfied
14881,11,Mod. Satisfied
14882,8,Mod. Satisfied
14883,12,Mod. Satisfied
14884,12,NA
14885,12,Very Satisfied
14886,12,Mod. Satisfied
14887,12,Very Satisfied
14888,7,A Little Dissat
14889,14,Mod. Satisfied
14890,12,A Little Dissat
14891,13,Mod. Satisfied
14892,12,A Little Dissat
14893,10,Mod. Satisfied
14894,14,NA
14895,12,NA
14896,13,Mod. Satisfied
14897,16,Very Satisfied
14898,7,A Little Dissat
14899,12,Very Satisfied
14900,18,Very Satisfied
14901,16,Mod. Satisfied
14902,19,Very Satisfied
14903,12,Very Satisfied
14904,20,A Little Dissat
14905,12,A Little Dissat
14906,15,Mod. Satisfied
14907,16,Mod. Satisfied
14908,9,Very Satisfied
14909,13,Very Satisfied
14910,10,NA
14911,12,Very Satisfied
14912,14,Mod. Satisfied
14913,12,Very Satisfied
14914,12,Mod. Satisfied
14915,16,A Little Dissat
14916,14,Very Satisfied
14917,16,Very Satisfied
14918,16,Very Satisfied
14919,16,Mod. Satisfied
14920,12,Very Satisfied
14921,12,Mod. Satisfied
14922,16,Very Satisfied
14923,6,Very Satisfied
14924,12,Very Satisfied
14925,16,Very Satisfied
14926,18,Very Satisfied
14927,18,Very Satisfied
14928,11,Very Satisfied
14929,16,Very Satisfied
14930,8,A Little Dissat
14931,8,Very Satisfied
14932,11,Very Satisfied
14933,11,Very Satisfied
14934,12,Very Satisfied
14935,12,Mod. Satisfied
14936,12,Very Satisfied
14937,14,Mod. Satisfied
14938,14,NA
14939,8,Mod. Satisfied
14940,12,Mod. Satisfied
14941,12,Very Satisfied
14942,12,Mod. Satisfied
14943,15,Mod. Satisfied
14944,12,Mod. Satisfied
14945,12,Mod. Satisfied
14946,12,A Little Dissat
14947,12,A Little Dissat
14948,12,Very Satisfied
14949,10,Very Satisfied
14950,12,NA
14951,14,Very Satisfied
14952,15,Very Satisfied
14953,11,Very Dissatisfied
14954,16,Mod. Satisfied
14955,13,Very Satisfied
14956,11,Mod. Satisfied
14957,17,A Little Dissat
14958,13,Very Satisfied
14959,19,Very Satisfied
14960,8,Mod. Satisfied
14961,11,Mod. Satisfied
14962,12,Mod. Satisfied
14963,15,Mod. Satisfied
14964,12,Very Satisfied
14965,15,Mod. Satisfied
14966,14,Very Satisfied
14967,16,Mod. Satisfied
14968,15,Very Satisfied
14969,12,Very Satisfied
14970,16,Mod. Satisfied
14971,13,Mod. Satisfied
14972,12,Very Satisfied
14973,12,Very Satisfied
14974,12,A Little Dissat
14975,8,Mod. Satisfied
14976,11,Mod. Satisfied
14977,12,Very Satisfied
14978,11,Very Dissatisfied
14979,12,Mod. Satisfied
14980,18,A Little Dissat
14981,12,Very Satisfied
14982,12,Very Satisfied
14983,13,Very Satisfied
14984,12,NA
14985,14,Mod. Satisfied
14986,12,A Little Dissat
14987,13,Mod. Satisfied
14988,20,Very Satisfied
14989,13,Mod. Satisfied
14990,12,Mod. Satisfied
14991,10,NA
14992,12,Very Satisfied
14993,7,Very Satisfied
14994,16,Very Satisfied
14995,14,Very Satisfied
14996,16,Very Dissatisfied
14997,8,Very Satisfied
14998,12,Mod. Satisfied
14999,12,A Little Dissat
15000,12,Mod. Satisfied
15001,12,A Little Dissat
15002,12,Very Satisfied
15003,12,Mod. Satisfied
15004,13,Mod. Satisfied
15005,19,Very Satisfied
15006,12,Mod. Satisfied
15007,17,Very Satisfied
15008,12,Very Satisfied
15009,8,Very Satisfied
15010,10,Mod. Satisfied
15011,14,Mod. Satisfied
15012,16,NA
15013,12,A Little Dissat
15014,12,Mod. Satisfied
15015,12,Mod. Satisfied
15016,12,NA
15017,12,A Little Dissat
15018,14,Mod. Satisfied
15019,14,Mod. Satisfied
15020,8,NA
15021,8,NA
15022,9,Very Satisfied
15023,9,Mod. Satisfied
15024,12,Very Satisfied
15025,8,Very Satisfied
15026,12,Mod. Satisfied
15027,16,Very Satisfied
15028,17,Mod. Satisfied
15029,16,Mod. Satisfied
15030,8,NA
15031,11,Mod. Satisfied
15032,14,Mod. Satisfied
15033,15,Mod. Satisfied
15034,8,NA
15035,10,Very Satisfied
15036,11,NA
15037,11,Very Dissatisfied
15038,13,Mod. Satisfied
15039,14,Very Satisfied
15040,14,Very Satisfied
15041,5,NA
15042,12,Mod. Satisfied
15043,12,Mod. Satisfied
15044,11,Mod. Satisfied
15045,12,Very Satisfied
15046,12,A Little Dissat
15047,11,Mod. Satisfied
15048,12,Very Dissatisfied
15049,12,Very Satisfied
15050,12,Very Satisfied
15051,7,NA
15052,12,Mod. Satisfied
15053,6,Very Satisfied
15054,8,NA
15055,11,NA
15056,10,Very Satisfied
15057,13,Very Satisfied
15058,12,Very Dissatisfied
15059,12,Very Satisfied
15060,12,Very Satisfied
15061,14,A Little Dissat
15062,12,Mod. Satisfied
15063,14,Very Satisfied
15064,16,A Little Dissat
15065,16,Very Satisfied
15066,16,Very Satisfied
15067,14,Very Satisfied
15068,15,Mod. Satisfied
15069,16,Mod. Satisfied
15070,18,Very Satisfied
15071,11,Very Satisfied
15072,11,Mod. Satisfied
15073,9,Very Satisfied
15074,12,Mod. Satisfied
15075,12,Very Satisfied
15076,16,Very Satisfied
15077,14,NA
15078,16,NA
15079,16,Very Satisfied
15080,11,Very Satisfied
15081,12,NA
15082,12,Mod. Satisfied
15083,9,Very Satisfied
15084,14,Very Dissatisfied
15085,16,A Little Dissat
15086,10,Very Satisfied
15087,12,Mod. Satisfied
15088,12,Mod. Satisfied
15089,8,Very Satisfied
15090,14,Very Satisfied
15091,12,Very Satisfied
15092,12,A Little Dissat
15093,12,Very Satisfied
15094,12,A Little Dissat
15095,12,NA
15096,16,Mod. Satisfied
15097,15,Very Satisfied
15098,15,NA
15099,12,Very Satisfied
15100,14,NA
15101,8,Very Satisfied
15102,0,Very Satisfied
15103,12,NA
15104,10,NA
15105,14,A Little Dissat
15106,12,Very Satisfied
15107,12,Very Satisfied
15108,12,Mod. Satisfied
15109,12,Very Satisfied
15110,11,Very Satisfied
15111,6,Mod. Satisfied
15112,8,Very Satisfied
15113,16,Mod. Satisfied
15114,15,Very Satisfied
15115,12,Mod. Satisfied
15116,12,Mod. Satisfied
15117,11,Very Satisfied
15118,11,NA
15119,9,Very Satisfied
15120,10,Very Satisfied
15121,11,NA
15122,6,Very Satisfied
15123,11,Mod. Satisfied
15124,3,NA
15125,11,Very Satisfied
15126,13,Mod. Satisfied
15127,12,Mod. Satisfied
15128,16,Very Satisfied
15129,12,Very Satisfied
15130,12,Mod. Satisfied
15131,16,Mod. Satisfied
15132,16,Mod. Satisfied
15133,7,Very Satisfied
15134,14,Very Dissatisfied
15135,12,Very Satisfied
15136,8,A Little Dissat
15137,11,Very Satisfied
15138,9,Mod. Satisfied
15139,16,NA
15140,16,Very Satisfied
15141,18,Very Satisfied
15142,11,NA
15143,16,NA
15144,3,NA
15145,13,Mod. Satisfied
15146,11,Very Dissatisfied
15147,16,Very Satisfied
15148,11,Very Satisfied
15149,16,Mod. Satisfied
15150,15,Very Satisfied
15151,12,NA
15152,9,Mod. Satisfied
15153,10,Very Satisfied
15154,5,NA
15155,16,Very Satisfied
15156,12,Very Satisfied
15157,18,Very Satisfied
15158,12,Very Satisfied
15159,12,Very Satisfied
15160,12,Mod. Satisfied
15161,8,A Little Dissat
15162,3,NA
15163,12,Mod. Satisfied
15164,11,Mod. Satisfied
15165,4,Very Satisfied
15166,12,A Little Dissat
15167,10,A Little Dissat
15168,9,Very Satisfied
15169,12,Very Satisfied
15170,16,Very Satisfied
15171,10,Mod. Satisfied
15172,5,Mod. Satisfied
15173,4,Very Satisfied
15174,12,Mod. Satisfied
15175,2,Very Satisfied
15176,16,Mod. Satisfied
15177,12,Very Dissatisfied
15178,12,Mod. Satisfied
15179,12,A Little Dissat
15180,16,Very Satisfied
15181,12,Mod. Satisfied
15182,11,NA
15183,10,Very Satisfied
15184,10,NA
15185,11,NA
15186,11,NA
15187,12,Mod. Satisfied
15188,14,NA
15189,12,Very Dissatisfied
15190,16,NA
15191,16,Very Satisfied
15192,20,Very Satisfied
15193,17,Very Satisfied
15194,19,Very Satisfied
15195,19,Very Satisfied
15196,3,NA
15197,12,Very Satisfied
15198,12,Very Satisfied
15199,12,NA
15200,14,Mod. Satisfied
15201,11,A Little Dissat
15202,12,NA
15203,12,Very Satisfied
15204,13,Very Satisfied
15205,12,Very Dissatisfied
15206,12,Very Satisfied
15207,13,Very Satisfied
15208,12,A Little Dissat
15209,18,Very Satisfied
15210,18,Very Satisfied
15211,12,Very Satisfied
15212,12,Very Dissatisfied
15213,12,Mod. Satisfied
15214,11,Very Satisfied
15215,16,Mod. Satisfied
15216,7,Mod. Satisfied
15217,10,Mod. Satisfied
15218,12,Very Satisfied
15219,3,NA
15220,13,NA
15221,12,Mod. Satisfied
15222,11,A Little Dissat
15223,9,Mod. Satisfied
15224,14,NA
15225,14,Very Satisfied
15226,18,Mod. Satisfied
15227,16,Mod. Satisfied
15228,16,NA
15229,18,Very Satisfied
15230,12,Mod. Satisfied
15231,7,Very Satisfied
15232,3,NA
15233,6,NA
15234,7,Mod. Satisfied
15235,12,Mod. Satisfied
15236,12,Very Satisfied
15237,14,Very Satisfied
15238,12,Mod. Satisfied
15239,11,Very Satisfied
15240,13,NA
15241,14,Very Satisfied
15242,14,Very Satisfied
15243,15,Very Satisfied
15244,20,NA
15245,16,Mod. Satisfied
15246,16,Very Satisfied
15247,19,Very Satisfied
15248,13,Very Satisfied
15249,15,Mod. Satisfied
15250,12,Very Satisfied
15251,11,Very Satisfied
15252,13,Very Satisfied
15253,10,NA
15254,15,Mod. Satisfied
15255,16,Mod. Satisfied
15256,5,NA
15257,9,Mod. Satisfied
15258,10,Very Satisfied
15259,5,Mod. Satisfied
15260,12,Very Satisfied
15261,4,NA
15262,12,Mod. Satisfied
15263,13,Very Satisfied
15264,12,Very Satisfied
15265,8,NA
15266,12,A Little Dissat
15267,12,Mod. Satisfied
15268,12,Very Satisfied
15269,17,Mod. Satisfied
15270,13,Very Satisfied
15271,12,Very Satisfied
15272,12,NA
15273,12,NA
15274,16,NA
15275,12,Mod. Satisfied
15276,13,NA
15277,12,Mod. Satisfied
15278,13,Very Satisfied
15279,14,Mod. Satisfied
15280,14,A Little Dissat
15281,10,Very Satisfied
15282,12,Very Satisfied
15283,12,Very Satisfied
15284,15,Very Satisfied
15285,17,Very Satisfied
15286,13,Very Satisfied
15287,14,Mod. Satisfied
15288,9,NA
15289,17,Very Satisfied
15290,16,NA
15291,15,NA
15292,12,NA
15293,14,NA
15294,14,Very Satisfied
15295,16,NA
15296,15,Mod. Satisfied
15297,11,Very Satisfied
15298,12,Mod. Satisfied
15299,12,Mod. Satisfied
15300,11,Very Satisfied
15301,10,Very Satisfied
15302,12,Very Satisfied
15303,10,Very Satisfied
15304,14,Mod. Satisfied
15305,17,Mod. Satisfied
15306,12,Very Satisfied
15307,12,Very Satisfied
15308,12,Very Satisfied
15309,13,A Little Dissat
15310,12,Very Satisfied
15311,14,NA
15312,16,Very Satisfied
15313,12,Mod. Satisfied
15314,7,Very Satisfied
15315,11,NA
15316,12,Very Satisfied
15317,8,NA
15318,15,Mod. Satisfied
15319,12,Mod. Satisfied
15320,17,Mod. Satisfied
15321,15,Mod. Satisfied
15322,12,Very Satisfied
15323,12,Very Satisfied
15324,12,Very Satisfied
15325,7,NA
15326,12,Very Satisfied
15327,8,Mod. Satisfied
15328,12,Mod. Satisfied
15329,9,Very Dissatisfied
15330,12,Very Dissatisfied
15331,14,NA
15332,12,Very Satisfied
15333,12,A Little Dissat
15334,16,Mod. Satisfied
15335,9,Mod. Satisfied
15336,8,A Little Dissat
15337,8,Mod. Satisfied
15338,12,Mod. Satisfied
15339,12,Very Satisfied
15340,12,Very Satisfied
15341,12,Mod. Satisfied
15342,14,A Little Dissat
15343,11,Very Dissatisfied
15344,12,A Little Dissat
15345,12,Mod. Satisfied
15346,12,Very Satisfied
15347,12,Mod. Satisfied
15348,13,Very Satisfied
15349,15,Very Satisfied
15350,9,Very Satisfied
15351,9,Very Satisfied
15352,16,Very Satisfied
15353,12,Mod. Satisfied
15354,10,NA
15355,12,Very Satisfied
15356,12,Mod. Satisfied
15357,8,NA
15358,8,NA
15359,11,NA
15360,12,Mod. Satisfied
15361,12,Mod. Satisfied
15362,12,Very Satisfied
15363,9,Mod. Satisfied
15364,16,Mod. Satisfied
15365,11,Very Satisfied
15366,12,Very Satisfied
15367,11,Very Satisfied
15368,10,A Little Dissat
15369,5,Very Satisfied
15370,11,NA
15371,10,Very Satisfied
15372,12,Very Satisfied
15373,12,Very Satisfied
15374,17,Very Satisfied
15375,15,Very Satisfied
15376,11,Very Satisfied
15377,7,Very Satisfied
15378,12,Mod. Satisfied
15379,13,Very Satisfied
15380,12,A Little Dissat
15381,15,NA
15382,9,NA
15383,14,Very Satisfied
15384,16,Very Satisfied
15385,12,Mod. Satisfied
15386,15,Mod. Satisfied
15387,8,NA
15388,18,Very Satisfied
15389,13,NA
15390,14,NA
15391,13,NA
15392,8,NA
15393,11,Mod. Satisfied
15394,12,NA
15395,12,NA
15396,15,NA
15397,14,Very Satisfied
15398,14,NA
15399,7,Very Satisfied
15400,10,Mod. Satisfied
15401,13,Mod. Satisfied
15402,14,A Little Dissat
15403,12,Mod. Satisfied
15404,0,NA
15405,14,A Little Dissat
15406,16,Mod. Satisfied
15407,7,Very Satisfied
15408,10,Mod. Satisfied
15409,11,Very Satisfied
15410,12,Very Satisfied
15411,11,NA
15412,17,Mod. Satisfied
15413,12,Mod. Satisfied
15414,16,Very Satisfied
15415,12,Very Satisfied
15416,11,Mod. Satisfied
15417,12,Very Satisfied
15418,12,Very Satisfied
15419,8,NA
15420,8,Very Satisfied
15421,8,NA
15422,8,Mod. Satisfied
15423,8,Mod. Satisfied
15424,4,NA
15425,12,Very Satisfied
15426,20,Very Satisfied
15427,8,Mod. Satisfied
15428,12,A Little Dissat
15429,12,Mod. Satisfied
15430,12,Very Satisfied
15431,10,Very Satisfied
15432,14,Very Satisfied
15433,13,Very Dissatisfied
15434,10,NA
15435,17,NA
15436,7,Very Satisfied
15437,12,Mod. Satisfied
15438,10,Mod. Satisfied
15439,12,Very Satisfied
15440,11,Mod. Satisfied
15441,11,Mod. Satisfied
15442,12,Mod. Satisfied
15443,12,Very Satisfied
15444,12,Very Satisfied
15445,12,Very Satisfied
15446,10,Mod. Satisfied
15447,10,NA
15448,12,Very Satisfied
15449,14,Very Satisfied
15450,9,NA
15451,13,Mod. Satisfied
15452,11,Mod. Satisfied
15453,7,NA
15454,12,Very Satisfied
15455,12,Mod. Satisfied
15456,12,A Little Dissat
15457,12,Mod. Satisfied
15458,14,Mod. Satisfied
15459,11,Mod. Satisfied
15460,12,NA
15461,18,Very Satisfied
15462,12,NA
15463,12,Mod. Satisfied
15464,12,Very Satisfied
15465,12,Mod. Satisfied
15466,11,A Little Dissat
15467,16,NA
15468,8,NA
15469,17,NA
15470,8,Very Satisfied
15471,12,NA
15472,11,NA
15473,8,Very Satisfied
15474,12,Very Satisfied
15475,12,NA
15476,20,A Little Dissat
15477,18,Very Dissatisfied
15478,14,Very Satisfied
15479,11,Very Satisfied
15480,14,A Little Dissat
15481,14,NA
15482,12,Very Satisfied
15483,12,Very Dissatisfied
15484,11,Mod. Satisfied
15485,17,Mod. Satisfied
15486,13,Very Satisfied
15487,8,Very Satisfied
15488,17,Very Satisfied
15489,16,Very Satisfied
15490,14,Mod. Satisfied
15491,11,Mod. Satisfied
15492,10,Mod. Satisfied
15493,8,NA
15494,12,Mod. Satisfied
15495,14,Mod. Satisfied
15496,12,Very Satisfied
15497,14,Very Satisfied
15498,16,Mod. Satisfied
15499,18,Very Satisfied
15500,12,Very Dissatisfied
15501,12,Very Satisfied
15502,12,Very Satisfied
15503,13,Mod. Satisfied
15504,12,NA
15505,9,Very Satisfied
15506,7,Very Satisfied
15507,11,Very Satisfied
15508,14,Mod. Satisfied
15509,6,Mod. Satisfied
15510,12,Very Satisfied
15511,17,Mod. Satisfied
15512,7,NA
15513,12,Mod. Satisfied
15514,12,Mod. Satisfied
15515,12,Mod. Satisfied
15516,7,Mod. Satisfied
15517,16,Very Satisfied
15518,11,NA
15519,4,Very Satisfied
15520,4,NA
15521,9,Very Satisfied
15522,11,Mod. Satisfied
15523,12,Very Satisfied
15524,18,Mod. Satisfied
15525,17,Very Satisfied
15526,15,Mod. Satisfied
15527,16,Very Satisfied
15528,12,Very Satisfied
15529,17,Mod. Satisfied
15530,12,Very Satisfied
15531,12,NA
15532,12,Very Satisfied
15533,16,Mod. Satisfied
15534,19,Mod. Satisfied
15535,16,Very Satisfied
15536,13,Mod. Satisfied
15537,12,Very Satisfied
15538,13,Mod. Satisfied
15539,17,Very Satisfied
15540,12,Mod. Satisfied
15541,12,Mod. Satisfied
15542,13,Very Satisfied
15543,12,Mod. Satisfied
15544,7,NA
15545,12,Very Satisfied
15546,12,Very Satisfied
15547,15,Very Dissatisfied
15548,14,Very Satisfied
15549,8,NA
15550,8,NA
15551,13,NA
15552,12,A Little Dissat
15553,17,Mod. Satisfied
15554,11,Very Satisfied
15555,10,Mod. Satisfied
15556,12,Very Satisfied
15557,12,Very Satisfied
15558,8,Very Satisfied
15559,12,Mod. Satisfied
15560,11,Mod. Satisfied
15561,12,Very Dissatisfied
15562,9,Very Satisfied
15563,9,NA
15564,14,Very Satisfied
15565,20,Very Satisfied
15566,12,Mod. Satisfied
15567,12,Mod. Satisfied
15568,11,NA
15569,7,Mod. Satisfied
15570,14,Very Satisfied
15571,16,Mod. Satisfied
15572,18,Very Satisfied
15573,12,Mod. Satisfied
15574,9,Very Satisfied
15575,12,A Little Dissat
15576,8,NA
15577,12,Mod. Satisfied
15578,12,Mod. Satisfied
15579,10,Mod. Satisfied
15580,12,NA
15581,16,Very Satisfied
15582,15,Very Dissatisfied
15583,16,Very Satisfied
15584,16,Very Satisfied
15585,17,A Little Dissat
15586,18,Mod. Satisfied
15587,12,NA
15588,10,Very Satisfied
15589,12,Very Satisfied
15590,12,NA
15591,12,Very Satisfied
15592,11,NA
15593,9,NA
15594,13,Mod. Satisfied
15595,16,A Little Dissat
15596,6,NA
15597,8,NA
15598,16,Mod. Satisfied
15599,11,NA
15600,12,Mod. Satisfied
15601,11,A Little Dissat
15602,16,Mod. Satisfied
15603,10,Very Satisfied
15604,16,Very Satisfied
15605,12,Very Dissatisfied
15606,8,NA
15607,10,Very Satisfied
15608,8,Very Satisfied
15609,20,Mod. Satisfied
15610,16,A Little Dissat
15611,8,Mod. Satisfied
15612,9,Very Satisfied
15613,12,Very Dissatisfied
15614,12,Mod. Satisfied
15615,12,Mod. Satisfied
15616,16,Mod. Satisfied
15617,12,Mod. Satisfied
15618,16,Very Satisfied
15619,9,Very Satisfied
15620,15,Very Satisfied
15621,12,Mod. Satisfied
15622,12,Very Satisfied
15623,14,Very Satisfied
15624,12,Mod. Satisfied
15625,14,Very Dissatisfied
15626,12,Mod. Satisfied
15627,12,Mod. Satisfied
15628,16,NA
15629,18,A Little Dissat
15630,13,Mod. Satisfied
15631,12,Very Satisfied
15632,20,Mod. Satisfied
15633,16,A Little Dissat
15634,10,NA
15635,11,NA
15636,14,Very Satisfied
15637,9,Mod. Satisfied
15638,13,Very Satisfied
15639,10,Mod. Satisfied
15640,13,Mod. Satisfied
15641,15,Very Satisfied
15642,12,Very Satisfied
15643,15,Mod. Satisfied
15644,12,Mod. Satisfied
15645,13,Mod. Satisfied
15646,17,Very Satisfied
15647,15,Very Satisfied
15648,14,Mod. Satisfied
15649,11,Very Satisfied
15650,12,Very Satisfied
15651,12,Very Satisfied
15652,16,Very Satisfied
15653,17,Very Satisfied
15654,15,Very Satisfied
15655,12,Mod. Satisfied
15656,14,Mod. Satisfied
15657,2,Mod. Satisfied
15658,12,Mod. Satisfied
15659,14,Mod. Satisfied
15660,15,Mod. Satisfied
15661,12,Mod. Satisfied
15662,13,Mod. Satisfied
15663,12,Mod. Satisfied
15664,14,A Little Dissat
15665,15,Mod. Satisfied
15666,12,NA
15667,12,Very Satisfied
15668,11,Mod. Satisfied
15669,13,A Little Dissat
15670,6,Very Satisfied
15671,17,Very Satisfied
15672,10,Very Dissatisfied
15673,15,A Little Dissat
15674,19,Very Satisfied
15675,12,Very Satisfied
15676,17,Mod. Satisfied
15677,16,Very Satisfied
15678,16,Very Satisfied
15679,3,NA
15680,12,Very Satisfied
15681,15,Very Satisfied
15682,8,NA
15683,8,Mod. Satisfied
15684,16,Mod. Satisfied
15685,12,NA
15686,12,Very Satisfied
15687,16,Very Satisfied
15688,14,NA
15689,15,Mod. Satisfied
15690,13,Very Satisfied
15691,9,Very Satisfied
15692,8,NA
15693,8,Very Satisfied
15694,8,A Little Dissat
15695,9,Very Satisfied
15696,10,Mod. Satisfied
15697,14,Very Satisfied
15698,9,Very Satisfied
15699,13,Very Satisfied
15700,16,NA
15701,8,NA
15702,4,NA
15703,8,NA
15704,11,Very Satisfied
15705,15,Very Satisfied
15706,12,Very Satisfied
15707,10,A Little Dissat
15708,10,NA
15709,10,Very Dissatisfied
15710,8,Mod. Satisfied
15711,12,Very Satisfied
15712,20,Very Dissatisfied
15713,12,Very Satisfied
15714,12,Very Satisfied
15715,14,Mod. Satisfied
15716,12,Very Satisfied
15717,12,Very Satisfied
15718,13,Very Dissatisfied
15719,12,Very Satisfied
15720,16,NA
15721,12,Mod. Satisfied
15722,12,Very Satisfied
15723,13,Mod. Satisfied
15724,12,Very Satisfied
15725,12,Mod. Satisfied
15726,9,Mod. Satisfied
15727,12,Very Satisfied
15728,16,A Little Dissat
15729,12,Very Satisfied
15730,16,Mod. Satisfied
15731,12,Very Satisfied
15732,16,NA
15733,10,Very Satisfied
15734,16,Very Satisfied
15735,14,Very Satisfied
15736,17,A Little Dissat
15737,12,Mod. Satisfied
15738,12,Very Satisfied
15739,12,NA
15740,16,Very Satisfied
15741,12,Very Dissatisfied
15742,10,NA
15743,10,Very Satisfied
15744,14,Mod. Satisfied
15745,12,Mod. Satisfied
15746,11,A Little Dissat
15747,15,Very Satisfied
15748,16,Very Satisfied
15749,12,Mod. Satisfied
15750,14,Very Dissatisfied
15751,11,Very Satisfied
15752,13,Mod. Satisfied
15753,14,Very Satisfied
15754,10,Mod. Satisfied
15755,10,Very Satisfied
15756,11,Mod. Satisfied
15757,11,Mod. Satisfied
15758,9,Very Dissatisfied
15759,12,Mod. Satisfied
15760,13,A Little Dissat
15761,16,A Little Dissat
15762,8,Mod. Satisfied
15763,13,Mod. Satisfied
15764,10,Very Satisfied
15765,12,Very Satisfied
15766,14,Very Satisfied
15767,20,Very Satisfied
15768,16,NA
15769,16,Very Satisfied
15770,12,Very Satisfied
15771,12,Mod. Satisfied
15772,16,Very Satisfied
15773,6,NA
15774,13,Very Satisfied
15775,12,NA
15776,15,Very Satisfied
15777,14,Mod. Satisfied
15778,12,Very Satisfied
15779,17,Mod. Satisfied
15780,14,Very Satisfied
15781,14,A Little Dissat
15782,12,Very Dissatisfied
15783,NA,Mod. Satisfied
15784,13,NA
15785,12,Mod. Satisfied
15786,14,NA
15787,15,Very Satisfied
15788,16,Mod. Satisfied
15789,4,Mod. Satisfied
15790,11,Very Satisfied
15791,16,Very Dissatisfied
15792,16,Mod. Satisfied
15793,12,Very Satisfied
15794,15,Very Satisfied
15795,9,Mod. Satisfied
15796,12,Mod. Satisfied
15797,16,Mod. Satisfied
15798,13,Mod. Satisfied
15799,18,Very Satisfied
15800,16,A Little Dissat
15801,12,Very Dissatisfied
15802,15,A Little Dissat
15803,12,Very Satisfied
15804,14,Very Satisfied
15805,18,Mod. Satisfied
15806,15,Very Satisfied
15807,15,Mod. Satisfied
15808,12,Mod. Satisfied
15809,14,Mod. Satisfied
15810,16,A Little Dissat
15811,12,Very Satisfied
15812,12,Very Satisfied
15813,14,Mod. Satisfied
15814,12,Mod. Satisfied
15815,12,Mod. Satisfied
15816,12,Very Satisfied
15817,7,Very Satisfied
15818,12,Mod. Satisfied
15819,12,A Little Dissat
15820,14,Very Satisfied
15821,7,Very Satisfied
15822,13,Mod. Satisfied
15823,12,Very Satisfied
15824,17,Mod. Satisfied
15825,18,Very Satisfied
15826,14,Very Dissatisfied
15827,9,Very Satisfied
15828,13,Very Satisfied
15829,8,Very Satisfied
15830,17,Mod. Satisfied
15831,14,Very Satisfied
15832,12,Mod. Satisfied
15833,16,A Little Dissat
15834,16,Very Dissatisfied
15835,12,Mod. Satisfied
15836,20,Very Satisfied
15837,13,Mod. Satisfied
15838,10,Mod. Satisfied
15839,12,Very Satisfied
15840,18,Mod. Satisfied
15841,12,NA
15842,12,Very Satisfied
15843,13,NA
15844,13,NA
15845,12,NA
15846,14,Mod. Satisfied
15847,14,Very Satisfied
15848,16,NA
15849,16,Very Satisfied
15850,10,Very Satisfied
15851,12,Very Satisfied
15852,12,Very Satisfied
15853,11,NA
15854,13,Mod. Satisfied
15855,12,Very Satisfied
15856,15,Mod. Satisfied
15857,17,Very Satisfied
15858,17,Mod. Satisfied
15859,6,NA
15860,12,NA
15861,10,NA
15862,14,NA
15863,16,Very Satisfied
15864,12,Very Satisfied
15865,18,Mod. Satisfied
15866,16,Very Satisfied
15867,12,Very Satisfied
15868,12,Mod. Satisfied
15869,12,A Little Dissat
15870,9,Very Dissatisfied
15871,12,Very Satisfied
15872,10,Mod. Satisfied
15873,8,Very Satisfied
15874,12,Very Dissatisfied
15875,13,Very Satisfied
15876,17,Very Satisfied
15877,16,Very Satisfied
15878,12,Mod. Satisfied
15879,20,Very Satisfied
15880,12,A Little Dissat
15881,18,Mod. Satisfied
15882,16,Very Satisfied
15883,NA,Very Satisfied
15884,17,Very Satisfied
15885,11,Mod. Satisfied
15886,10,Mod. Satisfied
15887,8,Mod. Satisfied
15888,14,Very Satisfied
15889,8,NA
15890,12,A Little Dissat
15891,7,NA
15892,7,NA
15893,20,Very Satisfied
15894,13,Very Dissatisfied
15895,20,Mod. Satisfied
15896,15,Mod. Satisfied
15897,16,Very Satisfied
15898,12,Mod. Satisfied
15899,10,A Little Dissat
15900,8,Mod. Satisfied
15901,14,A Little Dissat
15902,12,A Little Dissat
15903,17,Very Satisfied
15904,16,Mod. Satisfied
15905,14,Mod. Satisfied
15906,5,Mod. Satisfied
15907,12,Mod. Satisfied
15908,16,A Little Dissat
15909,5,Very Satisfied
15910,12,Mod. Satisfied
15911,14,Mod. Satisfied
15912,12,Mod. Satisfied
15913,12,Mod. Satisfied
15914,12,Mod. Satisfied
15915,14,Mod. Satisfied
15916,11,Very Satisfied
15917,14,Very Satisfied
15918,13,Very Satisfied
15919,12,Mod. Satisfied
15920,8,Very Satisfied
15921,12,A Little Dissat
15922,12,Mod. Satisfied
15923,12,Very Satisfied
15924,13,A Little Dissat
15925,16,A Little Dissat
15926,18,Very Satisfied
15927,16,Very Satisfied
15928,13,NA
15929,14,Very Dissatisfied
15930,13,Mod. Satisfied
15931,15,Very Satisfied
15932,14,Very Satisfied
15933,14,Mod. Satisfied
15934,14,Very Satisfied
15935,12,Mod. Satisfied
15936,12,A Little Dissat
15937,12,A Little Dissat
15938,12,NA
15939,12,Very Satisfied
15940,4,NA
15941,12,A Little Dissat
15942,3,Very Satisfied
15943,12,Mod. Satisfied
15944,11,Very Dissatisfied
15945,9,Very Satisfied
15946,12,NA
15947,12,A Little Dissat
15948,11,A Little Dissat
15949,12,Very Satisfied
15950,8,Mod. Satisfied
15951,13,Very Satisfied
15952,10,NA
15953,9,Very Satisfied
15954,6,Very Dissatisfied
15955,13,A Little Dissat
15956,8,NA
15957,14,Very Dissatisfied
15958,10,Very Dissatisfied
15959,11,A Little Dissat
15960,12,Very Satisfied
15961,12,Very Satisfied
15962,10,NA
15963,13,NA
15964,14,Very Satisfied
15965,14,Mod. Satisfied
15966,18,A Little Dissat
15967,13,Mod. Satisfied
15968,20,Mod. Satisfied
15969,14,Very Satisfied
15970,18,Mod. Satisfied
15971,12,A Little Dissat
15972,13,A Little Dissat
15973,12,NA
15974,16,Mod. Satisfied
15975,14,Very Satisfied
15976,12,Mod. Satisfied
15977,9,Very Dissatisfied
15978,7,A Little Dissat
15979,12,Very Satisfied
15980,13,Mod. Satisfied
15981,10,A Little Dissat
15982,16,A Little Dissat
15983,12,NA
15984,11,Mod. Satisfied
15985,15,Very Satisfied
15986,12,A Little Dissat
15987,17,Very Satisfied
15988,14,Mod. Satisfied
15989,12,Very Satisfied
15990,12,Very Dissatisfied
15991,13,Mod. Satisfied
15992,10,NA
15993,15,NA
15994,12,Mod. Satisfied
15995,14,NA
15996,12,Very Satisfied
15997,11,Very Satisfied
15998,11,Mod. Satisfied
15999,12,Mod. Satisfied
16000,10,Very Satisfied
16001,19,Mod. Satisfied
16002,16,NA
16003,18,Very Satisfied
16004,8,NA
16005,14,Mod. Satisfied
16006,12,Very Satisfied
16007,7,NA
16008,15,Very Satisfied
16009,9,Very Satisfied
16010,12,Very Satisfied
16011,12,Very Satisfied
16012,12,Very Dissatisfied
16013,20,Mod. Satisfied
16014,12,Mod. Satisfied
16015,0,NA
16016,14,NA
16017,11,Mod. Satisfied
16018,2,Mod. Satisfied
16019,12,Very Satisfied
16020,12,Very Satisfied
16021,15,NA
16022,12,NA
16023,11,NA
16024,8,Mod. Satisfied
16025,10,Mod. Satisfied
16026,15,Very Satisfied
16027,14,Very Satisfied
16028,12,Very Dissatisfied
16029,12,A Little Dissat
16030,12,A Little Dissat
16031,12,Very Satisfied
16032,16,Very Dissatisfied
16033,12,Mod. Satisfied
16034,14,NA
16035,16,Very Satisfied
16036,12,Very Satisfied
16037,13,Very Satisfied
16038,12,Very Satisfied
16039,12,Very Satisfied
16040,12,Mod. Satisfied
16041,11,Very Satisfied
16042,15,Mod. Satisfied
16043,12,Mod. Satisfied
16044,12,Very Satisfied
16045,12,Very Satisfied
16046,10,Mod. Satisfied
16047,8,NA
16048,12,Very Satisfied
16049,12,A Little Dissat
16050,12,Very Satisfied
16051,16,Very Satisfied
16052,12,A Little Dissat
16053,12,Mod. Satisfied
16054,16,Very Satisfied
16055,16,Very Satisfied
16056,10,NA
16057,8,NA
16058,16,Very Satisfied
16059,12,Very Satisfied
16060,12,Mod. Satisfied
16061,12,Very Satisfied
16062,12,A Little Dissat
16063,12,NA
16064,12,Mod. Satisfied
16065,6,Very Satisfied
16066,15,Very Satisfied
16067,13,NA
16068,12,Very Dissatisfied
16069,11,Mod. Satisfied
16070,10,Very Satisfied
16071,14,Mod. Satisfied
16072,16,Mod. Satisfied
16073,16,NA
16074,12,A Little Dissat
16075,18,Very Satisfied
16076,16,Very Satisfied
16077,13,Mod. Satisfied
16078,12,Very Satisfied
16079,12,Very Satisfied
16080,14,Very Satisfied
16081,5,A Little Dissat
16082,16,Very Satisfied
16083,10,Very Satisfied
16084,12,NA
16085,5,NA
16086,11,Very Satisfied
16087,8,Very Satisfied
16088,12,A Little Dissat
16089,11,Mod. Satisfied
16090,15,Mod. Satisfied
16091,12,Very Satisfied
16092,12,Very Satisfied
16093,13,Mod. Satisfied
16094,19,Mod. Satisfied
16095,8,Very Satisfied
16096,11,Mod. Satisfied
16097,16,Mod. Satisfied
16098,15,NA
16099,16,Mod. Satisfied
16100,16,Very Satisfied
16101,14,Mod. Satisfied
16102,12,Mod. Satisfied
16103,16,Very Satisfied
16104,11,Very Satisfied
16105,10,Very Satisfied
16106,9,A Little Dissat
16107,11,NA
16108,10,NA
16109,16,Very Satisfied
16110,16,Very Satisfied
16111,12,Mod. Satisfied
16112,14,Mod. Satisfied
16113,12,Very Satisfied
16114,8,Mod. Satisfied
16115,12,Very Satisfied
16116,6,Mod. Satisfied
16117,12,Mod. Satisfied
16118,10,NA
16119,12,Mod. Satisfied
16120,12,NA
16121,12,Mod. Satisfied
16122,8,NA
16123,11,Mod. Satisfied
16124,14,NA
16125,11,A Little Dissat
16126,7,NA
16127,17,Mod. Satisfied
16128,12,Mod. Satisfied
16129,16,Mod. Satisfied
16130,12,A Little Dissat
16131,12,Very Satisfied
16132,14,Mod. Satisfied
16133,11,Very Satisfied
16134,10,Mod. Satisfied
16135,12,Mod. Satisfied
16136,16,Very Satisfied
16137,10,NA
16138,12,Mod. Satisfied
16139,13,A Little Dissat
16140,13,NA
16141,16,A Little Dissat
16142,10,A Little Dissat
16143,16,Mod. Satisfied
16144,13,Very Satisfied
16145,19,Mod. Satisfied
16146,16,Mod. Satisfied
16147,14,A Little Dissat
16148,16,A Little Dissat
16149,10,NA
16150,12,Very Dissatisfied
16151,5,Very Satisfied
16152,15,Mod. Satisfied
16153,11,Very Dissatisfied
16154,9,A Little Dissat
16155,12,A Little Dissat
16156,12,Mod. Satisfied
16157,7,Very Satisfied
16158,10,Very Satisfied
16159,8,Very Satisfied
16160,12,Mod. Satisfied
16161,10,Very Satisfied
16162,14,A Little Dissat
16163,16,Mod. Satisfied
16164,12,Mod. Satisfied
16165,16,Mod. Satisfied
16166,12,A Little Dissat
16167,14,Very Satisfied
16168,13,Very Satisfied
16169,12,Very Satisfied
16170,14,Very Satisfied
16171,10,NA
16172,12,NA
16173,10,A Little Dissat
16174,10,Mod. Satisfied
16175,12,NA
16176,10,NA
16177,12,Very Satisfied
16178,8,Very Satisfied
16179,12,Very Satisfied
16180,12,NA
16181,15,NA
16182,12,NA
16183,12,NA
16184,12,Mod. Satisfied
16185,16,A Little Dissat
16186,20,Very Satisfied
16187,18,Very Satisfied
16188,15,Very Satisfied
16189,12,Very Satisfied
16190,12,Mod. Satisfied
16191,12,NA
16192,7,Mod. Satisfied
16193,15,Mod. Satisfied
16194,12,Very Satisfied
16195,14,NA
16196,12,A Little Dissat
16197,17,Very Satisfied
16198,12,Mod. Satisfied
16199,12,A Little Dissat
16200,0,NA
16201,11,NA
16202,9,Very Satisfied
16203,12,Mod. Satisfied
16204,13,NA
16205,12,Very Satisfied
16206,14,A Little Dissat
16207,9,Mod. Satisfied
16208,12,Mod. Satisfied
16209,11,NA
16210,12,Mod. Satisfied
16211,8,Very Dissatisfied
16212,9,Mod. Satisfied
16213,12,NA
16214,19,Mod. Satisfied
16215,10,Very Satisfied
16216,11,Very Satisfied
16217,9,Mod. Satisfied
16218,13,Mod. Satisfied
16219,12,Mod. Satisfied
16220,13,Very Satisfied
16221,10,Very Satisfied
16222,20,Very Satisfied
16223,17,Mod. Satisfied
16224,14,Very Satisfied
16225,16,Very Satisfied
16226,20,NA
16227,15,Very Dissatisfied
16228,9,NA
16229,12,Mod. Satisfied
16230,11,Very Satisfied
16231,15,Mod. Satisfied
16232,19,Mod. Satisfied
16233,10,Very Dissatisfied
16234,12,A Little Dissat
16235,13,Very Satisfied
16236,11,Mod. Satisfied
16237,14,NA
16238,12,Mod. Satisfied
16239,12,A Little Dissat
16240,12,Mod. Satisfied
16241,12,NA
16242,19,Very Satisfied
16243,16,Very Satisfied
16244,13,Very Dissatisfied
16245,12,Very Satisfied
16246,20,Mod. Satisfied
16247,15,Very Satisfied
16248,15,Very Dissatisfied
16249,16,Mod. Satisfied
16250,12,Mod. Satisfied
16251,6,Very Dissatisfied
16252,9,NA
16253,12,Mod. Satisfied
16254,6,Very Satisfied
16255,12,NA
16256,6,Very Satisfied
16257,20,Very Satisfied
16258,20,Mod. Satisfied
16259,14,Very Satisfied
16260,17,Very Satisfied
16261,16,Very Satisfied
16262,16,Very Satisfied
16263,16,Very Satisfied
16264,15,Very Satisfied
16265,19,Mod. Satisfied
16266,19,Very Satisfied
16267,12,Very Satisfied
16268,9,Very Satisfied
16269,11,A Little Dissat
16270,12,Very Dissatisfied
16271,12,A Little Dissat
16272,14,Mod. Satisfied
16273,12,Very Dissatisfied
16274,12,Mod. Satisfied
16275,12,Mod. Satisfied
16276,17,NA
16277,8,NA
16278,12,Very Satisfied
16279,16,Very Dissatisfied
16280,11,Very Dissatisfied
16281,3,NA
16282,8,NA
16283,12,Mod. Satisfied
16284,10,Very Satisfied
16285,15,Very Satisfied
16286,13,Mod. Satisfied
16287,12,Very Satisfied
16288,9,Very Satisfied
16289,12,Very Satisfied
16290,14,Very Satisfied
16291,12,Very Satisfied
16292,17,Mod. Satisfied
16293,16,NA
16294,11,Mod. Satisfied
16295,7,Very Satisfied
16296,9,Very Satisfied
16297,7,Very Satisfied
16298,9,NA
16299,4,Very Satisfied
16300,12,Very Satisfied
16301,13,NA
16302,10,Very Satisfied
16303,10,A Little Dissat
16304,4,Mod. Satisfied
16305,8,Very Satisfied
16306,12,Mod. Satisfied
16307,8,Very Satisfied
16308,12,NA
16309,16,Mod. Satisfied
16310,12,NA
16311,12,Mod. Satisfied
16312,12,Mod. Satisfied
16313,12,Mod. Satisfied
16314,14,NA
16315,10,Mod. Satisfied
16316,12,NA
16317,18,Mod. Satisfied
16318,10,Mod. Satisfied
16319,14,NA
16320,8,NA
16321,12,Very Satisfied
16322,13,Very Satisfied
16323,10,Mod. Satisfied
16324,16,Very Satisfied
16325,12,Mod. Satisfied
16326,9,Very Satisfied
16327,11,Mod. Satisfied
16328,15,NA
16329,13,Mod. Satisfied
16330,12,Mod. Satisfied
16331,11,Mod. Satisfied
16332,12,Mod. Satisfied
16333,10,Very Satisfied
16334,12,A Little Dissat
16335,12,Mod. Satisfied
16336,17,A Little Dissat
16337,13,Very Satisfied
16338,12,Very Satisfied
16339,11,Very Satisfied
16340,9,NA
16341,8,NA
16342,10,NA
16343,9,NA
16344,12,Very Satisfied
16345,NA,NA
16346,8,NA
16347,9,Mod. Satisfied
16348,12,Very Dissatisfied
16349,12,Very Dissatisfied
16350,12,A Little Dissat
16351,12,A Little Dissat
16352,12,Very Satisfied
16353,13,Very Dissatisfied
16354,8,NA
16355,12,A Little Dissat
16356,14,NA
16357,19,Very Satisfied
16358,16,Very Satisfied
16359,16,Very Satisfied
16360,5,Mod. Satisfied
16361,11,NA
16362,12,Very Satisfied
16363,3,Very Satisfied
16364,10,Mod. Satisfied
16365,12,Very Satisfied
16366,12,Mod. Satisfied
16367,6,Mod. Satisfied
16368,8,Very Dissatisfied
16369,12,A Little Dissat
16370,7,NA
16371,12,Mod. Satisfied
16372,12,Very Satisfied
16373,13,Very Satisfied
16374,10,A Little Dissat
16375,19,Very Satisfied
16376,14,A Little Dissat
16377,11,NA
16378,12,Mod. Satisfied
16379,11,NA
16380,9,Mod. Satisfied
16381,12,Very Satisfied
16382,8,NA
16383,12,Mod. Satisfied
16384,8,NA
16385,19,Mod. Satisfied
16386,0,NA
16387,8,Very Satisfied
16388,12,Very Satisfied
16389,6,NA
16390,12,Very Satisfied
16391,5,NA
16392,8,Mod. Satisfied
16393,12,Mod. Satisfied
16394,7,A Little Dissat
16395,12,Very Satisfied
16396,6,Very Satisfied
16397,17,Mod. Satisfied
16398,13,Very Satisfied
16399,12,Mod. Satisfied
16400,16,Very Satisfied
16401,11,NA
16402,12,Mod. Satisfied
16403,9,NA
16404,12,Very Satisfied
16405,14,Very Dissatisfied
16406,11,Very Satisfied
16407,11,Very Satisfied
16408,12,Mod. Satisfied
16409,12,Very Dissatisfied
16410,11,Mod. Satisfied
16411,13,Mod. Satisfied
16412,12,NA
16413,16,Mod. Satisfied
16414,9,Very Satisfied
16415,4,NA
16416,16,Very Satisfied
16417,13,Very Satisfied
16418,16,Mod. Satisfied
16419,12,NA
16420,18,Very Satisfied
16421,16,Mod. Satisfied
16422,12,Mod. Satisfied
16423,14,Mod. Satisfied
16424,12,Very Satisfied
16425,10,Mod. Satisfied
16426,12,A Little Dissat
16427,3,NA
16428,12,Very Satisfied
16429,15,Mod. Satisfied
16430,20,NA
16431,14,A Little Dissat
16432,17,Mod. Satisfied
16433,3,Mod. Satisfied
16434,12,NA
16435,15,Mod. Satisfied
16436,12,Very Satisfied
16437,14,Mod. Satisfied
16438,12,Very Satisfied
16439,12,Very Satisfied
16440,12,NA
16441,15,NA
16442,15,Mod. Satisfied
16443,12,Very Satisfied
16444,11,Mod. Satisfied
16445,17,NA
16446,20,NA
16447,12,NA
16448,16,Very Satisfied
16449,18,Very Satisfied
16450,14,Mod. Satisfied
16451,14,Very Satisfied
16452,12,Very Dissatisfied
16453,14,NA
16454,13,NA
16455,15,A Little Dissat
16456,16,Very Satisfied
16457,15,NA
16458,12,Mod. Satisfied
16459,19,NA
16460,16,Mod. Satisfied
16461,11,A Little Dissat
16462,9,Very Satisfied
16463,13,Very Satisfied
16464,15,Mod. Satisfied
16465,12,Mod. Satisfied
16466,16,Mod. Satisfied
16467,13,Very Satisfied
16468,11,Very Satisfied
16469,12,NA
16470,11,Very Satisfied
16471,10,Very Satisfied
16472,12,A Little Dissat
16473,1,NA
16474,13,Very Dissatisfied
16475,9,Very Satisfied
16476,13,Very Satisfied
16477,13,A Little Dissat
16478,13,NA
16479,16,Very Satisfied
16480,12,Very Satisfied
16481,9,Mod. Satisfied
16482,12,NA
16483,16,Very Satisfied
16484,16,Very Dissatisfied
16485,14,Very Satisfied
16486,14,Very Dissatisfied
16487,20,Mod. Satisfied
16488,18,Mod. Satisfied
16489,18,Very Satisfied
16490,14,NA
16491,12,Very Satisfied
16492,12,Very Satisfied
16493,13,NA
16494,12,A Little Dissat
16495,16,Very Satisfied
16496,17,Mod. Satisfied
16497,4,A Little Dissat
16498,11,Very Dissatisfied
16499,12,Very Satisfied
16500,17,A Little Dissat
16501,11,Very Satisfied
16502,12,NA
16503,9,Mod. Satisfied
16504,16,A Little Dissat
16505,13,NA
16506,12,NA
16507,13,Mod. Satisfied
16508,17,Mod. Satisfied
16509,13,Very Satisfied
16510,12,NA
16511,12,NA
16512,15,NA
16513,19,A Little Dissat
16514,12,NA
16515,14,Mod. Satisfied
16516,15,Very Satisfied
16517,14,A Little Dissat
16518,4,NA
16519,12,Mod. Satisfied
16520,12,Very Satisfied
16521,16,Very Satisfied
16522,16,NA
16523,16,Mod. Satisfied
16524,12,Mod. Satisfied
16525,16,Mod. Satisfied
16526,16,Very Satisfied
16527,18,Very Dissatisfied
16528,12,Very Satisfied
16529,16,NA
16530,13,NA
16531,20,Very Satisfied
16532,16,Very Satisfied
16533,16,Mod. Satisfied
16534,14,NA
16535,12,NA
16536,18,Very Dissatisfied
16537,14,Very Dissatisfied
16538,14,Mod. Satisfied
16539,12,NA
16540,16,Very Dissatisfied
16541,17,Very Satisfied
16542,12,NA
16543,13,Very Satisfied
16544,10,NA
16545,18,NA
16546,13,NA
16547,8,NA
16548,12,NA
16549,10,Very Satisfied
16550,12,Very Satisfied
16551,14,Very Satisfied
16552,13,Very Satisfied
16553,14,NA
16554,15,NA
16555,14,Very Satisfied
16556,16,Mod. Satisfied
16557,16,A Little Dissat
16558,14,A Little Dissat
16559,11,Mod. Satisfied
16560,9,NA
16561,12,Mod. Satisfied
16562,15,NA
16563,12,A Little Dissat
16564,11,Very Satisfied
16565,14,Very Satisfied
16566,13,Very Satisfied
16567,11,Very Satisfied
16568,12,Very Satisfied
16569,10,Mod. Satisfied
16570,12,Very Satisfied
16571,12,Very Dissatisfied
16572,12,Very Satisfied
16573,18,Very Satisfied
16574,8,A Little Dissat
16575,18,Very Satisfied
16576,10,Very Satisfied
16577,8,NA
16578,12,Very Satisfied
16579,12,Very Satisfied
16580,12,Mod. Satisfied
16581,16,NA
16582,10,Mod. Satisfied
16583,9,NA
16584,12,Very Satisfied
16585,12,Very Satisfied
16586,12,A Little Dissat
16587,16,Very Satisfied
16588,12,NA
16589,9,Very Dissatisfied
16590,15,NA
16591,12,Mod. Satisfied
16592,13,A Little Dissat
16593,13,Very Satisfied
16594,13,Mod. Satisfied
16595,16,Very Satisfied
16596,14,Mod. Satisfied
16597,16,Very Satisfied
16598,15,Mod. Satisfied
16599,19,Very Satisfied
16600,18,NA
16601,11,Very Satisfied
16602,12,Very Satisfied
16603,16,Mod. Satisfied
16604,11,A Little Dissat
16605,14,Mod. Satisfied
16606,12,Mod. Satisfied
16607,12,Very Satisfied
16608,12,Very Dissatisfied
16609,13,A Little Dissat
16610,13,Very Satisfied
16611,11,Mod. Satisfied
16612,12,Very Satisfied
16613,11,Very Satisfied
16614,13,Mod. Satisfied
16615,10,Mod. Satisfied
16616,16,Very Satisfied
16617,15,NA
16618,11,Very Satisfied
16619,14,Mod. Satisfied
16620,15,Very Satisfied
16621,16,A Little Dissat
16622,12,Mod. Satisfied
16623,17,Very Satisfied
16624,18,Very Dissatisfied
16625,9,Very Satisfied
16626,12,Mod. Satisfied
16627,16,Mod. Satisfied
16628,12,Mod. Satisfied
16629,12,Very Satisfied
16630,15,Very Satisfied
16631,15,Very Satisfied
16632,13,A Little Dissat
16633,16,Mod. Satisfied
16634,14,Mod. Satisfied
16635,10,NA
16636,15,NA
16637,14,NA
16638,16,NA
16639,18,Mod. Satisfied
16640,15,NA
16641,12,NA
16642,12,Mod. Satisfied
16643,17,Mod. Satisfied
16644,16,A Little Dissat
16645,8,Very Satisfied
16646,10,Mod. Satisfied
16647,11,A Little Dissat
16648,16,Very Dissatisfied
16649,7,NA
16650,12,NA
16651,10,Mod. Satisfied
16652,12,A Little Dissat
16653,14,Mod. Satisfied
16654,14,Very Satisfied
16655,14,Very Satisfied
16656,12,Very Dissatisfied
16657,12,Mod. Satisfied
16658,12,A Little Dissat
16659,14,Very Dissatisfied
16660,13,Mod. Satisfied
16661,12,NA
16662,9,NA
16663,13,Mod. Satisfied
16664,16,Very Satisfied
16665,12,Mod. Satisfied
16666,12,NA
16667,11,Mod. Satisfied
16668,12,Very Satisfied
16669,12,A Little Dissat
16670,12,Very Satisfied
16671,8,Very Satisfied
16672,12,NA
16673,13,NA
16674,12,NA
16675,8,Mod. Satisfied
16676,17,Very Dissatisfied
16677,12,Very Satisfied
16678,12,NA
16679,11,Very Satisfied
16680,14,Very Satisfied
16681,8,A Little Dissat
16682,12,Very Satisfied
16683,9,Very Satisfied
16684,12,Mod. Satisfied
16685,12,A Little Dissat
16686,8,Very Dissatisfied
16687,16,Mod. Satisfied
16688,12,NA
16689,9,Very Satisfied
16690,16,Very Satisfied
16691,12,Very Satisfied
16692,12,Mod. Satisfied
16693,16,A Little Dissat
16694,12,A Little Dissat
16695,11,Very Satisfied
16696,12,Very Satisfied
16697,12,NA
16698,12,Mod. Satisfied
16699,12,NA
16700,12,A Little Dissat
16701,10,Mod. Satisfied
16702,12,Very Satisfied
16703,12,Very Satisfied
16704,12,Mod. Satisfied
16705,12,Very Satisfied
16706,5,NA
16707,9,Mod. Satisfied
16708,14,Very Satisfied
16709,12,NA
16710,8,Very Satisfied
16711,12,Mod. Satisfied
16712,10,A Little Dissat
16713,17,Very Satisfied
16714,12,NA
16715,12,Mod. Satisfied
16716,12,Very Satisfied
16717,12,NA
16718,14,Very Satisfied
16719,13,Mod. Satisfied
16720,12,Mod. Satisfied
16721,8,Very Satisfied
16722,12,Very Dissatisfied
16723,9,Very Satisfied
16724,12,Mod. Satisfied
16725,20,Mod. Satisfied
16726,12,Very Satisfied
16727,12,Very Satisfied
16728,12,NA
16729,13,Mod. Satisfied
16730,16,Mod. Satisfied
16731,12,Mod. Satisfied
16732,12,A Little Dissat
16733,10,Very Satisfied
16734,12,Very Satisfied
16735,12,Mod. Satisfied
16736,12,Mod. Satisfied
16737,12,NA
16738,12,Very Satisfied
16739,8,NA
16740,16,Very Satisfied
16741,12,Very Satisfied
16742,12,Mod. Satisfied
16743,16,Very Satisfied
16744,14,Very Satisfied
16745,12,Mod. Satisfied
16746,16,A Little Dissat
16747,8,Very Satisfied
16748,8,Very Satisfied
16749,13,Very Satisfied
16750,12,Mod. Satisfied
16751,13,Very Satisfied
16752,8,Very Satisfied
16753,16,Very Satisfied
16754,8,Very Satisfied
16755,12,Mod. Satisfied
16756,12,NA
16757,12,Very Satisfied
16758,12,Mod. Satisfied
16759,12,Mod. Satisfied
16760,12,Very Satisfied
16761,14,Very Satisfied
16762,16,Very Satisfied
16763,16,Very Satisfied
16764,10,Mod. Satisfied
16765,13,NA
16766,14,Very Satisfied
16767,20,Mod. Satisfied
16768,12,A Little Dissat
16769,13,A Little Dissat
16770,11,Very Satisfied
16771,12,Very Satisfied
16772,12,Mod. Satisfied
16773,12,Mod. Satisfied
16774,12,NA
16775,12,Mod. Satisfied
16776,12,Very Satisfied
16777,12,Mod. Satisfied
16778,13,Very Satisfied
16779,13,Very Satisfied
16780,14,Mod. Satisfied
16781,13,A Little Dissat
16782,12,Very Satisfied
16783,12,Mod. Satisfied
16784,12,Very Satisfied
16785,12,Very Satisfied
16786,15,Mod. Satisfied
16787,12,Mod. Satisfied
16788,11,Very Dissatisfied
16789,12,Mod. Satisfied
16790,17,Very Satisfied
16791,12,Very Satisfied
16792,12,Very Satisfied
16793,10,Very Dissatisfied
16794,12,Very Satisfied
16795,19,Mod. Satisfied
16796,11,Very Satisfied
16797,12,Very Satisfied
16798,12,Very Satisfied
16799,12,NA
16800,13,Mod. Satisfied
16801,12,Mod. Satisfied
16802,10,NA
16803,19,Mod. Satisfied
16804,7,Mod. Satisfied
16805,10,A Little Dissat
16806,7,Very Satisfied
16807,12,Mod. Satisfied
16808,12,Very Dissatisfied
16809,12,Very Satisfied
16810,14,Very Satisfied
16811,11,Very Satisfied
16812,8,Very Dissatisfied
16813,10,Very Satisfied
16814,6,NA
16815,12,A Little Dissat
16816,8,Very Satisfied
16817,6,Very Satisfied
16818,12,Very Satisfied
16819,13,Mod. Satisfied
16820,12,Mod. Satisfied
16821,10,Mod. Satisfied
16822,8,Very Satisfied
16823,8,Mod. Satisfied
16824,17,Very Dissatisfied
16825,2,Very Satisfied
16826,12,Mod. Satisfied
16827,16,Very Satisfied
16828,10,Very Satisfied
16829,13,Very Satisfied
16830,12,Very Satisfied
16831,12,Very Satisfied
16832,7,Very Satisfied
16833,12,Very Satisfied
16834,10,Very Satisfied
16835,10,Mod. Satisfied
16836,10,Mod. Satisfied
16837,8,NA
16838,12,Mod. Satisfied
16839,4,NA
16840,10,Very Satisfied
16841,11,Very Satisfied
16842,15,Mod. Satisfied
16843,13,Very Dissatisfied
16844,6,Mod. Satisfied
16845,7,Very Dissatisfied
16846,16,Very Satisfied
16847,12,Very Satisfied
16848,1,Very Satisfied
16849,12,Very Satisfied
16850,12,Mod. Satisfied
16851,16,Mod. Satisfied
16852,15,Very Satisfied
16853,18,Very Dissatisfied
16854,14,Mod. Satisfied
16855,13,Very Satisfied
16856,15,Very Satisfied
16857,12,Mod. Satisfied
16858,11,Mod. Satisfied
16859,9,Very Satisfied
16860,7,Very Dissatisfied
16861,14,A Little Dissat
16862,11,Very Satisfied
16863,10,Mod. Satisfied
16864,12,Very Satisfied
16865,12,Very Satisfied
16866,14,Very Satisfied
16867,12,Mod. Satisfied
16868,12,Very Satisfied
16869,12,Mod. Satisfied
16870,12,Very Satisfied
16871,12,A Little Dissat
16872,13,Very Satisfied
16873,12,Very Satisfied
16874,10,Very Satisfied
16875,12,Very Satisfied
16876,16,NA
16877,16,Very Satisfied
16878,18,Very Satisfied
16879,12,Very Satisfied
16880,12,Mod. Satisfied
16881,17,Very Satisfied
16882,3,Mod. Satisfied
16883,10,Mod. Satisfied
16884,12,Very Satisfied
16885,14,Very Satisfied
16886,12,Very Satisfied
16887,12,NA
16888,10,NA
16889,12,Mod. Satisfied
16890,14,NA
16891,12,NA
16892,12,Mod. Satisfied
16893,13,NA
16894,15,NA
16895,12,Very Satisfied
16896,7,NA
16897,9,Very Satisfied
16898,12,Very Satisfied
16899,5,Very Dissatisfied
16900,9,Very Satisfied
16901,12,NA
16902,13,A Little Dissat
16903,12,Mod. Satisfied
16904,11,NA
16905,15,NA
16906,16,Very Satisfied
16907,16,Mod. Satisfied
16908,8,Very Satisfied
16909,16,Very Satisfied
16910,16,Mod. Satisfied
16911,12,Very Satisfied
16912,11,Mod. Satisfied
16913,9,A Little Dissat
16914,20,Very Satisfied
16915,3,Very Satisfied
16916,12,A Little Dissat
16917,12,Very Satisfied
16918,14,Very Satisfied
16919,2,NA
16920,5,Very Satisfied
16921,11,Mod. Satisfied
16922,12,Very Satisfied
16923,12,Very Satisfied
16924,7,Very Satisfied
16925,11,Mod. Satisfied
16926,5,Mod. Satisfied
16927,8,Mod. Satisfied
16928,17,Very Satisfied
16929,10,A Little Dissat
16930,17,NA
16931,11,NA
16932,12,A Little Dissat
16933,8,NA
16934,11,Very Satisfied
16935,12,A Little Dissat
16936,12,Mod. Satisfied
16937,9,Mod. Satisfied
16938,16,Very Satisfied
16939,10,NA
16940,20,Very Satisfied
16941,15,Very Satisfied
16942,12,Mod. Satisfied
16943,4,NA
16944,11,NA
16945,8,Mod. Satisfied
16946,8,Very Satisfied
16947,15,Very Satisfied
16948,10,NA
16949,8,Very Dissatisfied
16950,9,NA
16951,12,A Little Dissat
16952,10,Mod. Satisfied
16953,14,NA
16954,8,NA
16955,10,Very Dissatisfied
16956,13,Very Satisfied
16957,10,Very Satisfied
16958,8,A Little Dissat
16959,10,Very Satisfied
16960,12,Mod. Satisfied
16961,8,A Little Dissat
16962,15,Very Satisfied
16963,18,A Little Dissat
16964,7,NA
16965,12,Mod. Satisfied
16966,12,Mod. Satisfied
16967,16,NA
16968,15,A Little Dissat
16969,14,NA
16970,18,Very Satisfied
16971,14,A Little Dissat
16972,11,Very Satisfied
16973,13,Very Satisfied
16974,11,Very Dissatisfied
16975,12,Very Satisfied
16976,16,A Little Dissat
16977,15,NA
16978,16,NA
16979,14,NA
16980,6,NA
16981,12,NA
16982,9,Very Satisfied
16983,12,Very Satisfied
16984,6,NA
16985,13,Mod. Satisfied
16986,9,Very Satisfied
16987,12,Very Satisfied
16988,9,Very Satisfied
16989,10,Mod. Satisfied
16990,12,Mod. Satisfied
16991,6,Very Satisfied
16992,12,Mod. Satisfied
16993,7,Very Satisfied
16994,9,Very Satisfied
16995,1,Mod. Satisfied
16996,7,Very Satisfied
16997,12,NA
16998,12,Very Satisfied
16999,3,Mod. Satisfied
17000,7,Mod. Satisfied
17001,8,Very Satisfied
17002,12,Mod. Satisfied
17003,11,Very Dissatisfied
17004,10,Mod. Satisfied
17005,8,Very Satisfied
17006,14,Very Satisfied
17007,14,A Little Dissat
17008,12,Mod. Satisfied
17009,12,Mod. Satisfied
17010,12,NA
17011,17,Mod. Satisfied
17012,12,Mod. Satisfied
17013,13,Very Satisfied
17014,12,Very Satisfied
17015,12,A Little Dissat
17016,19,Very Satisfied
17017,17,Mod. Satisfied
17018,4,Very Satisfied
17019,8,Very Dissatisfied
17020,12,Very Satisfied
17021,14,Very Satisfied
17022,12,Mod. Satisfied
17023,20,Very Satisfied
17024,12,Very Dissatisfied
17025,12,A Little Dissat
17026,12,Very Dissatisfied
17027,11,Very Satisfied
17028,11,Very Satisfied
17029,10,Very Satisfied
17030,19,Very Satisfied
17031,11,A Little Dissat
17032,10,NA
17033,12,NA
17034,7,Mod. Satisfied
17035,11,NA
17036,15,Mod. Satisfied
17037,12,Mod. Satisfied
17038,12,Mod. Satisfied
17039,12,Very Satisfied
17040,13,Very Satisfied
17041,12,A Little Dissat
17042,13,A Little Dissat
17043,14,Mod. Satisfied
17044,12,NA
17045,12,Very Satisfied
17046,12,NA
17047,12,Very Satisfied
17048,19,Very Satisfied
17049,12,NA
17050,12,Very Satisfied
17051,12,Very Satisfied
17052,15,NA
17053,16,Mod. Satisfied
17054,19,Mod. Satisfied
17055,16,Mod. Satisfied
17056,20,Mod. Satisfied
17057,17,A Little Dissat
17058,17,Very Satisfied
17059,18,Very Satisfied
17060,12,Mod. Satisfied
17061,7,Mod. Satisfied
17062,12,NA
17063,16,Mod. Satisfied
17064,10,NA
17065,4,Very Satisfied
17066,4,NA
17067,7,NA
17068,14,Very Satisfied
17069,12,Mod. Satisfied
17070,3,A Little Dissat
17071,7,Very Satisfied
17072,8,NA
17073,12,Mod. Satisfied
17074,11,Very Satisfied
17075,8,Mod. Satisfied
17076,14,Very Satisfied
17077,12,NA
17078,12,Very Satisfied
17079,16,A Little Dissat
17080,12,Mod. Satisfied
17081,11,NA
17082,12,Very Satisfied
17083,16,Very Satisfied
17084,16,Very Satisfied
17085,14,NA
17086,16,Mod. Satisfied
17087,10,NA
17088,7,NA
17089,9,Mod. Satisfied
17090,5,Very Satisfied
17091,13,NA
17092,11,Mod. Satisfied
17093,10,A Little Dissat
17094,12,Very Satisfied
17095,12,Mod. Satisfied
17096,13,A Little Dissat
17097,16,Very Satisfied
17098,12,Very Satisfied
17099,12,NA
17100,14,NA
17101,15,A Little Dissat
17102,12,Very Satisfied
17103,12,Mod. Satisfied
17104,14,Mod. Satisfied
17105,15,Mod. Satisfied
17106,12,Very Dissatisfied
17107,13,Mod. Satisfied
17108,12,Very Satisfied
17109,14,Mod. Satisfied
17110,15,Mod. Satisfied
17111,15,Mod. Satisfied
17112,20,Very Satisfied
17113,13,Mod. Satisfied
17114,16,A Little Dissat
17115,12,Very Satisfied
17116,16,Mod. Satisfied
17117,10,Mod. Satisfied
17118,16,Very Dissatisfied
17119,17,A Little Dissat
17120,13,A Little Dissat
17121,17,A Little Dissat
17122,15,Mod. Satisfied
17123,18,Mod. Satisfied
17124,15,Mod. Satisfied
17125,15,A Little Dissat
17126,8,Mod. Satisfied
17127,16,Mod. Satisfied
17128,12,Very Satisfied
17129,16,Very Satisfied
17130,16,Very Satisfied
17131,12,Mod. Satisfied
17132,12,Mod. Satisfied
17133,14,Mod. Satisfied
17134,14,Very Satisfied
17135,14,Mod. Satisfied
17136,16,Very Satisfied
17137,16,Very Satisfied
17138,12,Very Satisfied
17139,16,Mod. Satisfied
17140,16,Very Satisfied
17141,18,Very Satisfied
17142,10,NA
17143,12,NA
17144,14,Mod. Satisfied
17145,13,A Little Dissat
17146,12,Very Dissatisfied
17147,14,Very Satisfied
17148,12,Mod. Satisfied
17149,16,Mod. Satisfied
17150,13,Mod. Satisfied
17151,12,A Little Dissat
17152,12,NA
17153,13,Very Satisfied
17154,15,NA
17155,12,Very Satisfied
17156,14,Very Satisfied
17157,16,A Little Dissat
17158,14,Very Dissatisfied
17159,12,Very Satisfied
17160,16,Very Satisfied
17161,18,Mod. Satisfied
17162,7,Very Satisfied
17163,11,Mod. Satisfied
17164,16,Very Satisfied
17165,16,Mod. Satisfied
17166,12,Very Satisfied
17167,11,Very Satisfied
17168,19,Very Satisfied
17169,10,Very Satisfied
17170,10,NA
17171,11,Mod. Satisfied
17172,12,NA
17173,10,Mod. Satisfied
17174,12,Mod. Satisfied
17175,11,NA
17176,18,Very Satisfied
17177,12,Very Satisfied
17178,16,Mod. Satisfied
17179,11,NA
17180,12,Very Dissatisfied
17181,20,Very Satisfied
17182,16,A Little Dissat
17183,16,Mod. Satisfied
17184,15,Mod. Satisfied
17185,12,A Little Dissat
17186,20,Very Satisfied
17187,17,Very Satisfied
17188,14,Mod. Satisfied
17189,16,Very Satisfied
17190,14,Mod. Satisfied
17191,18,Very Satisfied
17192,14,Very Satisfied
17193,11,Mod. Satisfied
17194,16,Mod. Satisfied
17195,12,Very Satisfied
17196,9,Mod. Satisfied
17197,12,Very Satisfied
17198,10,Very Dissatisfied
17199,12,Mod. Satisfied
17200,12,Very Dissatisfied
17201,20,Mod. Satisfied
17202,12,NA
17203,9,Very Satisfied
17204,16,Very Satisfied
17205,10,Mod. Satisfied
17206,13,Mod. Satisfied
17207,11,NA
17208,11,Mod. Satisfied
17209,8,NA
17210,12,Mod. Satisfied
17211,12,Mod. Satisfied
17212,18,Very Satisfied
17213,12,Mod. Satisfied
17214,12,Very Satisfied
17215,13,Very Satisfied
17216,16,Very Satisfied
17217,18,Mod. Satisfied
17218,9,Very Satisfied
17219,2,NA
17220,8,Very Dissatisfied
17221,12,Very Satisfied
17222,13,Mod. Satisfied
17223,12,NA
17224,15,Mod. Satisfied
17225,13,Very Satisfied
17226,12,A Little Dissat
17227,8,NA
17228,18,Mod. Satisfied
17229,14,Very Satisfied
17230,11,NA
17231,12,Very Satisfied
17232,12,A Little Dissat
17233,12,Very Satisfied
17234,12,Very Dissatisfied
17235,16,Mod. Satisfied
17236,10,Mod. Satisfied
17237,14,Very Satisfied
17238,12,Very Satisfied
17239,12,Very Satisfied
17240,9,Very Satisfied
17241,12,Very Satisfied
17242,12,Very Satisfied
17243,17,Very Satisfied
17244,20,A Little Dissat
17245,12,Mod. Satisfied
17246,16,Very Satisfied
17247,8,A Little Dissat
17248,5,Very Satisfied
17249,15,Mod. Satisfied
17250,20,Very Satisfied
17251,16,Very Satisfied
17252,13,Mod. Satisfied
17253,12,Mod. Satisfied
17254,13,Very Dissatisfied
17255,12,Very Satisfied
17256,12,Very Satisfied
17257,14,Very Satisfied
17258,12,Mod. Satisfied
17259,14,Very Satisfied
17260,16,Very Satisfied
17261,16,Mod. Satisfied
17262,16,Mod. Satisfied
17263,9,NA
17264,12,Very Satisfied
17265,12,Mod. Satisfied
17266,11,Very Satisfied
17267,12,Very Satisfied
17268,15,Mod. Satisfied
17269,15,Very Satisfied
17270,15,NA
17271,16,Very Satisfied
17272,13,Very Satisfied
17273,16,Very Satisfied
17274,16,Mod. Satisfied
17275,14,Mod. Satisfied
17276,16,Mod. Satisfied
17277,16,Mod. Satisfied
17278,0,NA
17279,20,NA
17280,5,NA
17281,9,Very Satisfied
17282,10,A Little Dissat
17283,3,A Little Dissat
17284,15,NA
17285,12,Very Satisfied
17286,16,Mod. Satisfied
17287,13,Very Satisfied
17288,15,Very Satisfied
17289,13,Very Satisfied
17290,16,Very Satisfied
17291,20,Very Satisfied
17292,18,NA
17293,17,Mod. Satisfied
17294,11,A Little Dissat
17295,16,Very Satisfied
17296,16,Very Satisfied
17297,12,Very Satisfied
17298,15,Very Satisfied
17299,16,A Little Dissat
17300,11,NA
17301,9,NA
17302,6,A Little Dissat
17303,13,NA
17304,12,Very Satisfied
17305,12,Very Satisfied
17306,13,Very Satisfied
17307,17,Mod. Satisfied
17308,14,Mod. Satisfied
17309,14,Very Satisfied
17310,15,Very Dissatisfied
17311,14,Mod. Satisfied
17312,14,Mod. Satisfied
17313,16,Very Satisfied
17314,14,Very Satisfied
17315,12,Very Satisfied
17316,12,Very Satisfied
17317,16,Mod. Satisfied
17318,12,Very Satisfied
17319,20,A Little Dissat
17320,12,Very Satisfied
17321,11,NA
17322,12,Very Satisfied
17323,11,NA
17324,16,Mod. Satisfied
17325,15,Very Satisfied
17326,15,NA
17327,13,Mod. Satisfied
17328,18,Very Satisfied
17329,14,Mod. Satisfied
17330,13,NA
17331,15,NA
17332,17,NA
17333,12,NA
17334,7,Very Satisfied
17335,13,Very Satisfied
17336,18,Very Satisfied
17337,12,NA
17338,15,Very Satisfied
17339,8,NA
17340,12,NA
17341,12,Mod. Satisfied
17342,12,NA
17343,12,Very Satisfied
17344,12,Mod. Satisfied
17345,7,NA
17346,20,Very Satisfied
17347,20,Very Satisfied
17348,12,Very Satisfied
17349,16,Mod. Satisfied
17350,14,NA
17351,18,Very Satisfied
17352,11,Mod. Satisfied
17353,9,A Little Dissat
17354,13,Very Satisfied
17355,12,Very Satisfied
17356,8,NA
17357,16,Very Satisfied
17358,8,NA
17359,12,NA
17360,12,Very Satisfied
17361,18,NA
17362,20,Very Satisfied
17363,8,NA
17364,12,NA
17365,15,Mod. Satisfied
17366,12,NA
17367,15,NA
17368,20,Mod. Satisfied
17369,8,Very Satisfied
17370,13,Very Satisfied
17371,14,Very Satisfied
17372,13,Mod. Satisfied
17373,13,Very Satisfied
17374,12,NA
17375,12,Mod. Satisfied
17376,10,Mod. Satisfied
17377,9,Mod. Satisfied
17378,12,Mod. Satisfied
17379,14,Very Satisfied
17380,12,A Little Dissat
17381,12,A Little Dissat
17382,11,Very Satisfied
17383,12,Mod. Satisfied
17384,8,Very Satisfied
17385,12,Mod. Satisfied
17386,12,Mod. Satisfied
17387,12,Mod. Satisfied
17388,12,NA
17389,12,Mod. Satisfied
17390,13,Very Satisfied
17391,11,Mod. Satisfied
17392,10,Mod. Satisfied
17393,11,NA
17394,11,Very Satisfied
17395,14,Very Satisfied
17396,12,Very Satisfied
17397,14,Very Satisfied
17398,17,Very Satisfied
17399,16,Very Dissatisfied
17400,19,Mod. Satisfied
17401,17,A Little Dissat
17402,18,Mod. Satisfied
17403,12,Very Satisfied
17404,12,Very Satisfied
17405,10,Very Satisfied
17406,12,Mod. Satisfied
17407,12,Very Satisfied
17408,12,Very Satisfied
17409,15,Mod. Satisfied
17410,12,Very Satisfied
17411,12,Very Satisfied
17412,12,Very Satisfied
17413,13,NA
17414,7,Very Satisfied
17415,14,Very Satisfied
17416,20,Very Satisfied
17417,16,NA
17418,13,Mod. Satisfied
17419,12,A Little Dissat
17420,6,Very Dissatisfied
17421,11,Mod. Satisfied
17422,7,Very Satisfied
17423,12,Very Satisfied
17424,14,Very Satisfied
17425,12,Mod. Satisfied
17426,18,Very Satisfied
17427,12,Mod. Satisfied
17428,10,NA
17429,8,Very Dissatisfied
17430,6,Mod. Satisfied
17431,8,NA
17432,10,Mod. Satisfied
17433,11,Very Satisfied
17434,12,Mod. Satisfied
17435,9,NA
17436,8,Very Satisfied
17437,12,Very Satisfied
17438,8,Mod. Satisfied
17439,12,Very Satisfied
17440,10,NA
17441,10,Very Satisfied
17442,3,NA
17443,9,NA
17444,16,Very Satisfied
17445,12,Very Satisfied
17446,12,Mod. Satisfied
17447,14,Very Satisfied
17448,15,NA
17449,12,NA
17450,12,Very Satisfied
17451,12,Mod. Satisfied
17452,18,NA
17453,16,NA
17454,15,NA
17455,12,Very Satisfied
17456,8,NA
17457,8,NA
17458,7,NA
17459,12,Mod. Satisfied
17460,11,A Little Dissat
17461,12,NA
17462,12,NA
17463,14,Mod. Satisfied
17464,8,Mod. Satisfied
17465,11,NA
17466,12,Mod. Satisfied
17467,20,Very Satisfied
17468,16,Very Satisfied
17469,19,Very Satisfied
17470,12,Mod. Satisfied
17471,12,Mod. Satisfied
17472,17,Very Satisfied
17473,18,Mod. Satisfied
17474,12,Very Satisfied
17475,9,NA
17476,10,Mod. Satisfied
17477,16,Mod. Satisfied
17478,11,Very Satisfied
17479,12,Mod. Satisfied
17480,18,Mod. Satisfied
17481,13,Mod. Satisfied
17482,12,Very Satisfied
17483,5,NA
17484,11,Very Satisfied
17485,14,Mod. Satisfied
17486,12,A Little Dissat
17487,20,Very Dissatisfied
17488,9,Mod. Satisfied
17489,12,Very Satisfied
17490,18,Very Satisfied
17491,18,Very Satisfied
17492,12,Very Satisfied
17493,12,Very Satisfied
17494,12,Very Satisfied
17495,13,Mod. Satisfied
17496,12,Very Satisfied
17497,12,Mod. Satisfied
17498,12,NA
17499,12,Mod. Satisfied
17500,14,A Little Dissat
17501,12,Mod. Satisfied
17502,11,NA
17503,12,NA
17504,12,Very Satisfied
17505,11,Mod. Satisfied
17506,13,Very Satisfied
17507,17,Mod. Satisfied
17508,16,Mod. Satisfied
17509,12,Very Satisfied
17510,12,NA
17511,12,Mod. Satisfied
17512,11,A Little Dissat
17513,16,Very Satisfied
17514,14,NA
17515,16,Mod. Satisfied
17516,12,Mod. Satisfied
17517,12,A Little Dissat
17518,15,Very Satisfied
17519,14,Very Satisfied
17520,13,Mod. Satisfied
17521,12,Mod. Satisfied
17522,15,Very Satisfied
17523,8,NA
17524,14,A Little Dissat
17525,12,Mod. Satisfied
17526,16,Mod. Satisfied
17527,14,Very Satisfied
17528,12,NA
17529,12,Mod. Satisfied
17530,13,Mod. Satisfied
17531,12,Mod. Satisfied
17532,13,Very Satisfied
17533,9,A Little Dissat
17534,12,Mod. Satisfied
17535,7,Very Satisfied
17536,12,A Little Dissat
17537,12,Mod. Satisfied
17538,17,Very Satisfied
17539,17,Mod. Satisfied
17540,12,Very Satisfied
17541,12,A Little Dissat
17542,3,Mod. Satisfied
17543,8,NA
17544,3,Very Dissatisfied
17545,12,Mod. Satisfied
17546,15,NA
17547,12,NA
17548,13,Mod. Satisfied
17549,15,Mod. Satisfied
17550,10,Mod. Satisfied
17551,12,Mod. Satisfied
17552,12,Very Satisfied
17553,16,Mod. Satisfied
17554,12,NA
17555,12,Very Satisfied
17556,15,Mod. Satisfied
17557,12,Very Satisfied
17558,12,NA
17559,16,A Little Dissat
17560,12,Very Satisfied
17561,10,NA
17562,13,NA
17563,16,Very Satisfied
17564,14,Very Satisfied
17565,12,Mod. Satisfied
17566,10,Mod. Satisfied
17567,8,NA
17568,17,Mod. Satisfied
17569,12,Very Satisfied
17570,8,Very Satisfied
17571,12,Mod. Satisfied
17572,17,Mod. Satisfied
17573,12,Very Satisfied
17574,12,Very Satisfied
17575,12,Mod. Satisfied
17576,20,NA
17577,16,Very Satisfied
17578,8,NA
17579,10,Very Satisfied
17580,13,Mod. Satisfied
17581,14,A Little Dissat
17582,9,Very Satisfied
17583,12,Very Satisfied
17584,16,Very Satisfied
17585,14,Mod. Satisfied
17586,13,NA
17587,14,Mod. Satisfied
17588,13,Very Satisfied
17589,13,Very Satisfied
17590,13,Very Satisfied
17591,18,Very Satisfied
17592,16,Very Satisfied
17593,12,Mod. Satisfied
17594,12,Mod. Satisfied
17595,12,Very Satisfied
17596,18,Very Satisfied
17597,17,Mod. Satisfied
17598,13,Very Dissatisfied
17599,14,Very Satisfied
17600,16,Very Satisfied
17601,18,Very Satisfied
17602,12,A Little Dissat
17603,12,Mod. Satisfied
17604,13,Mod. Satisfied
17605,12,Very Satisfied
17606,13,A Little Dissat
17607,15,Very Satisfied
17608,8,NA
17609,14,Mod. Satisfied
17610,13,Very Dissatisfied
17611,16,Mod. Satisfied
17612,16,Very Satisfied
17613,12,Mod. Satisfied
17614,12,A Little Dissat
17615,10,NA
17616,12,Mod. Satisfied
17617,12,Mod. Satisfied
17618,12,NA
17619,16,Very Satisfied
17620,13,Very Satisfied
17621,13,NA
17622,12,Mod. Satisfied
17623,20,Very Satisfied
17624,12,A Little Dissat
17625,12,Mod. Satisfied
17626,12,Very Satisfied
17627,9,Very Satisfied
17628,12,Mod. Satisfied
17629,10,NA
17630,12,NA
17631,12,A Little Dissat
17632,12,Mod. Satisfied
17633,9,Very Dissatisfied
17634,13,Mod. Satisfied
17635,9,Mod. Satisfied
17636,12,Mod. Satisfied
17637,12,Very Satisfied
17638,9,Very Satisfied
17639,18,Very Satisfied
17640,16,Very Satisfied
17641,12,Mod. Satisfied
17642,16,Mod. Satisfied
17643,12,A Little Dissat
17644,12,Very Satisfied
17645,13,Very Satisfied
17646,11,Very Satisfied
17647,13,Very Satisfied
17648,14,Very Satisfied
17649,14,Very Satisfied
17650,11,A Little Dissat
17651,16,Mod. Satisfied
17652,12,A Little Dissat
17653,13,Very Satisfied
17654,9,Very Satisfied
17655,12,Very Satisfied
17656,12,Mod. Satisfied
17657,8,NA
17658,8,NA
17659,8,NA
17660,10,Mod. Satisfied
17661,12,NA
17662,12,Very Satisfied
17663,18,Very Satisfied
17664,12,Very Dissatisfied
17665,20,Very Satisfied
17666,10,Mod. Satisfied
17667,14,Mod. Satisfied
17668,5,Mod. Satisfied
17669,14,Very Satisfied
17670,12,A Little Dissat
17671,14,Mod. Satisfied
17672,15,NA
17673,15,NA
17674,8,NA
17675,12,A Little Dissat
17676,11,NA
17677,10,NA
17678,8,NA
17679,14,Very Satisfied
17680,13,Very Satisfied
17681,9,Very Satisfied
17682,11,A Little Dissat
17683,12,Very Satisfied
17684,12,Mod. Satisfied
17685,11,Very Satisfied
17686,12,Very Satisfied
17687,10,Mod. Satisfied
17688,10,NA
17689,10,NA
17690,8,Very Satisfied
17691,12,NA
17692,12,Very Satisfied
17693,12,Very Dissatisfied
17694,13,Very Satisfied
17695,12,Very Satisfied
17696,14,Mod. Satisfied
17697,12,Mod. Satisfied
17698,12,Mod. Satisfied
17699,12,Very Satisfied
17700,13,Very Satisfied
17701,10,Very Satisfied
17702,5,NA
17703,11,A Little Dissat
17704,7,NA
17705,2,NA
17706,12,A Little Dissat
17707,2,NA
17708,12,NA
17709,14,Very Satisfied
17710,12,Mod. Satisfied
17711,14,Very Dissatisfied
17712,20,Mod. Satisfied
17713,8,NA
17714,9,NA
17715,16,Very Satisfied
17716,16,Mod. Satisfied
17717,12,Very Dissatisfied
17718,7,Very Satisfied
17719,8,NA
17720,16,Mod. Satisfied
17721,12,Very Satisfied
17722,13,NA
17723,17,NA
17724,11,A Little Dissat
17725,16,Mod. Satisfied
17726,13,A Little Dissat
17727,12,Mod. Satisfied
17728,16,Mod. Satisfied
17729,6,NA
17730,8,Very Satisfied
17731,14,Mod. Satisfied
17732,10,A Little Dissat
17733,13,Mod. Satisfied
17734,9,Mod. Satisfied
17735,12,Mod. Satisfied
17736,13,Mod. Satisfied
17737,12,Very Satisfied
17738,14,NA
17739,12,Mod. Satisfied
17740,13,Mod. Satisfied
17741,12,Very Satisfied
17742,9,Mod. Satisfied
17743,8,Very Satisfied
17744,12,A Little Dissat
17745,12,A Little Dissat
17746,12,Very Dissatisfied
17747,8,A Little Dissat
17748,14,NA
17749,6,Very Satisfied
17750,9,Very Satisfied
17751,9,Very Satisfied
17752,12,Mod. Satisfied
17753,12,Very Satisfied
17754,3,NA
17755,14,Very Satisfied
17756,3,Mod. Satisfied
17757,12,A Little Dissat
17758,14,NA
17759,12,Mod. Satisfied
17760,14,Very Satisfied
17761,11,Very Dissatisfied
17762,14,Mod. Satisfied
17763,15,Very Satisfied
17764,9,Mod. Satisfied
17765,6,Very Dissatisfied
17766,8,A Little Dissat
17767,12,NA
17768,12,Mod. Satisfied
17769,14,Mod. Satisfied
17770,19,Very Satisfied
17771,10,NA
17772,12,Mod. Satisfied
17773,12,Mod. Satisfied
17774,15,Very Satisfied
17775,9,NA
17776,6,Very Satisfied
17777,9,A Little Dissat
17778,2,NA
17779,12,NA
17780,12,A Little Dissat
17781,12,Mod. Satisfied
17782,12,Very Satisfied
17783,13,NA
17784,15,NA
17785,10,Very Satisfied
17786,4,Very Satisfied
17787,6,NA
17788,6,Very Satisfied
17789,3,NA
17790,13,Very Satisfied
17791,12,Very Dissatisfied
17792,19,Mod. Satisfied
17793,13,NA
17794,11,Very Satisfied
17795,10,Mod. Satisfied
17796,11,A Little Dissat
17797,11,Mod. Satisfied
17798,19,Mod. Satisfied
17799,12,Very Satisfied
17800,16,NA
17801,18,Very Satisfied
17802,11,A Little Dissat
17803,16,Very Satisfied
17804,6,Very Satisfied
17805,14,Very Dissatisfied
17806,15,A Little Dissat
17807,12,Very Satisfied
17808,19,Very Satisfied
17809,17,NA
17810,9,Very Satisfied
17811,10,NA
17812,16,Mod. Satisfied
17813,16,Very Satisfied
17814,14,Very Satisfied
17815,14,Very Satisfied
17816,12,Very Satisfied
17817,16,A Little Dissat
17818,13,Mod. Satisfied
17819,15,Very Satisfied
17820,12,Very Satisfied
17821,6,Very Satisfied
17822,12,Mod. Satisfied
17823,12,Very Dissatisfied
17824,14,Mod. Satisfied
17825,16,Very Satisfied
17826,13,Mod. Satisfied
17827,12,A Little Dissat
17828,16,Very Satisfied
17829,14,Very Satisfied
17830,12,A Little Dissat
17831,9,NA
17832,13,Mod. Satisfied
17833,12,Very Satisfied
17834,12,A Little Dissat
17835,9,Very Dissatisfied
17836,12,Very Satisfied
17837,16,Very Satisfied
17838,14,Very Satisfied
17839,12,Very Satisfied
17840,17,Mod. Satisfied
17841,8,NA
17842,13,Mod. Satisfied
17843,1,Very Satisfied
17844,11,Mod. Satisfied
17845,8,Very Satisfied
17846,12,NA
17847,12,A Little Dissat
17848,12,Mod. Satisfied
17849,13,Very Satisfied
17850,11,Very Satisfied
17851,16,NA
17852,16,NA
17853,16,Mod. Satisfied
17854,8,A Little Dissat
17855,13,Very Satisfied
17856,12,Very Satisfied
17857,9,Mod. Satisfied
17858,12,Very Satisfied
17859,10,Very Dissatisfied
17860,12,Mod. Satisfied
17861,8,Mod. Satisfied
17862,16,Very Satisfied
17863,12,Mod. Satisfied
17864,6,Mod. Satisfied
17865,11,Very Satisfied
17866,14,Mod. Satisfied
17867,7,Mod. Satisfied
17868,10,Very Dissatisfied
17869,12,Very Dissatisfied
17870,13,A Little Dissat
17871,16,Mod. Satisfied
17872,12,Very Satisfied
17873,12,Very Satisfied
17874,12,Very Satisfied
17875,11,Very Satisfied
17876,12,Mod. Satisfied
17877,16,A Little Dissat
17878,12,Very Satisfied
17879,12,Very Satisfied
17880,14,A Little Dissat
17881,15,Mod. Satisfied
17882,10,Very Satisfied
17883,8,NA
17884,9,Very Satisfied
17885,14,Very Satisfied
17886,15,Mod. Satisfied
17887,12,Very Satisfied
17888,16,Mod. Satisfied
17889,11,Mod. Satisfied
17890,12,Very Satisfied
17891,14,A Little Dissat
17892,12,Mod. Satisfied
17893,12,Mod. Satisfied
17894,12,A Little Dissat
17895,12,Mod. Satisfied
17896,10,Mod. Satisfied
17897,11,A Little Dissat
17898,17,Very Satisfied
17899,12,Very Satisfied
17900,12,Mod. Satisfied
17901,12,NA
17902,18,Mod. Satisfied
17903,12,Very Satisfied
17904,12,Mod. Satisfied
17905,13,Mod. Satisfied
17906,13,Mod. Satisfied
17907,2,NA
17908,16,Very Dissatisfied
17909,6,Very Satisfied
17910,12,NA
17911,4,Very Satisfied
17912,7,Very Satisfied
17913,9,Very Satisfied
17914,10,Mod. Satisfied
17915,12,Mod. Satisfied
17916,12,Very Satisfied
17917,11,Mod. Satisfied
17918,13,Mod. Satisfied
17919,6,Very Satisfied
17920,11,Very Satisfied
17921,10,Very Satisfied
17922,15,Very Satisfied
17923,16,Very Satisfied
17924,15,NA
17925,5,NA
17926,11,Very Satisfied
17927,17,Mod. Satisfied
17928,12,A Little Dissat
17929,14,Very Satisfied
17930,12,Mod. Satisfied
17931,12,Mod. Satisfied
17932,12,Very Satisfied
17933,9,Very Satisfied
17934,12,Mod. Satisfied
17935,6,Very Satisfied
17936,11,Very Satisfied
17937,16,Mod. Satisfied
17938,14,Very Satisfied
17939,8,Mod. Satisfied
17940,12,Very Satisfied
17941,12,Very Satisfied
17942,12,Mod. Satisfied
17943,14,Very Satisfied
17944,12,NA
17945,16,Very Satisfied
17946,12,Very Satisfied
17947,12,Mod. Satisfied
17948,12,Mod. Satisfied
17949,11,NA
17950,12,NA
17951,8,Very Satisfied
17952,12,NA
17953,12,Very Satisfied
17954,14,Very Satisfied
17955,12,Mod. Satisfied
17956,11,Mod. Satisfied
17957,12,Mod. Satisfied
17958,6,Mod. Satisfied
17959,10,Very Satisfied
17960,11,Mod. Satisfied
17961,9,A Little Dissat
17962,12,NA
17963,14,Very Dissatisfied
17964,10,Mod. Satisfied
17965,18,Very Satisfied
17966,16,NA
17967,20,Very Satisfied
17968,13,Very Satisfied
17969,12,NA
17970,10,Very Satisfied
17971,9,Mod. Satisfied
17972,12,NA
17973,12,Mod. Satisfied
17974,14,Very Satisfied
17975,11,NA
17976,13,Mod. Satisfied
17977,12,Mod. Satisfied
17978,12,Mod. Satisfied
17979,14,Very Satisfied
17980,19,Very Satisfied
17981,8,Mod. Satisfied
17982,11,Very Satisfied
17983,9,Very Satisfied
17984,14,Very Dissatisfied
17985,12,Mod. Satisfied
17986,7,Mod. Satisfied
17987,12,A Little Dissat
17988,12,Very Satisfied
17989,11,Mod. Satisfied
17990,9,Very Satisfied
17991,14,Very Dissatisfied
17992,12,Very Satisfied
17993,16,NA
17994,14,Very Satisfied
17995,16,NA
17996,18,Very Satisfied
17997,16,NA
17998,14,Very Satisfied
17999,20,Very Satisfied
18000,18,Very Satisfied
18001,7,NA
18002,9,Very Dissatisfied
18003,8,NA
18004,15,Very Satisfied
18005,5,NA
18006,13,Mod. Satisfied
18007,12,Mod. Satisfied
18008,10,Mod. Satisfied
18009,7,NA
18010,10,NA
18011,12,Very Dissatisfied
18012,12,Mod. Satisfied
18013,13,Mod. Satisfied
18014,8,A Little Dissat
18015,15,Mod. Satisfied
18016,14,A Little Dissat
18017,12,Very Satisfied
18018,12,Mod. Satisfied
18019,13,Very Satisfied
18020,10,Very Satisfied
18021,12,Very Satisfied
18022,13,Very Satisfied
18023,11,Mod. Satisfied
18024,12,Very Dissatisfied
18025,10,NA
18026,17,Mod. Satisfied
18027,12,A Little Dissat
18028,14,A Little Dissat
18029,14,Mod. Satisfied
18030,12,Very Satisfied
18031,12,Mod. Satisfied
18032,14,Very Satisfied
18033,18,A Little Dissat
18034,6,Very Satisfied
18035,12,A Little Dissat
18036,9,Very Satisfied
18037,16,Very Dissatisfied
18038,12,Very Satisfied
18039,12,Mod. Satisfied
18040,11,NA
18041,12,Very Dissatisfied
18042,12,Mod. Satisfied
18043,11,NA
18044,12,Very Satisfied
18045,12,A Little Dissat
18046,9,A Little Dissat
18047,14,Very Satisfied
18048,8,NA
18049,16,Mod. Satisfied
18050,15,Very Satisfied
18051,16,Very Satisfied
18052,16,Mod. Satisfied
18053,12,Mod. Satisfied
18054,15,Very Satisfied
18055,13,NA
18056,12,NA
18057,12,Mod. Satisfied
18058,14,Very Satisfied
18059,14,NA
18060,18,Mod. Satisfied
18061,19,Mod. Satisfied
18062,16,Very Satisfied
18063,12,Mod. Satisfied
18064,16,Mod. Satisfied
18065,11,Very Satisfied
18066,12,NA
18067,14,Very Satisfied
18068,16,Very Satisfied
18069,8,Very Dissatisfied
18070,16,NA
18071,12,Very Satisfied
18072,12,Mod. Satisfied
18073,12,Very Satisfied
18074,18,NA
18075,15,Mod. Satisfied
18076,20,Very Satisfied
18077,12,Very Dissatisfied
18078,14,Very Satisfied
18079,12,Mod. Satisfied
18080,12,NA
18081,14,Very Satisfied
18082,12,NA
18083,12,Very Dissatisfied
18084,8,A Little Dissat
18085,10,NA
18086,8,Mod. Satisfied
18087,12,NA
18088,12,NA
18089,10,Very Satisfied
18090,14,Mod. Satisfied
18091,13,Mod. Satisfied
18092,12,Very Satisfied
18093,11,Very Satisfied
18094,12,Mod. Satisfied
18095,12,Mod. Satisfied
18096,12,Very Dissatisfied
18097,8,Very Satisfied
18098,7,Mod. Satisfied
18099,13,Mod. Satisfied
18100,12,A Little Dissat
18101,5,NA
18102,2,NA
18103,12,A Little Dissat
18104,17,Mod. Satisfied
18105,12,Very Satisfied
18106,10,Mod. Satisfied
18107,17,Mod. Satisfied
18108,12,Very Satisfied
18109,17,Very Satisfied
18110,12,Very Satisfied
18111,12,Very Satisfied
18112,16,Mod. Satisfied
18113,16,Very Satisfied
18114,12,Very Satisfied
18115,12,Mod. Satisfied
18116,12,A Little Dissat
18117,15,NA
18118,12,Very Satisfied
18119,13,Very Satisfied
18120,16,Mod. Satisfied
18121,12,Very Satisfied
18122,14,Very Satisfied
18123,17,Very Satisfied
18124,18,Mod. Satisfied
18125,18,Mod. Satisfied
18126,16,A Little Dissat
18127,14,NA
18128,12,NA
18129,10,Very Satisfied
18130,12,NA
18131,12,NA
18132,10,NA
18133,12,A Little Dissat
18134,16,Mod. Satisfied
18135,14,Mod. Satisfied
18136,18,Mod. Satisfied
18137,14,Very Satisfied
18138,13,Very Satisfied
18139,14,Very Satisfied
18140,17,Mod. Satisfied
18141,12,Very Satisfied
18142,12,Very Satisfied
18143,14,Mod. Satisfied
18144,13,Mod. Satisfied
18145,14,A Little Dissat
18146,12,Mod. Satisfied
18147,12,Mod. Satisfied
18148,15,Mod. Satisfied
18149,12,Mod. Satisfied
18150,13,Mod. Satisfied
18151,15,Very Satisfied
18152,13,Very Satisfied
18153,18,Mod. Satisfied
18154,11,Mod. Satisfied
18155,12,NA
18156,12,Mod. Satisfied
18157,16,Very Satisfied
18158,11,NA
18159,8,Very Satisfied
18160,12,Very Satisfied
18161,20,Mod. Satisfied
18162,12,NA
18163,12,A Little Dissat
18164,13,Very Satisfied
18165,12,Mod. Satisfied
18166,12,Mod. Satisfied
18167,12,Mod. Satisfied
18168,11,Very Satisfied
18169,12,Very Satisfied
18170,9,A Little Dissat
18171,8,Mod. Satisfied
18172,12,Very Satisfied
18173,6,Mod. Satisfied
18174,12,NA
18175,19,Mod. Satisfied
18176,9,NA
18177,12,NA
18178,18,Very Satisfied
18179,17,Very Satisfied
18180,13,Very Satisfied
18181,16,Very Satisfied
18182,12,Mod. Satisfied
18183,11,NA
18184,12,A Little Dissat
18185,11,NA
18186,10,Mod. Satisfied
18187,13,Mod. Satisfied
18188,12,Mod. Satisfied
18189,16,Very Satisfied
18190,12,NA
18191,11,Very Satisfied
18192,12,Mod. Satisfied
18193,15,Very Dissatisfied
18194,11,Very Satisfied
18195,13,A Little Dissat
18196,12,Very Satisfied
18197,15,Very Satisfied
18198,8,NA
18199,12,Mod. Satisfied
18200,9,Very Satisfied
18201,13,NA
18202,14,Very Satisfied
18203,13,Very Dissatisfied
18204,14,Very Satisfied
18205,14,Mod. Satisfied
18206,12,Very Satisfied
18207,7,Very Satisfied
18208,12,Very Satisfied
18209,8,Very Satisfied
18210,12,NA
18211,10,Very Satisfied
18212,12,Mod. Satisfied
18213,12,NA
18214,12,NA
18215,12,NA
18216,13,NA
18217,13,NA
18218,4,NA
18219,8,Very Satisfied
18220,12,Very Satisfied
18221,9,Mod. Satisfied
18222,12,Very Satisfied
18223,10,NA
18224,12,Very Satisfied
18225,12,Mod. Satisfied
18226,12,Very Satisfied
18227,9,NA
18228,12,Mod. Satisfied
18229,12,Very Satisfied
18230,11,Mod. Satisfied
18231,8,Very Satisfied
18232,16,Very Satisfied
18233,10,NA
18234,12,A Little Dissat
18235,8,NA
18236,12,Mod. Satisfied
18237,12,Very Satisfied
18238,8,NA
18239,13,Very Satisfied
18240,15,Very Satisfied
18241,12,Mod. Satisfied
18242,14,NA
18243,13,Mod. Satisfied
18244,11,Very Satisfied
18245,16,Very Satisfied
18246,20,Mod. Satisfied
18247,14,Very Satisfied
18248,12,Mod. Satisfied
18249,8,NA
18250,15,Very Satisfied
18251,16,Very Satisfied
18252,12,Very Satisfied
18253,13,Mod. Satisfied
18254,16,Mod. Satisfied
18255,15,Mod. Satisfied
18256,15,Mod. Satisfied
18257,11,NA
18258,12,NA
18259,15,Mod. Satisfied
18260,12,Mod. Satisfied
18261,14,A Little Dissat
18262,12,Very Satisfied
18263,9,NA
18264,11,A Little Dissat
18265,12,Mod. Satisfied
18266,13,NA
18267,8,NA
18268,12,Mod. Satisfied
18269,18,NA
18270,16,Mod. Satisfied
18271,16,NA
18272,12,Very Satisfied
18273,12,Very Satisfied
18274,12,NA
18275,14,Mod. Satisfied
18276,12,Very Satisfied
18277,16,Very Satisfied
18278,12,Very Satisfied
18279,12,Mod. Satisfied
18280,12,Very Satisfied
18281,14,Mod. Satisfied
18282,8,NA
18283,8,Very Satisfied
18284,13,Very Satisfied
18285,8,Mod. Satisfied
18286,12,Mod. Satisfied
18287,8,Mod. Satisfied
18288,15,Very Satisfied
18289,14,Very Satisfied
18290,8,NA
18291,12,Very Satisfied
18292,14,NA
18293,8,Mod. Satisfied
18294,14,Mod. Satisfied
18295,10,Mod. Satisfied
18296,8,Mod. Satisfied
18297,10,NA
18298,13,Very Satisfied
18299,17,Mod. Satisfied
18300,12,Very Satisfied
18301,11,NA
18302,17,NA
18303,13,Very Satisfied
18304,12,Very Satisfied
18305,7,Very Satisfied
18306,12,NA
18307,14,Very Satisfied
18308,16,NA
18309,8,NA
18310,14,Mod. Satisfied
18311,12,Mod. Satisfied
18312,13,Mod. Satisfied
18313,12,Very Satisfied
18314,17,Very Satisfied
18315,12,Mod. Satisfied
18316,17,Mod. Satisfied
18317,11,Mod. Satisfied
18318,8,Mod. Satisfied
18319,12,Very Satisfied
18320,12,Very Satisfied
18321,12,Very Satisfied
18322,12,Mod. Satisfied
18323,7,Mod. Satisfied
18324,11,NA
18325,12,Very Satisfied
18326,12,Mod. Satisfied
18327,12,Very Satisfied
18328,15,NA
18329,14,NA
18330,8,NA
18331,12,Mod. Satisfied
18332,10,Mod. Satisfied
18333,11,NA
18334,10,Very Satisfied
18335,12,NA
18336,10,Mod. Satisfied
18337,13,Very Satisfied
18338,12,Very Satisfied
18339,12,Very Satisfied
18340,11,Mod. Satisfied
18341,11,Very Satisfied
18342,0,NA
18343,12,Mod. Satisfied
18344,8,Very Satisfied
18345,12,Very Satisfied
18346,10,Very Satisfied
18347,9,Very Dissatisfied
18348,8,NA
18349,12,Very Satisfied
18350,11,Very Satisfied
18351,11,Mod. Satisfied
18352,12,Mod. Satisfied
18353,11,Mod. Satisfied
18354,12,Very Satisfied
18355,12,NA
18356,12,Very Satisfied
18357,13,Mod. Satisfied
18358,10,Mod. Satisfied
18359,10,NA
18360,1,Very Satisfied
18361,10,Very Satisfied
18362,11,NA
18363,12,Mod. Satisfied
18364,9,Very Satisfied
18365,12,Very Satisfied
18366,12,Very Satisfied
18367,12,Mod. Satisfied
18368,12,Very Satisfied
18369,12,Very Satisfied
18370,15,Very Satisfied
18371,13,NA
18372,12,NA
18373,16,Very Satisfied
18374,12,Very Satisfied
18375,11,Very Satisfied
18376,10,Mod. Satisfied
18377,3,Very Satisfied
18378,13,Very Satisfied
18379,9,Mod. Satisfied
18380,11,Very Satisfied
18381,15,Very Satisfied
18382,10,Mod. Satisfied
18383,12,Very Satisfied
18384,12,A Little Dissat
18385,7,Mod. Satisfied
18386,12,Very Satisfied
18387,10,Very Dissatisfied
18388,11,Very Satisfied
18389,7,NA
18390,9,Mod. Satisfied
18391,12,Very Dissatisfied
18392,14,Very Satisfied
18393,12,Very Satisfied
18394,11,Very Satisfied
18395,12,Very Satisfied
18396,14,Very Satisfied
18397,11,Very Satisfied
18398,12,Very Satisfied
18399,16,Very Satisfied
18400,8,NA
18401,12,NA
18402,8,NA
18403,10,NA
18404,12,NA
18405,12,NA
18406,12,NA
18407,12,NA
18408,12,NA
18409,20,NA
18410,11,NA
18411,12,Very Satisfied
18412,9,Very Satisfied
18413,12,Mod. Satisfied
18414,12,Mod. Satisfied
18415,12,Mod. Satisfied
18416,12,A Little Dissat
18417,10,NA
18418,9,Very Satisfied
18419,12,NA
18420,11,Very Satisfied
18421,9,Very Satisfied
18422,8,NA
18423,12,Very Satisfied
18424,12,Very Satisfied
18425,11,NA
18426,8,NA
18427,9,Mod. Satisfied
18428,11,Very Satisfied
18429,12,Very Satisfied
18430,12,Mod. Satisfied
18431,10,Mod. Satisfied
18432,10,Mod. Satisfied
18433,4,NA
18434,9,Very Satisfied
18435,8,Very Satisfied
18436,11,A Little Dissat
18437,10,NA
18438,0,Mod. Satisfied
18439,12,NA
18440,10,Very Satisfied
18441,8,Very Satisfied
18442,16,Very Satisfied
18443,17,Very Satisfied
18444,8,Very Satisfied
18445,20,Very Satisfied
18446,12,Mod. Satisfied
18447,12,Mod. Satisfied
18448,9,Mod. Satisfied
18449,13,Mod. Satisfied
18450,12,Mod. Satisfied
18451,4,Very Dissatisfied
18452,12,Mod. Satisfied
18453,10,Very Satisfied
18454,12,Mod. Satisfied
18455,16,NA
18456,8,Very Satisfied
18457,16,Very Satisfied
18458,13,Very Satisfied
18459,13,Mod. Satisfied
18460,17,Mod. Satisfied
18461,12,Very Satisfied
18462,7,Mod. Satisfied
18463,12,Mod. Satisfied
18464,10,A Little Dissat
18465,12,Mod. Satisfied
18466,19,Very Satisfied
18467,12,Mod. Satisfied
18468,10,Very Satisfied
18469,12,Very Satisfied
18470,8,Very Satisfied
18471,11,A Little Dissat
18472,12,Very Satisfied
18473,12,Mod. Satisfied
18474,12,NA
18475,12,Very Satisfied
18476,11,Very Satisfied
18477,16,NA
18478,15,NA
18479,20,Very Satisfied
18480,20,Very Satisfied
18481,16,NA
18482,15,NA
18483,17,A Little Dissat
18484,13,NA
18485,14,NA
18486,17,Very Satisfied
18487,14,Very Satisfied
18488,18,Very Satisfied
18489,12,Mod. Satisfied
18490,14,A Little Dissat
18491,4,NA
18492,7,Mod. Satisfied
18493,17,Very Satisfied
18494,13,Mod. Satisfied
18495,16,A Little Dissat
18496,18,A Little Dissat
18497,14,Very Satisfied
18498,16,Very Satisfied
18499,17,Mod. Satisfied
18500,12,Very Satisfied
18501,10,Very Satisfied
18502,10,Very Satisfied
18503,11,A Little Dissat
18504,13,Very Satisfied
18505,7,Very Satisfied
18506,16,NA
18507,9,Very Satisfied
18508,6,NA
18509,11,Mod. Satisfied
18510,13,Very Satisfied
18511,16,Very Satisfied
18512,12,A Little Dissat
18513,12,Mod. Satisfied
18514,13,Mod. Satisfied
18515,12,Very Satisfied
18516,12,Very Dissatisfied
18517,13,Very Satisfied
18518,14,Very Satisfied
18519,15,Very Satisfied
18520,20,Very Satisfied
18521,16,NA
18522,12,Very Satisfied
18523,10,NA
18524,20,Very Satisfied
18525,12,Very Dissatisfied
18526,13,Mod. Satisfied
18527,12,Very Satisfied
18528,10,Very Satisfied
18529,12,NA
18530,12,NA
18531,14,Mod. Satisfied
18532,17,Very Satisfied
18533,16,Mod. Satisfied
18534,12,Very Satisfied
18535,12,Very Satisfied
18536,12,Very Satisfied
18537,12,NA
18538,10,Mod. Satisfied
18539,12,Very Satisfied
18540,13,NA
18541,11,Very Satisfied
18542,13,NA
18543,12,A Little Dissat
18544,15,NA
18545,15,NA
18546,17,Very Satisfied
18547,15,NA
18548,14,Mod. Satisfied
18549,14,NA
18550,14,Mod. Satisfied
18551,17,NA
18552,15,Mod. Satisfied
18553,15,Mod. Satisfied
18554,12,Very Satisfied
18555,17,A Little Dissat
18556,15,A Little Dissat
18557,9,NA
18558,14,A Little Dissat
18559,8,Mod. Satisfied
18560,14,Very Satisfied
18561,9,Very Satisfied
18562,13,Mod. Satisfied
18563,12,Mod. Satisfied
18564,12,Mod. Satisfied
18565,18,Very Satisfied
18566,16,Very Satisfied
18567,15,Mod. Satisfied
18568,12,Very Satisfied
18569,12,Mod. Satisfied
18570,17,Mod. Satisfied
18571,16,Very Satisfied
18572,12,Very Satisfied
18573,13,Mod. Satisfied
18574,12,Mod. Satisfied
18575,14,Mod. Satisfied
18576,18,A Little Dissat
18577,12,Very Satisfied
18578,8,A Little Dissat
18579,15,NA
18580,14,Very Satisfied
18581,12,Mod. Satisfied
18582,12,Mod. Satisfied
18583,13,Very Satisfied
18584,13,Very Dissatisfied
18585,12,Very Satisfied
18586,17,Very Satisfied
18587,14,A Little Dissat
18588,16,Very Satisfied
18589,16,Very Satisfied
18590,14,NA
18591,14,A Little Dissat
18592,10,NA
18593,10,A Little Dissat
18594,18,Very Satisfied
18595,17,A Little Dissat
18596,18,Very Satisfied
18597,12,Very Satisfied
18598,12,Very Satisfied
18599,11,Mod. Satisfied
18600,6,Mod. Satisfied
18601,8,Very Satisfied
18602,10,NA
18603,11,Mod. Satisfied
18604,0,Very Dissatisfied
18605,12,A Little Dissat
18606,14,Mod. Satisfied
18607,7,NA
18608,16,Mod. Satisfied
18609,12,Mod. Satisfied
18610,16,Mod. Satisfied
18611,12,Mod. Satisfied
18612,12,Mod. Satisfied
18613,11,Mod. Satisfied
18614,14,Mod. Satisfied
18615,12,Mod. Satisfied
18616,8,NA
18617,16,A Little Dissat
18618,12,Very Satisfied
18619,14,Very Satisfied
18620,13,Mod. Satisfied
18621,12,Mod. Satisfied
18622,15,Mod. Satisfied
18623,8,Very Satisfied
18624,12,A Little Dissat
18625,18,Mod. Satisfied
18626,12,Mod. Satisfied
18627,18,Very Satisfied
18628,14,Very Satisfied
18629,12,NA
18630,16,Very Satisfied
18631,12,Very Satisfied
18632,11,Mod. Satisfied
18633,12,Mod. Satisfied
18634,14,Very Satisfied
18635,10,NA
18636,12,NA
18637,16,Mod. Satisfied
18638,12,Very Satisfied
18639,11,Very Satisfied
18640,15,Very Satisfied
18641,9,Mod. Satisfied
18642,10,Mod. Satisfied
18643,11,NA
18644,6,Very Satisfied
18645,14,Mod. Satisfied
18646,13,Very Satisfied
18647,12,NA
18648,20,Mod. Satisfied
18649,6,NA
18650,15,NA
18651,12,Mod. Satisfied
18652,12,Very Satisfied
18653,12,Very Satisfied
18654,15,Mod. Satisfied
18655,14,Mod. Satisfied
18656,16,Mod. Satisfied
18657,16,Mod. Satisfied
18658,17,NA
18659,17,Mod. Satisfied
18660,16,Mod. Satisfied
18661,7,NA
18662,13,Very Satisfied
18663,14,Very Satisfied
18664,12,Mod. Satisfied
18665,18,Mod. Satisfied
18666,17,Mod. Satisfied
18667,12,Mod. Satisfied
18668,16,Very Dissatisfied
18669,16,Mod. Satisfied
18670,18,Very Satisfied
18671,12,Mod. Satisfied
18672,13,Very Satisfied
18673,19,Very Satisfied
18674,13,Mod. Satisfied
18675,9,Mod. Satisfied
18676,12,Very Satisfied
18677,6,Very Satisfied
18678,10,Very Satisfied
18679,12,Mod. Satisfied
18680,12,NA
18681,11,Very Satisfied
18682,13,Mod. Satisfied
18683,6,Very Satisfied
18684,9,NA
18685,12,Mod. Satisfied
18686,12,Mod. Satisfied
18687,12,Very Satisfied
18688,12,A Little Dissat
18689,14,Very Satisfied
18690,10,Very Satisfied
18691,12,Very Satisfied
18692,16,Mod. Satisfied
18693,12,Mod. Satisfied
18694,8,NA
18695,5,NA
18696,5,Very Satisfied
18697,10,Very Satisfied
18698,17,Very Satisfied
18699,9,Very Satisfied
18700,11,Mod. Satisfied
18701,12,Very Satisfied
18702,8,NA
18703,9,NA
18704,12,NA
18705,16,Mod. Satisfied
18706,16,A Little Dissat
18707,20,Mod. Satisfied
18708,17,Very Satisfied
18709,17,Very Satisfied
18710,12,Very Satisfied
18711,12,Very Satisfied
18712,12,Very Satisfied
18713,16,Mod. Satisfied
18714,15,Very Satisfied
18715,13,Very Satisfied
18716,12,Mod. Satisfied
18717,12,Mod. Satisfied
18718,10,Mod. Satisfied
18719,12,Very Satisfied
18720,17,Very Satisfied
18721,16,Very Satisfied
18722,14,Very Satisfied
18723,16,Very Satisfied
18724,16,Very Satisfied
18725,12,Very Satisfied
18726,16,NA
18727,17,Very Satisfied
18728,12,Mod. Satisfied
18729,3,NA
18730,12,Very Satisfied
18731,16,Very Satisfied
18732,12,Very Satisfied
18733,10,NA
18734,16,Mod. Satisfied
18735,16,NA
18736,18,Mod. Satisfied
18737,12,NA
18738,12,NA
18739,10,Very Satisfied
18740,16,Mod. Satisfied
18741,20,Very Satisfied
18742,13,NA
18743,20,Very Satisfied
18744,12,Very Satisfied
18745,16,Very Satisfied
18746,16,A Little Dissat
18747,12,Very Satisfied
18748,13,NA
18749,12,Very Satisfied
18750,12,Very Satisfied
18751,12,Very Satisfied
18752,17,A Little Dissat
18753,12,Very Satisfied
18754,12,Mod. Satisfied
18755,12,Very Satisfied
18756,16,NA
18757,15,A Little Dissat
18758,9,Very Satisfied
18759,14,Very Satisfied
18760,11,A Little Dissat
18761,12,Very Satisfied
18762,14,Very Satisfied
18763,12,Very Dissatisfied
18764,11,NA
18765,12,Mod. Satisfied
18766,12,Mod. Satisfied
18767,13,Mod. Satisfied
18768,13,Very Satisfied
18769,14,NA
18770,12,Mod. Satisfied
18771,16,A Little Dissat
18772,16,Very Satisfied
18773,8,NA
18774,8,NA
18775,15,Mod. Satisfied
18776,14,Very Satisfied
18777,12,Mod. Satisfied
18778,16,Mod. Satisfied
18779,8,NA
18780,14,A Little Dissat
18781,16,Mod. Satisfied
18782,18,Very Satisfied
18783,14,NA
18784,16,Mod. Satisfied
18785,11,Mod. Satisfied
18786,14,Very Dissatisfied
18787,13,Very Satisfied
18788,13,Mod. Satisfied
18789,11,Mod. Satisfied
18790,14,Mod. Satisfied
18791,14,A Little Dissat
18792,12,Very Satisfied
18793,16,Mod. Satisfied
18794,12,NA
18795,10,Very Satisfied
18796,11,Mod. Satisfied
18797,15,Very Satisfied
18798,12,NA
18799,12,Mod. Satisfied
18800,12,Very Satisfied
18801,8,Mod. Satisfied
18802,14,Mod. Satisfied
18803,14,Very Satisfied
18804,12,Mod. Satisfied
18805,16,Very Satisfied
18806,16,Mod. Satisfied
18807,12,Mod. Satisfied
18808,19,NA
18809,18,Very Satisfied
18810,3,NA
18811,12,Mod. Satisfied
18812,13,A Little Dissat
18813,12,Very Satisfied
18814,16,Very Satisfied
18815,18,A Little Dissat
18816,12,Mod. Satisfied
18817,17,Mod. Satisfied
18818,13,Very Dissatisfied
18819,11,Very Satisfied
18820,15,NA
18821,12,Very Satisfied
18822,8,Very Satisfied
18823,17,Mod. Satisfied
18824,20,Very Satisfied
18825,15,Very Satisfied
18826,12,Very Satisfied
18827,14,NA
18828,12,Mod. Satisfied
18829,12,Mod. Satisfied
18830,15,NA
18831,12,Very Satisfied
18832,12,A Little Dissat
18833,11,Very Satisfied
18834,12,A Little Dissat
18835,11,Mod. Satisfied
18836,10,Mod. Satisfied
18837,12,Mod. Satisfied
18838,19,Mod. Satisfied
18839,14,Very Satisfied
18840,12,Mod. Satisfied
18841,14,Very Satisfied
18842,16,Mod. Satisfied
18843,16,NA
18844,16,Mod. Satisfied
18845,18,Very Satisfied
18846,15,Very Satisfied
18847,20,Very Satisfied
18848,16,Very Satisfied
18849,12,Very Satisfied
18850,10,Very Satisfied
18851,13,NA
18852,12,Mod. Satisfied
18853,12,Mod. Satisfied
18854,13,Very Satisfied
18855,16,Mod. Satisfied
18856,18,Very Satisfied
18857,12,NA
18858,12,NA
18859,12,A Little Dissat
18860,12,Mod. Satisfied
18861,9,Very Satisfied
18862,8,Very Dissatisfied
18863,7,Very Satisfied
18864,12,Very Satisfied
18865,6,Very Satisfied
18866,12,Very Dissatisfied
18867,12,Mod. Satisfied
18868,9,NA
18869,12,Mod. Satisfied
18870,2,A Little Dissat
18871,4,Mod. Satisfied
18872,10,NA
18873,10,Mod. Satisfied
18874,7,Very Satisfied
18875,13,NA
18876,7,NA
18877,8,NA
18878,10,NA
18879,6,NA
18880,4,NA
18881,18,Very Satisfied
18882,15,Very Satisfied
18883,11,Very Satisfied
18884,16,NA
18885,16,Mod. Satisfied
18886,13,Mod. Satisfied
18887,12,Mod. Satisfied
18888,12,Very Satisfied
18889,17,NA
18890,15,NA
18891,16,Mod. Satisfied
18892,16,Very Satisfied
18893,16,Very Satisfied
18894,20,A Little Dissat
18895,18,Very Satisfied
18896,7,Very Satisfied
18897,12,Very Dissatisfied
18898,7,Very Satisfied
18899,12,A Little Dissat
18900,12,Very Satisfied
18901,18,Very Satisfied
18902,12,A Little Dissat
18903,12,Very Satisfied
18904,12,Very Satisfied
18905,16,Very Satisfied
18906,16,Very Satisfied
18907,13,A Little Dissat
18908,12,Very Satisfied
18909,11,Very Dissatisfied
18910,13,Mod. Satisfied
18911,13,Very Satisfied
18912,13,NA
18913,9,NA
18914,11,Very Satisfied
18915,16,Mod. Satisfied
18916,12,NA
18917,12,Mod. Satisfied
18918,16,A Little Dissat
18919,12,NA
18920,13,NA
18921,15,Mod. Satisfied
18922,12,NA
18923,12,NA
18924,14,Mod. Satisfied
18925,11,Mod. Satisfied
18926,NA,Mod. Satisfied
18927,11,NA
18928,12,Mod. Satisfied
18929,12,Mod. Satisfied
18930,13,NA
18931,15,Very Satisfied
18932,14,Mod. Satisfied
18933,7,NA
18934,12,Mod. Satisfied
18935,12,Very Satisfied
18936,12,Mod. Satisfied
18937,14,Mod. Satisfied
18938,12,Very Satisfied
18939,12,NA
18940,13,A Little Dissat
18941,12,NA
18942,16,A Little Dissat
18943,17,Mod. Satisfied
18944,17,Very Dissatisfied
18945,18,NA
18946,12,Mod. Satisfied
18947,12,Mod. Satisfied
18948,12,Mod. Satisfied
18949,12,A Little Dissat
18950,12,A Little Dissat
18951,12,A Little Dissat
18952,13,Mod. Satisfied
18953,12,NA
18954,12,A Little Dissat
18955,10,A Little Dissat
18956,16,NA
18957,12,Mod. Satisfied
18958,10,Very Dissatisfied
18959,20,Very Satisfied
18960,11,Very Dissatisfied
18961,12,Very Satisfied
18962,12,Mod. Satisfied
18963,12,Mod. Satisfied
18964,12,Mod. Satisfied
18965,12,Mod. Satisfied
18966,12,NA
18967,8,Very Satisfied
18968,16,Mod. Satisfied
18969,16,Very Satisfied
18970,12,Mod. Satisfied
18971,15,A Little Dissat
18972,12,A Little Dissat
18973,12,Mod. Satisfied
18974,12,Very Satisfied
18975,16,Very Satisfied
18976,12,NA
18977,11,Mod. Satisfied
18978,12,Very Satisfied
18979,14,NA
18980,7,NA
18981,12,Very Satisfied
18982,16,Very Satisfied
18983,4,Mod. Satisfied
18984,14,Very Satisfied
18985,12,NA
18986,10,Mod. Satisfied
18987,12,NA
18988,9,Very Satisfied
18989,6,NA
18990,13,Very Satisfied
18991,14,Very Satisfied
18992,12,Very Satisfied
18993,16,Very Satisfied
18994,10,Mod. Satisfied
18995,8,NA
18996,12,Very Satisfied
18997,16,Very Satisfied
18998,12,Very Dissatisfied
18999,16,Mod. Satisfied
19000,12,Mod. Satisfied
19001,12,Mod. Satisfied
19002,16,A Little Dissat
19003,8,NA
19004,8,Very Satisfied
19005,12,Very Satisfied
19006,12,Very Satisfied
19007,13,A Little Dissat
19008,12,NA
19009,8,NA
19010,12,Very Satisfied
19011,11,Mod. Satisfied
19012,18,Very Satisfied
19013,12,NA
19014,12,Mod. Satisfied
19015,16,Very Satisfied
19016,17,Mod. Satisfied
19017,14,Very Satisfied
19018,16,Mod. Satisfied
19019,14,A Little Dissat
19020,14,A Little Dissat
19021,8,NA
19022,14,Mod. Satisfied
19023,4,Mod. Satisfied
19024,19,Mod. Satisfied
19025,11,A Little Dissat
19026,8,NA
19027,20,Very Satisfied
19028,9,Mod. Satisfied
19029,9,Very Satisfied
19030,12,Very Satisfied
19031,12,Very Satisfied
19032,7,Mod. Satisfied
19033,12,Mod. Satisfied
19034,15,Very Satisfied
19035,10,Mod. Satisfied
19036,16,Very Satisfied
19037,19,Very Satisfied
19038,16,Mod. Satisfied
19039,6,NA
19040,18,NA
19041,14,Very Satisfied
19042,14,Mod. Satisfied
19043,9,Mod. Satisfied
19044,14,Very Satisfied
19045,13,Very Satisfied
19046,14,A Little Dissat
19047,12,Very Satisfied
19048,15,Very Satisfied
19049,16,NA
19050,16,Mod. Satisfied
19051,20,Very Satisfied
19052,14,Very Satisfied
19053,10,NA
19054,12,Mod. Satisfied
19055,13,Very Dissatisfied
19056,12,Mod. Satisfied
19057,14,Very Satisfied
19058,15,NA
19059,12,Mod. Satisfied
19060,12,Mod. Satisfied
19061,11,Mod. Satisfied
19062,12,Mod. Satisfied
19063,11,A Little Dissat
19064,16,Mod. Satisfied
19065,15,Very Satisfied
19066,13,Very Satisfied
19067,12,Mod. Satisfied
19068,16,Mod. Satisfied
19069,13,Very Dissatisfied
19070,12,NA
19071,16,Very Satisfied
19072,16,Very Satisfied
19073,14,Mod. Satisfied
19074,16,Very Satisfied
19075,11,Very Satisfied
19076,12,Very Satisfied
19077,12,NA
19078,16,Mod. Satisfied
19079,13,Mod. Satisfied
19080,11,Very Satisfied
19081,14,Very Satisfied
19082,12,Very Satisfied
19083,12,Very Satisfied
19084,16,Mod. Satisfied
19085,12,Mod. Satisfied
19086,12,Very Satisfied
19087,10,Very Satisfied
19088,12,NA
19089,8,NA
19090,13,Mod. Satisfied
19091,12,Very Satisfied
19092,12,Very Satisfied
19093,12,Very Satisfied
19094,12,Mod. Satisfied
19095,10,NA
19096,12,Very Dissatisfied
19097,12,Mod. Satisfied
19098,11,Mod. Satisfied
19099,11,Very Satisfied
19100,10,Mod. Satisfied
19101,6,NA
19102,16,NA
19103,12,Mod. Satisfied
19104,12,Very Satisfied
19105,16,Mod. Satisfied
19106,12,NA
19107,12,Mod. Satisfied
19108,16,Mod. Satisfied
19109,12,NA
19110,12,Very Satisfied
19111,12,Mod. Satisfied
19112,14,Mod. Satisfied
19113,19,Very Satisfied
19114,6,Mod. Satisfied
19115,12,Very Satisfied
19116,8,Very Satisfied
19117,11,Very Satisfied
19118,14,Very Satisfied
19119,16,Mod. Satisfied
19120,14,Mod. Satisfied
19121,11,Mod. Satisfied
19122,16,Very Satisfied
19123,11,Very Satisfied
19124,12,Very Satisfied
19125,14,Mod. Satisfied
19126,16,Very Satisfied
19127,16,Mod. Satisfied
19128,14,Mod. Satisfied
19129,12,Mod. Satisfied
19130,12,Very Satisfied
19131,7,NA
19132,12,Mod. Satisfied
19133,12,Mod. Satisfied
19134,11,Mod. Satisfied
19135,14,Very Satisfied
19136,12,Very Dissatisfied
19137,16,Very Satisfied
19138,17,Mod. Satisfied
19139,16,Very Satisfied
19140,12,Mod. Satisfied
19141,12,Mod. Satisfied
19142,9,Mod. Satisfied
19143,12,NA
19144,12,Mod. Satisfied
19145,16,Mod. Satisfied
19146,12,Mod. Satisfied
19147,16,Mod. Satisfied
19148,18,Mod. Satisfied
19149,12,Very Satisfied
19150,16,Mod. Satisfied
19151,12,Very Satisfied
19152,12,A Little Dissat
19153,12,Very Satisfied
19154,12,NA
19155,12,Very Satisfied
19156,12,Very Satisfied
19157,11,Mod. Satisfied
19158,12,Very Satisfied
19159,12,Mod. Satisfied
19160,12,Mod. Satisfied
19161,10,Very Dissatisfied
19162,12,Mod. Satisfied
19163,11,Very Satisfied
19164,9,Very Satisfied
19165,10,Mod. Satisfied
19166,10,Very Satisfied
19167,11,Mod. Satisfied
19168,12,Very Satisfied
19169,11,Mod. Satisfied
19170,12,Mod. Satisfied
19171,18,Very Satisfied
19172,16,Very Satisfied
19173,14,Very Satisfied
19174,12,A Little Dissat
19175,15,A Little Dissat
19176,12,Very Satisfied
19177,11,Very Satisfied
19178,14,Mod. Satisfied
19179,17,Mod. Satisfied
19180,9,NA
19181,12,Very Satisfied
19182,12,Very Satisfied
19183,12,Mod. Satisfied
19184,14,Mod. Satisfied
19185,8,NA
19186,9,NA
19187,9,NA
19188,16,Mod. Satisfied
19189,12,Mod. Satisfied
19190,13,Mod. Satisfied
19191,12,NA
19192,13,Mod. Satisfied
19193,12,Very Satisfied
19194,12,A Little Dissat
19195,12,Mod. Satisfied
19196,12,Mod. Satisfied
19197,12,Mod. Satisfied
19198,11,Very Satisfied
19199,12,Very Satisfied
19200,12,Very Satisfied
19201,15,Very Satisfied
19202,12,NA
19203,12,A Little Dissat
19204,12,Very Satisfied
19205,12,Mod. Satisfied
19206,12,Very Satisfied
19207,12,Mod. Satisfied
19208,14,Mod. Satisfied
19209,11,A Little Dissat
19210,12,Mod. Satisfied
19211,12,Mod. Satisfied
19212,10,Very Satisfied
19213,11,Very Satisfied
19214,12,Very Satisfied
19215,12,Mod. Satisfied
19216,14,A Little Dissat
19217,12,A Little Dissat
19218,12,Very Satisfied
19219,11,Mod. Satisfied
19220,10,NA
19221,12,Very Satisfied
19222,14,Mod. Satisfied
19223,14,Mod. Satisfied
19224,12,Mod. Satisfied
19225,17,NA
19226,13,Mod. Satisfied
19227,11,Mod. Satisfied
19228,10,NA
19229,20,Very Satisfied
19230,13,Very Satisfied
19231,14,Mod. Satisfied
19232,19,NA
19233,12,NA
19234,16,NA
19235,10,NA
19236,16,Mod. Satisfied
19237,19,Very Satisfied
19238,12,Mod. Satisfied
19239,16,Mod. Satisfied
19240,8,Mod. Satisfied
19241,14,NA
19242,10,Very Satisfied
19243,12,A Little Dissat
19244,16,Very Satisfied
19245,12,Very Satisfied
19246,16,Very Satisfied
19247,18,Very Satisfied
19248,16,NA
19249,16,NA
19250,20,Very Satisfied
19251,11,NA
19252,16,Very Satisfied
19253,12,Very Satisfied
19254,12,Very Satisfied
19255,11,Very Dissatisfied
19256,9,Very Satisfied
19257,12,Mod. Satisfied
19258,12,NA
19259,16,Very Satisfied
19260,14,A Little Dissat
19261,14,Very Satisfied
19262,16,Mod. Satisfied
19263,20,NA
19264,12,NA
19265,12,Very Satisfied
19266,12,Mod. Satisfied
19267,12,Very Satisfied
19268,15,Mod. Satisfied
19269,7,Mod. Satisfied
19270,5,A Little Dissat
19271,8,NA
19272,16,Mod. Satisfied
19273,10,NA
19274,11,A Little Dissat
19275,5,NA
19276,8,NA
19277,0,NA
19278,9,NA
19279,8,NA
19280,15,Mod. Satisfied
19281,16,Very Satisfied
19282,14,NA
19283,12,Mod. Satisfied
19284,10,NA
19285,9,Mod. Satisfied
19286,16,Mod. Satisfied
19287,12,Mod. Satisfied
19288,12,NA
19289,12,NA
19290,13,Mod. Satisfied
19291,17,NA
19292,11,Very Satisfied
19293,10,NA
19294,12,Very Satisfied
19295,4,Very Satisfied
19296,10,Very Satisfied
19297,11,Mod. Satisfied
19298,12,Very Satisfied
19299,6,NA
19300,4,NA
19301,11,Very Satisfied
19302,11,Mod. Satisfied
19303,12,Very Satisfied
19304,4,Very Satisfied
19305,12,Very Satisfied
19306,12,Mod. Satisfied
19307,18,Very Satisfied
19308,13,Mod. Satisfied
19309,12,Mod. Satisfied
19310,9,NA
19311,15,Mod. Satisfied
19312,11,Very Dissatisfied
19313,12,A Little Dissat
19314,13,Very Satisfied
19315,12,Very Satisfied
19316,16,Very Satisfied
19317,6,NA
19318,12,Very Satisfied
19319,9,Mod. Satisfied
19320,12,NA
19321,16,NA
19322,12,Very Satisfied
19323,11,NA
19324,13,NA
19325,11,NA
19326,12,NA
19327,14,NA
19328,14,Mod. Satisfied
19329,12,Mod. Satisfied
19330,14,NA
19331,14,Very Satisfied
19332,16,Very Satisfied
19333,12,Mod. Satisfied
19334,9,NA
19335,10,Very Satisfied
19336,12,Mod. Satisfied
19337,12,Mod. Satisfied
19338,20,A Little Dissat
19339,12,Mod. Satisfied
19340,12,Very Satisfied
19341,12,A Little Dissat
19342,15,Very Satisfied
19343,8,Mod. Satisfied
19344,12,Very Satisfied
19345,12,Very Satisfied
19346,11,Very Satisfied
19347,16,NA
19348,8,NA
19349,5,NA
19350,8,NA
19351,11,NA
19352,10,Very Satisfied
19353,17,Mod. Satisfied
19354,12,NA
19355,13,Mod. Satisfied
19356,13,Very Satisfied
19357,13,Mod. Satisfied
19358,11,NA
19359,11,NA
19360,11,NA
19361,8,NA
19362,12,NA
19363,10,Very Satisfied
19364,12,NA
19365,12,Very Satisfied
19366,12,Mod. Satisfied
19367,12,Mod. Satisfied
19368,12,Mod. Satisfied
19369,12,Very Satisfied
19370,11,NA
19371,16,Mod. Satisfied
19372,14,NA
19373,9,Mod. Satisfied
19374,12,Mod. Satisfied
19375,9,Mod. Satisfied
19376,15,Very Satisfied
19377,12,NA
19378,15,Mod. Satisfied
19379,18,Very Satisfied
19380,11,Very Dissatisfied
19381,8,Mod. Satisfied
19382,10,Mod. Satisfied
19383,16,Mod. Satisfied
19384,12,Mod. Satisfied
19385,5,Very Satisfied
19386,12,Very Satisfied
19387,19,Very Satisfied
19388,12,Mod. Satisfied
19389,12,Very Satisfied
19390,8,NA
19391,12,Very Satisfied
19392,12,Very Satisfied
19393,8,Very Satisfied
19394,12,Mod. Satisfied
19395,11,Very Satisfied
19396,16,NA
19397,12,Very Satisfied
19398,12,Mod. Satisfied
19399,11,Very Satisfied
19400,12,A Little Dissat
19401,12,NA
19402,12,Very Satisfied
19403,6,Very Satisfied
19404,10,Very Satisfied
19405,5,NA
19406,14,Very Satisfied
19407,10,Mod. Satisfied
19408,8,Very Satisfied
19409,8,A Little Dissat
19410,14,Mod. Satisfied
19411,9,Mod. Satisfied
19412,10,Very Satisfied
19413,15,Very Satisfied
19414,15,Very Satisfied
19415,9,A Little Dissat
19416,15,Mod. Satisfied
19417,11,A Little Dissat
19418,12,Very Satisfied
19419,10,Mod. Satisfied
19420,12,A Little Dissat
19421,12,Very Satisfied
19422,13,Very Satisfied
19423,14,Very Satisfied
19424,12,A Little Dissat
19425,15,Very Satisfied
19426,12,Very Satisfied
19427,11,Mod. Satisfied
19428,12,Mod. Satisfied
19429,10,NA
19430,12,Very Satisfied
19431,12,NA
19432,12,Very Satisfied
19433,9,NA
19434,12,Mod. Satisfied
19435,12,Very Satisfied
19436,12,Mod. Satisfied
19437,14,Very Satisfied
19438,12,NA
19439,10,NA
19440,11,Mod. Satisfied
19441,14,Very Satisfied
19442,13,NA
19443,16,NA
19444,12,Very Satisfied
19445,20,Mod. Satisfied
19446,12,Very Satisfied
19447,12,NA
19448,19,Very Satisfied
19449,16,Mod. Satisfied
19450,14,Very Satisfied
19451,12,Very Satisfied
19452,12,Very Dissatisfied
19453,13,Very Satisfied
19454,12,Mod. Satisfied
19455,16,Mod. Satisfied
19456,15,Mod. Satisfied
19457,14,NA
19458,12,NA
19459,8,Very Satisfied
19460,14,Very Satisfied
19461,13,Very Satisfied
19462,12,Mod. Satisfied
19463,3,NA
19464,16,Very Satisfied
19465,12,Very Satisfied
19466,14,A Little Dissat
19467,7,NA
19468,12,Mod. Satisfied
19469,11,NA
19470,10,Very Satisfied
19471,12,Mod. Satisfied
19472,14,Very Satisfied
19473,18,NA
19474,14,Very Satisfied
19475,16,Very Satisfied
19476,13,NA
19477,15,Mod. Satisfied
19478,16,Very Satisfied
19479,13,Very Satisfied
19480,16,Very Satisfied
19481,14,Mod. Satisfied
19482,16,Very Satisfied
19483,16,Mod. Satisfied
19484,12,Very Satisfied
19485,10,NA
19486,11,Very Satisfied
19487,7,NA
19488,10,Very Satisfied
19489,16,Very Satisfied
19490,16,Very Satisfied
19491,14,Mod. Satisfied
19492,12,Very Satisfied
19493,14,Mod. Satisfied
19494,12,Mod. Satisfied
19495,19,Very Satisfied
19496,18,Mod. Satisfied
19497,13,Mod. Satisfied
19498,10,Very Satisfied
19499,10,Mod. Satisfied
19500,9,Very Satisfied
19501,9,Mod. Satisfied
19502,11,Very Satisfied
19503,11,Very Satisfied
19504,12,Very Satisfied
19505,12,Very Satisfied
19506,13,Very Satisfied
19507,12,NA
19508,12,Mod. Satisfied
19509,13,NA
19510,12,A Little Dissat
19511,11,Very Satisfied
19512,13,Mod. Satisfied
19513,11,Mod. Satisfied
19514,12,Very Satisfied
19515,12,Very Satisfied
19516,10,Very Satisfied
19517,12,Very Satisfied
19518,12,A Little Dissat
19519,12,Mod. Satisfied
19520,13,NA
19521,12,Very Satisfied
19522,12,Very Satisfied
19523,13,Mod. Satisfied
19524,12,Very Satisfied
19525,20,A Little Dissat
19526,11,NA
19527,19,A Little Dissat
19528,16,NA
19529,20,Very Satisfied
19530,13,Mod. Satisfied
19531,20,A Little Dissat
19532,17,Very Satisfied
19533,19,Very Satisfied
19534,14,Very Satisfied
19535,18,Mod. Satisfied
19536,13,Very Satisfied
19537,11,Mod. Satisfied
19538,16,Very Satisfied
19539,16,Mod. Satisfied
19540,17,Mod. Satisfied
19541,14,Mod. Satisfied
19542,12,Mod. Satisfied
19543,12,Very Satisfied
19544,12,NA
19545,13,Very Satisfied
19546,13,Mod. Satisfied
19547,16,Very Satisfied
19548,12,Mod. Satisfied
19549,3,NA
19550,13,Mod. Satisfied
19551,14,Mod. Satisfied
19552,8,NA
19553,15,Very Satisfied
19554,14,A Little Dissat
19555,17,Very Satisfied
19556,16,Very Satisfied
19557,17,Very Satisfied
19558,17,Mod. Satisfied
19559,12,Very Satisfied
19560,12,Mod. Satisfied
19561,12,Mod. Satisfied
19562,13,Mod. Satisfied
19563,16,Very Satisfied
19564,20,Very Satisfied
19565,15,Very Satisfied
19566,14,Very Satisfied
19567,17,Mod. Satisfied
19568,17,Very Satisfied
19569,12,Very Satisfied
19570,13,Very Satisfied
19571,12,Mod. Satisfied
19572,18,Very Satisfied
19573,20,Very Satisfied
19574,16,Mod. Satisfied
19575,12,Mod. Satisfied
19576,12,Very Satisfied
19577,16,A Little Dissat
19578,12,Very Satisfied
19579,16,NA
19580,15,Very Satisfied
19581,16,Very Satisfied
19582,8,NA
19583,12,Mod. Satisfied
19584,14,Mod. Satisfied
19585,10,Very Satisfied
19586,8,NA
19587,13,Very Satisfied
19588,17,Very Satisfied
19589,12,Very Satisfied
19590,16,A Little Dissat
19591,14,Very Satisfied
19592,13,Very Satisfied
19593,17,Very Satisfied
19594,17,Very Satisfied
19595,14,Very Satisfied
19596,13,Very Satisfied
19597,16,NA
19598,9,Mod. Satisfied
19599,13,NA
19600,17,NA
19601,12,Very Satisfied
19602,19,NA
19603,20,Very Satisfied
19604,17,Very Satisfied
19605,10,Very Satisfied
19606,10,Mod. Satisfied
19607,12,NA
19608,11,Very Satisfied
19609,12,Very Satisfied
19610,12,Mod. Satisfied
19611,18,Mod. Satisfied
19612,6,Mod. Satisfied
19613,12,Mod. Satisfied
19614,12,Very Satisfied
19615,12,Very Satisfied
19616,12,Very Satisfied
19617,12,NA
19618,11,Mod. Satisfied
19619,11,Very Satisfied
19620,14,A Little Dissat
19621,10,Very Satisfied
19622,16,Very Satisfied
19623,16,Very Satisfied
19624,16,Mod. Satisfied
19625,15,Very Satisfied
19626,20,NA
19627,14,A Little Dissat
19628,16,NA
19629,17,Mod. Satisfied
19630,15,NA
19631,16,NA
19632,11,A Little Dissat
19633,12,Mod. Satisfied
19634,12,Very Satisfied
19635,14,Mod. Satisfied
19636,12,Mod. Satisfied
19637,13,Mod. Satisfied
19638,15,Very Satisfied
19639,12,A Little Dissat
19640,8,Very Satisfied
19641,8,Very Satisfied
19642,12,Very Satisfied
19643,12,NA
19644,11,Mod. Satisfied
19645,16,Mod. Satisfied
19646,10,NA
19647,13,Mod. Satisfied
19648,17,Very Satisfied
19649,16,Very Satisfied
19650,13,Very Satisfied
19651,12,Very Satisfied
19652,10,Very Satisfied
19653,13,NA
19654,12,Mod. Satisfied
19655,15,Mod. Satisfied
19656,12,Very Satisfied
19657,20,Very Satisfied
19658,12,Very Satisfied
19659,14,Very Satisfied
19660,16,Very Satisfied
19661,12,Very Dissatisfied
19662,14,Mod. Satisfied
19663,16,Mod. Satisfied
19664,12,Mod. Satisfied
19665,9,NA
19666,15,Mod. Satisfied
19667,12,Mod. Satisfied
19668,14,A Little Dissat
19669,16,Very Satisfied
19670,14,Very Satisfied
19671,10,Very Satisfied
19672,16,Very Satisfied
19673,12,Very Dissatisfied
19674,9,Mod. Satisfied
19675,13,Very Satisfied
19676,11,A Little Dissat
19677,10,Very Satisfied
19678,11,NA
19679,12,A Little Dissat
19680,14,Very Satisfied
19681,12,Very Satisfied
19682,14,NA
19683,10,Mod. Satisfied
19684,12,Very Satisfied
19685,12,Very Satisfied
19686,8,Very Satisfied
19687,12,Mod. Satisfied
19688,8,Very Satisfied
19689,12,Mod. Satisfied
19690,12,Mod. Satisfied
19691,12,NA
19692,14,NA
19693,12,Very Satisfied
19694,8,NA
19695,13,A Little Dissat
19696,11,A Little Dissat
19697,12,Mod. Satisfied
19698,13,Mod. Satisfied
19699,16,Mod. Satisfied
19700,11,NA
19701,12,Mod. Satisfied
19702,12,Very Satisfied
19703,12,Very Satisfied
19704,16,Very Satisfied
19705,16,Very Satisfied
19706,20,Very Satisfied
19707,12,Very Satisfied
19708,12,NA
19709,12,Mod. Satisfied
19710,8,NA
19711,12,NA
19712,12,NA
19713,12,Very Satisfied
19714,16,Very Satisfied
19715,12,Mod. Satisfied
19716,14,NA
19717,10,NA
19718,12,Very Satisfied
19719,11,Very Dissatisfied
19720,9,Mod. Satisfied
19721,12,NA
19722,17,Mod. Satisfied
19723,13,NA
19724,7,Mod. Satisfied
19725,12,A Little Dissat
19726,12,Very Satisfied
19727,12,A Little Dissat
19728,8,Mod. Satisfied
19729,12,Mod. Satisfied
19730,8,Mod. Satisfied
19731,8,NA
19732,12,Mod. Satisfied
19733,16,Very Satisfied
19734,8,Very Satisfied
19735,12,Very Satisfied
19736,9,NA
19737,8,Mod. Satisfied
19738,8,Very Satisfied
19739,10,Mod. Satisfied
19740,12,Very Satisfied
19741,11,Very Satisfied
19742,12,Very Satisfied
19743,12,Very Satisfied
19744,12,Very Satisfied
19745,9,NA
19746,17,Very Satisfied
19747,10,NA
19748,12,NA
19749,14,Mod. Satisfied
19750,12,Mod. Satisfied
19751,9,Very Satisfied
19752,9,A Little Dissat
19753,15,Mod. Satisfied
19754,12,Very Satisfied
19755,13,A Little Dissat
19756,13,Very Satisfied
19757,14,Mod. Satisfied
19758,7,NA
19759,17,Mod. Satisfied
19760,14,Mod. Satisfied
19761,11,Very Satisfied
19762,12,Mod. Satisfied
19763,14,Very Satisfied
19764,12,Very Satisfied
19765,13,Very Satisfied
19766,12,NA
19767,11,NA
19768,10,A Little Dissat
19769,6,NA
19770,12,NA
19771,0,NA
19772,13,Very Satisfied
19773,14,A Little Dissat
19774,13,Mod. Satisfied
19775,18,Mod. Satisfied
19776,14,Very Satisfied
19777,18,Very Satisfied
19778,14,Very Satisfied
19779,11,NA
19780,8,NA
19781,9,Very Satisfied
19782,12,Very Satisfied
19783,11,Mod. Satisfied
19784,12,A Little Dissat
19785,14,A Little Dissat
19786,14,NA
19787,8,Mod. Satisfied
19788,12,Very Satisfied
19789,13,Very Satisfied
19790,19,Mod. Satisfied
19791,12,Mod. Satisfied
19792,13,Very Satisfied
19793,12,NA
19794,16,Very Satisfied
19795,12,Mod. Satisfied
19796,10,Mod. Satisfied
19797,12,Very Satisfied
19798,8,Very Satisfied
19799,8,Mod. Satisfied
19800,11,Very Satisfied
19801,19,Very Satisfied
19802,12,Very Satisfied
19803,8,Mod. Satisfied
19804,11,A Little Dissat
19805,16,Mod. Satisfied
19806,12,Very Satisfied
19807,15,NA
19808,12,NA
19809,16,Very Satisfied
19810,13,Mod. Satisfied
19811,12,Very Satisfied
19812,8,Very Satisfied
19813,12,Very Satisfied
19814,12,Mod. Satisfied
19815,12,Very Satisfied
19816,12,Very Satisfied
19817,14,Very Satisfied
19818,13,NA
19819,6,NA
19820,12,NA
19821,8,Very Satisfied
19822,16,Very Satisfied
19823,13,NA
19824,8,NA
19825,12,NA
19826,11,NA
19827,12,Mod. Satisfied
19828,12,Very Satisfied
19829,12,NA
19830,12,NA
19831,12,Mod. Satisfied
19832,12,NA
19833,16,Very Satisfied
19834,17,Very Satisfied
19835,15,Mod. Satisfied
19836,18,Mod. Satisfied
19837,14,Mod. Satisfied
19838,12,Mod. Satisfied
19839,6,A Little Dissat
19840,8,Very Satisfied
19841,13,Very Satisfied
19842,9,Mod. Satisfied
19843,14,Mod. Satisfied
19844,3,NA
19845,13,Mod. Satisfied
19846,6,Very Satisfied
19847,12,Mod. Satisfied
19848,5,NA
19849,2,NA
19850,12,Very Satisfied
19851,4,Very Satisfied
19852,12,Very Satisfied
19853,14,Very Satisfied
19854,16,Very Satisfied
19855,9,Mod. Satisfied
19856,12,Mod. Satisfied
19857,3,NA
19858,14,Very Satisfied
19859,9,A Little Dissat
19860,13,Very Satisfied
19861,8,NA
19862,11,Very Satisfied
19863,11,Very Satisfied
19864,6,NA
19865,5,NA
19866,12,Mod. Satisfied
19867,12,Mod. Satisfied
19868,11,NA
19869,6,Very Satisfied
19870,8,Mod. Satisfied
19871,16,Mod. Satisfied
19872,12,Mod. Satisfied
19873,11,Mod. Satisfied
19874,16,Very Satisfied
19875,11,Mod. Satisfied
19876,14,Very Satisfied
19877,13,Very Satisfied
19878,11,Very Satisfied
19879,0,Very Satisfied
19880,14,Very Dissatisfied
19881,12,NA
19882,7,Very Dissatisfied
19883,11,NA
19884,11,Mod. Satisfied
19885,13,Very Satisfied
19886,12,Very Satisfied
19887,12,Mod. Satisfied
19888,14,Very Satisfied
19889,10,NA
19890,10,Very Satisfied
19891,10,NA
19892,8,NA
19893,12,A Little Dissat
19894,12,NA
19895,10,NA
19896,11,NA
19897,19,Very Satisfied
19898,8,NA
19899,12,Very Satisfied
19900,12,Mod. Satisfied
19901,12,NA
19902,12,NA
19903,18,Very Satisfied
19904,12,NA
19905,10,Very Satisfied
19906,15,NA
19907,12,A Little Dissat
19908,12,Very Satisfied
19909,16,Very Satisfied
19910,12,Very Satisfied
19911,11,Mod. Satisfied
19912,13,Mod. Satisfied
19913,12,Mod. Satisfied
19914,11,NA
19915,8,Very Satisfied
19916,5,NA
19917,10,NA
19918,9,Mod. Satisfied
19919,12,Very Satisfied
19920,12,Very Satisfied
19921,16,Mod. Satisfied
19922,12,Mod. Satisfied
19923,6,Mod. Satisfied
19924,12,Mod. Satisfied
19925,10,Mod. Satisfied
19926,9,NA
19927,14,Very Satisfied
19928,8,Very Satisfied
19929,0,NA
19930,8,Very Satisfied
19931,12,Very Satisfied
19932,12,Very Satisfied
19933,12,Very Satisfied
19934,12,Mod. Satisfied
19935,10,A Little Dissat
19936,14,Mod. Satisfied
19937,12,Mod. Satisfied
19938,11,Very Satisfied
19939,3,Very Satisfied
19940,12,Mod. Satisfied
19941,6,Very Satisfied
19942,12,Mod. Satisfied
19943,9,Very Satisfied
19944,10,Very Dissatisfied
19945,8,Mod. Satisfied
19946,8,Very Satisfied
19947,16,Very Satisfied
19948,8,Very Satisfied
19949,7,NA
19950,8,Mod. Satisfied
19951,16,Mod. Satisfied
19952,12,Mod. Satisfied
19953,12,Mod. Satisfied
19954,9,NA
19955,8,Very Satisfied
19956,10,NA
19957,12,Mod. Satisfied
19958,13,Very Dissatisfied
19959,8,NA
19960,14,Very Satisfied
19961,10,Very Satisfied
19962,8,Mod. Satisfied
19963,9,Mod. Satisfied
19964,9,Very Satisfied
19965,8,NA
19966,15,NA
19967,17,A Little Dissat
19968,16,Mod. Satisfied
19969,10,Very Satisfied
19970,7,NA
19971,13,Mod. Satisfied
19972,11,A Little Dissat
19973,12,Mod. Satisfied
19974,13,NA
19975,18,NA
19976,15,NA
19977,16,NA
19978,5,NA
19979,16,Mod. Satisfied
19980,10,Very Satisfied
19981,11,Mod. Satisfied
19982,13,Very Satisfied
19983,11,Very Satisfied
19984,12,Very Satisfied
19985,12,Very Satisfied
19986,12,Very Satisfied
19987,5,A Little Dissat
19988,20,A Little Dissat
19989,9,Mod. Satisfied
19990,12,Very Satisfied
19991,7,Very Satisfied
19992,0,Mod. Satisfied
19993,6,Very Satisfied
19994,3,NA
19995,9,Very Satisfied
19996,7,Very Satisfied
19997,10,Very Satisfied
19998,12,Very Satisfied
19999,12,Mod. Satisfied
20000,12,Very Satisfied
20001,3,A Little Dissat
20002,10,Very Satisfied
20003,12,Very Satisfied
20004,14,Mod. Satisfied
20005,12,Very Satisfied
20006,12,NA
20007,12,NA
20008,10,NA
20009,14,Very Satisfied
20010,18,Very Dissatisfied
20011,18,Mod. Satisfied
20012,12,NA
20013,11,NA
20014,13,Very Satisfied
20015,12,Mod. Satisfied
20016,9,NA
20017,14,Very Satisfied
20018,16,NA
20019,11,Mod. Satisfied
20020,13,Very Satisfied
20021,12,Very Satisfied
20022,10,A Little Dissat
20023,12,Very Satisfied
20024,13,Very Satisfied
20025,8,Mod. Satisfied
20026,11,Very Satisfied
20027,10,NA
20028,5,A Little Dissat
20029,13,Mod. Satisfied
20030,12,Mod. Satisfied
20031,12,NA
20032,7,Very Satisfied
20033,14,Very Satisfied
20034,11,NA
20035,10,NA
20036,10,NA
20037,7,Mod. Satisfied
20038,15,Mod. Satisfied
20039,8,NA
20040,10,Very Satisfied
20041,12,Very Satisfied
20042,9,Mod. Satisfied
20043,13,Mod. Satisfied
20044,12,Very Satisfied
20045,10,NA
20046,14,Very Satisfied
20047,17,Mod. Satisfied
20048,13,Very Satisfied
20049,14,A Little Dissat
20050,12,NA
20051,18,NA
20052,8,Very Satisfied
20053,12,NA
20054,11,Very Satisfied
20055,16,Very Satisfied
20056,12,Very Satisfied
20057,16,Very Dissatisfied
20058,17,NA
20059,12,Very Satisfied
20060,18,Mod. Satisfied
20061,16,Mod. Satisfied
20062,20,Very Satisfied
20063,13,Very Dissatisfied
20064,18,A Little Dissat
20065,12,NA
20066,4,NA
20067,12,Mod. Satisfied
20068,12,Mod. Satisfied
20069,14,Mod. Satisfied
20070,8,Very Satisfied
20071,15,Mod. Satisfied
20072,10,Mod. Satisfied
20073,12,Very Satisfied
20074,9,Mod. Satisfied
20075,7,Mod. Satisfied
20076,15,Very Satisfied
20077,13,NA
20078,14,A Little Dissat
20079,15,Mod. Satisfied
20080,14,Mod. Satisfied
20081,13,NA
20082,9,NA
20083,6,Very Dissatisfied
20084,12,Mod. Satisfied
20085,11,Very Satisfied
20086,17,Mod. Satisfied
20087,13,Mod. Satisfied
20088,12,Mod. Satisfied
20089,15,A Little Dissat
20090,10,NA
20091,16,Very Satisfied
20092,12,Mod. Satisfied
20093,17,NA
20094,11,Very Dissatisfied
20095,12,Very Satisfied
20096,16,Very Satisfied
20097,12,Very Satisfied
20098,14,Mod. Satisfied
20099,12,Mod. Satisfied
20100,12,A Little Dissat
20101,17,Mod. Satisfied
20102,17,Very Satisfied
20103,12,Very Satisfied
20104,11,NA
20105,12,Very Satisfied
20106,17,A Little Dissat
20107,14,Very Satisfied
20108,18,Mod. Satisfied
20109,13,Mod. Satisfied
20110,12,Mod. Satisfied
20111,14,Very Dissatisfied
20112,16,NA
20113,20,Mod. Satisfied
20114,14,Very Satisfied
20115,12,Very Satisfied
20116,14,Very Satisfied
20117,15,Very Satisfied
20118,16,Very Satisfied
20119,14,A Little Dissat
20120,16,Mod. Satisfied
20121,13,A Little Dissat
20122,12,Very Satisfied
20123,13,A Little Dissat
20124,16,A Little Dissat
20125,14,Very Satisfied
20126,12,A Little Dissat
20127,10,Very Satisfied
20128,9,A Little Dissat
20129,12,Mod. Satisfied
20130,12,Mod. Satisfied
20131,12,Mod. Satisfied
20132,12,Mod. Satisfied
20133,12,A Little Dissat
20134,12,Mod. Satisfied
20135,12,Very Satisfied
20136,16,Very Satisfied
20137,18,Mod. Satisfied
20138,13,Very Satisfied
20139,16,Mod. Satisfied
20140,13,Mod. Satisfied
20141,10,NA
20142,13,Mod. Satisfied
20143,12,NA
20144,12,Very Satisfied
20145,12,Mod. Satisfied
20146,11,A Little Dissat
20147,12,Mod. Satisfied
20148,20,Very Satisfied
20149,14,Very Satisfied
20150,12,Very Satisfied
20151,8,NA
20152,12,Mod. Satisfied
20153,9,Mod. Satisfied
20154,12,A Little Dissat
20155,10,Mod. Satisfied
20156,8,Very Satisfied
20157,12,Very Satisfied
20158,8,NA
20159,11,NA
20160,12,NA
20161,14,NA
20162,8,Very Dissatisfied
20163,8,Very Satisfied
20164,12,Very Satisfied
20165,12,Mod. Satisfied
20166,12,A Little Dissat
20167,15,Very Satisfied
20168,12,NA
20169,20,Mod. Satisfied
20170,14,Very Satisfied
20171,12,Mod. Satisfied
20172,12,Very Satisfied
20173,17,Very Satisfied
20174,16,Very Satisfied
20175,14,Very Satisfied
20176,9,Very Satisfied
20177,12,Very Satisfied
20178,12,Very Satisfied
20179,12,Mod. Satisfied
20180,2,Mod. Satisfied
20181,12,A Little Dissat
20182,3,NA
20183,11,Very Satisfied
20184,8,Very Satisfied
20185,10,NA
20186,8,NA
20187,12,Mod. Satisfied
20188,12,Very Satisfied
20189,12,NA
20190,12,Mod. Satisfied
20191,8,NA
20192,10,Mod. Satisfied
20193,14,Mod. Satisfied
20194,16,Very Satisfied
20195,14,NA
20196,11,Mod. Satisfied
20197,12,Mod. Satisfied
20198,11,A Little Dissat
20199,12,Very Satisfied
20200,16,Very Dissatisfied
20201,10,Mod. Satisfied
20202,12,Very Satisfied
20203,12,Very Satisfied
20204,11,Very Satisfied
20205,14,Very Satisfied
20206,12,Very Satisfied
20207,14,Mod. Satisfied
20208,14,A Little Dissat
20209,16,A Little Dissat
20210,9,Mod. Satisfied
20211,10,NA
20212,11,Very Satisfied
20213,12,Mod. Satisfied
20214,16,Mod. Satisfied
20215,12,NA
20216,14,Mod. Satisfied
20217,14,Very Satisfied
20218,14,Mod. Satisfied
20219,15,Very Satisfied
20220,12,Very Satisfied
20221,8,NA
20222,12,A Little Dissat
20223,12,A Little Dissat
20224,11,Mod. Satisfied
20225,13,Very Satisfied
20226,14,Very Satisfied
20227,18,Mod. Satisfied
20228,10,NA
20229,8,A Little Dissat
20230,13,A Little Dissat
20231,16,Very Satisfied
20232,18,Mod. Satisfied
20233,16,Very Satisfied
20234,11,Mod. Satisfied
20235,14,Mod. Satisfied
20236,9,Very Dissatisfied
20237,20,Mod. Satisfied
20238,12,Very Satisfied
20239,16,Mod. Satisfied
20240,16,Mod. Satisfied
20241,12,Mod. Satisfied
20242,17,Mod. Satisfied
20243,8,Very Satisfied
20244,12,A Little Dissat
20245,13,Very Dissatisfied
20246,12,Very Satisfied
20247,13,A Little Dissat
20248,13,Mod. Satisfied
20249,20,Very Satisfied
20250,13,Very Satisfied
20251,17,Mod. Satisfied
20252,13,Very Satisfied
20253,16,NA
20254,12,Mod. Satisfied
20255,17,Very Satisfied
20256,18,Mod. Satisfied
20257,16,Mod. Satisfied
20258,12,Mod. Satisfied
20259,12,A Little Dissat
20260,16,Mod. Satisfied
20261,16,Very Satisfied
20262,16,Mod. Satisfied
20263,12,Very Satisfied
20264,15,A Little Dissat
20265,19,Very Satisfied
20266,19,Mod. Satisfied
20267,17,Very Satisfied
20268,16,Very Dissatisfied
20269,16,A Little Dissat
20270,5,Mod. Satisfied
20271,15,A Little Dissat
20272,15,Mod. Satisfied
20273,8,NA
20274,19,Very Satisfied
20275,12,NA
20276,18,Mod. Satisfied
20277,12,Mod. Satisfied
20278,12,A Little Dissat
20279,11,Very Satisfied
20280,16,Very Satisfied
20281,13,Very Satisfied
20282,16,NA
20283,16,Mod. Satisfied
20284,16,Very Satisfied
20285,10,Very Satisfied
20286,11,NA
20287,12,Mod. Satisfied
20288,8,NA
20289,12,Very Satisfied
20290,14,Very Satisfied
20291,16,Very Satisfied
20292,16,Very Satisfied
20293,13,Very Satisfied
20294,14,A Little Dissat
20295,12,Very Satisfied
20296,4,NA
20297,12,NA
20298,12,NA
20299,8,A Little Dissat
20300,14,Very Satisfied
20301,12,Very Satisfied
20302,18,NA
20303,14,Mod. Satisfied
20304,19,Very Satisfied
20305,17,NA
20306,12,Very Satisfied
20307,12,Very Satisfied
20308,17,A Little Dissat
20309,17,Very Satisfied
20310,17,Mod. Satisfied
20311,12,Mod. Satisfied
20312,16,Mod. Satisfied
20313,20,Mod. Satisfied
20314,NA,Mod. Satisfied
20315,13,Mod. Satisfied
20316,14,NA
20317,14,Mod. Satisfied
20318,13,Mod. Satisfied
20319,12,A Little Dissat
20320,13,A Little Dissat
20321,16,Mod. Satisfied
20322,20,Very Satisfied
20323,12,Very Satisfied
20324,14,Mod. Satisfied
20325,18,A Little Dissat
20326,12,NA
20327,16,Mod. Satisfied
20328,8,NA
20329,12,A Little Dissat
20330,12,Mod. Satisfied
20331,13,Mod. Satisfied
20332,8,NA
20333,16,Very Satisfied
20334,17,Very Satisfied
20335,14,A Little Dissat
20336,16,Very Satisfied
20337,16,Very Satisfied
20338,16,Very Satisfied
20339,14,Mod. Satisfied
20340,11,Mod. Satisfied
20341,8,Mod. Satisfied
20342,11,NA
20343,6,NA
20344,12,Mod. Satisfied
20345,12,NA
20346,15,Mod. Satisfied
20347,9,NA
20348,12,A Little Dissat
20349,16,NA
20350,12,Very Dissatisfied
20351,16,Very Satisfied
20352,16,A Little Dissat
20353,17,Very Satisfied
20354,17,NA
20355,19,Very Satisfied
20356,12,Very Satisfied
20357,13,Very Satisfied
20358,16,Mod. Satisfied
20359,12,A Little Dissat
20360,10,Very Dissatisfied
20361,11,NA
20362,16,A Little Dissat
20363,13,Very Satisfied
20364,14,Mod. Satisfied
20365,14,Very Satisfied
20366,12,NA
20367,11,A Little Dissat
20368,12,Mod. Satisfied
20369,10,Very Satisfied
20370,8,NA
20371,9,Mod. Satisfied
20372,9,A Little Dissat
20373,12,Mod. Satisfied
20374,12,Mod. Satisfied
20375,10,Very Satisfied
20376,12,Very Satisfied
20377,8,Very Satisfied
20378,17,Mod. Satisfied
20379,18,Mod. Satisfied
20380,16,NA
20381,16,Very Satisfied
20382,14,Very Satisfied
20383,12,A Little Dissat
20384,18,Mod. Satisfied
20385,6,A Little Dissat
20386,12,Very Dissatisfied
20387,13,NA
20388,12,Very Satisfied
20389,12,Very Satisfied
20390,12,Mod. Satisfied
20391,14,A Little Dissat
20392,18,Very Satisfied
20393,16,Very Satisfied
20394,19,Mod. Satisfied
20395,20,Mod. Satisfied
20396,16,Very Dissatisfied
20397,16,Mod. Satisfied
20398,15,NA
20399,15,Mod. Satisfied
20400,12,Very Satisfied
20401,18,Very Satisfied
20402,17,Very Satisfied
20403,16,Very Satisfied
20404,18,Mod. Satisfied
20405,16,A Little Dissat
20406,18,A Little Dissat
20407,20,A Little Dissat
20408,14,A Little Dissat
20409,12,Very Satisfied
20410,12,Mod. Satisfied
20411,12,Very Satisfied
20412,1,Very Satisfied
20413,9,Mod. Satisfied
20414,13,Mod. Satisfied
20415,12,Very Satisfied
20416,13,Mod. Satisfied
20417,12,Very Satisfied
20418,9,Very Satisfied
20419,12,Mod. Satisfied
20420,15,Very Satisfied
20421,16,Very Dissatisfied
20422,19,Mod. Satisfied
20423,12,A Little Dissat
20424,12,Very Satisfied
20425,12,NA
20426,12,Very Satisfied
20427,12,Very Satisfied
20428,8,A Little Dissat
20429,12,NA
20430,12,Very Satisfied
20431,9,Mod. Satisfied
20432,11,Very Satisfied
20433,12,Very Dissatisfied
20434,13,Very Satisfied
20435,11,Mod. Satisfied
20436,14,Very Satisfied
20437,14,Very Satisfied
20438,12,Very Satisfied
20439,10,Very Satisfied
20440,8,Mod. Satisfied
20441,16,Mod. Satisfied
20442,13,Mod. Satisfied
20443,16,A Little Dissat
20444,14,Very Satisfied
20445,14,Mod. Satisfied
20446,14,A Little Dissat
20447,12,Mod. Satisfied
20448,16,Mod. Satisfied
20449,14,Very Satisfied
20450,7,Mod. Satisfied
20451,14,Very Satisfied
20452,9,Mod. Satisfied
20453,18,Very Satisfied
20454,12,Mod. Satisfied
20455,12,Mod. Satisfied
20456,10,Mod. Satisfied
20457,20,Mod. Satisfied
20458,14,Mod. Satisfied
20459,12,Very Satisfied
20460,9,NA
20461,19,Mod. Satisfied
20462,13,Very Satisfied
20463,12,NA
20464,12,NA
20465,4,Very Satisfied
20466,13,Very Satisfied
20467,16,Very Satisfied
20468,17,Mod. Satisfied
20469,16,Very Satisfied
20470,14,Mod. Satisfied
20471,16,Very Satisfied
20472,16,Very Satisfied
20473,14,Very Satisfied
20474,20,Very Satisfied
20475,16,Very Satisfied
20476,20,Very Satisfied
20477,13,NA
20478,20,Very Satisfied
20479,18,Very Satisfied
20480,16,Mod. Satisfied
20481,12,NA
20482,16,Very Satisfied
20483,12,Very Satisfied
20484,12,Mod. Satisfied
20485,16,Mod. Satisfied
20486,12,Mod. Satisfied
20487,12,Mod. Satisfied
20488,16,Very Satisfied
20489,14,Very Satisfied
20490,17,NA
20491,14,Very Satisfied
20492,12,Very Satisfied
20493,8,NA
20494,13,Mod. Satisfied
20495,13,NA
20496,17,A Little Dissat
20497,14,Very Satisfied
20498,20,Mod. Satisfied
20499,14,Mod. Satisfied
20500,16,Mod. Satisfied
20501,12,Very Satisfied
20502,12,Mod. Satisfied
20503,10,Very Satisfied
20504,13,Mod. Satisfied
20505,13,NA
20506,17,Very Satisfied
20507,12,Mod. Satisfied
20508,19,NA
20509,16,A Little Dissat
20510,11,Very Satisfied
20511,16,Mod. Satisfied
20512,12,Very Satisfied
20513,16,A Little Dissat
20514,14,Very Satisfied
20515,11,Mod. Satisfied
20516,14,Mod. Satisfied
20517,12,Very Dissatisfied
20518,12,Very Satisfied
20519,18,Mod. Satisfied
20520,12,Mod. Satisfied
20521,12,Very Satisfied
20522,12,Very Satisfied
20523,13,Very Satisfied
20524,12,Very Satisfied
20525,15,NA
20526,9,NA
20527,10,Very Satisfied
20528,12,Very Satisfied
20529,13,NA
20530,13,Mod. Satisfied
20531,12,Mod. Satisfied
20532,12,Very Satisfied
20533,12,Mod. Satisfied
20534,12,Mod. Satisfied
20535,14,Mod. Satisfied
20536,16,Very Satisfied
20537,11,NA
20538,18,Very Satisfied
20539,12,NA
20540,12,Very Satisfied
20541,15,Mod. Satisfied
20542,18,Very Satisfied
20543,15,Very Dissatisfied
20544,15,Very Satisfied
20545,14,Mod. Satisfied
20546,11,Mod. Satisfied
20547,12,Very Satisfied
20548,17,Mod. Satisfied
20549,12,Very Satisfied
20550,12,Mod. Satisfied
20551,13,Very Satisfied
20552,12,A Little Dissat
20553,14,Very Dissatisfied
20554,16,Mod. Satisfied
20555,14,NA
20556,16,Mod. Satisfied
20557,17,Very Satisfied
20558,15,Mod. Satisfied
20559,12,Very Satisfied
20560,12,NA
20561,13,Very Dissatisfied
20562,8,NA
20563,18,Very Satisfied
20564,12,NA
20565,8,NA
20566,11,Mod. Satisfied
20567,16,Very Satisfied
20568,14,Mod. Satisfied
20569,11,Very Satisfied
20570,16,Very Satisfied
20571,16,Mod. Satisfied
20572,14,NA
20573,14,Very Satisfied
20574,10,NA
20575,5,Very Satisfied
20576,12,NA
20577,13,Very Dissatisfied
20578,13,Very Satisfied
20579,14,Very Satisfied
20580,12,Very Satisfied
20581,16,Mod. Satisfied
20582,12,NA
20583,14,Mod. Satisfied
20584,19,NA
20585,8,Very Satisfied
20586,12,Mod. Satisfied
20587,12,Very Satisfied
20588,12,NA
20589,13,Mod. Satisfied
20590,15,NA
20591,13,Mod. Satisfied
20592,13,Very Satisfied
20593,13,Mod. Satisfied
20594,14,Very Satisfied
20595,8,NA
20596,8,Mod. Satisfied
20597,12,NA
20598,11,Mod. Satisfied
20599,11,Mod. Satisfied
20600,12,Mod. Satisfied
20601,12,Mod. Satisfied
20602,10,Very Satisfied
20603,12,Mod. Satisfied
20604,12,Mod. Satisfied
20605,12,Very Satisfied
20606,9,A Little Dissat
20607,14,Very Dissatisfied
20608,9,Mod. Satisfied
20609,12,Very Satisfied
20610,12,Mod. Satisfied
20611,12,NA
20612,13,Mod. Satisfied
20613,10,Very Satisfied
20614,16,Very Satisfied
20615,17,Very Satisfied
20616,16,Mod. Satisfied
20617,12,Very Satisfied
20618,13,NA
20619,12,Very Satisfied
20620,12,A Little Dissat
20621,12,Very Satisfied
20622,11,NA
20623,14,A Little Dissat
20624,12,Very Dissatisfied
20625,9,NA
20626,10,Mod. Satisfied
20627,15,NA
20628,12,Very Satisfied
20629,9,Very Satisfied
20630,12,NA
20631,12,Mod. Satisfied
20632,16,Mod. Satisfied
20633,17,Very Satisfied
20634,12,Mod. Satisfied
20635,12,Very Satisfied
20636,12,Very Satisfied
20637,17,Very Satisfied
20638,12,Mod. Satisfied
20639,13,Mod. Satisfied
20640,14,Very Satisfied
20641,8,Mod. Satisfied
20642,17,Very Satisfied
20643,10,Very Satisfied
20644,12,Very Satisfied
20645,12,Very Satisfied
20646,11,Mod. Satisfied
20647,13,Very Satisfied
20648,14,Very Dissatisfied
20649,12,Very Satisfied
20650,14,Mod. Satisfied
20651,12,A Little Dissat
20652,16,Mod. Satisfied
20653,14,Very Satisfied
20654,13,Mod. Satisfied
20655,12,Mod. Satisfied
20656,13,Very Satisfied
20657,8,A Little Dissat
20658,15,A Little Dissat
20659,12,Very Satisfied
20660,13,NA
20661,12,Very Satisfied
20662,12,Mod. Satisfied
20663,12,NA
20664,12,Mod. Satisfied
20665,12,Very Satisfied
20666,16,Mod. Satisfied
20667,10,Very Satisfied
20668,17,Mod. Satisfied
20669,12,Very Satisfied
20670,12,Mod. Satisfied
20671,12,A Little Dissat
20672,9,NA
20673,13,NA
20674,10,Mod. Satisfied
20675,12,NA
20676,11,A Little Dissat
20677,11,A Little Dissat
20678,12,Very Dissatisfied
20679,8,Very Satisfied
20680,12,NA
20681,8,Mod. Satisfied
20682,9,NA
20683,7,NA
20684,12,Mod. Satisfied
20685,7,NA
20686,12,Very Satisfied
20687,10,NA
20688,14,Mod. Satisfied
20689,12,Very Satisfied
20690,9,Very Satisfied
20691,12,Mod. Satisfied
20692,13,Very Satisfied
20693,0,NA
20694,9,NA
20695,13,Mod. Satisfied
20696,12,Very Dissatisfied
20697,15,Very Dissatisfied
20698,9,Mod. Satisfied
20699,12,Mod. Satisfied
20700,9,NA
20701,12,Mod. Satisfied
20702,11,A Little Dissat
20703,18,Mod. Satisfied
20704,7,Very Dissatisfied
20705,6,NA
20706,9,NA
20707,14,NA
20708,11,Very Satisfied
20709,12,Very Dissatisfied
20710,8,NA
20711,16,NA
20712,16,A Little Dissat
20713,13,Mod. Satisfied
20714,16,Mod. Satisfied
20715,16,Mod. Satisfied
20716,12,NA
20717,12,Very Satisfied
20718,12,Mod. Satisfied
20719,12,A Little Dissat
20720,14,Mod. Satisfied
20721,16,NA
20722,12,Very Satisfied
20723,12,Mod. Satisfied
20724,14,A Little Dissat
20725,15,NA
20726,9,A Little Dissat
20727,12,Mod. Satisfied
20728,13,Very Satisfied
20729,13,A Little Dissat
20730,9,Very Satisfied
20731,9,NA
20732,12,NA
20733,6,NA
20734,9,NA
20735,20,Very Satisfied
20736,20,Very Satisfied
20737,20,NA
20738,9,Mod. Satisfied
20739,14,Mod. Satisfied
20740,12,Very Satisfied
20741,13,Mod. Satisfied
20742,11,Very Satisfied
20743,11,A Little Dissat
20744,14,Mod. Satisfied
20745,12,A Little Dissat
20746,9,Very Dissatisfied
20747,12,A Little Dissat
20748,12,Very Satisfied
20749,12,Very Satisfied
20750,15,Mod. Satisfied
20751,14,Mod. Satisfied
20752,10,NA
20753,12,Very Dissatisfied
20754,18,Mod. Satisfied
20755,15,Very Satisfied
20756,11,Very Satisfied
20757,13,Mod. Satisfied
20758,12,Very Satisfied
20759,13,Very Satisfied
20760,0,NA
20761,12,NA
20762,18,Very Satisfied
20763,12,Very Satisfied
20764,NA,NA
20765,16,NA
20766,NA,NA
20767,9,Very Satisfied
20768,15,A Little Dissat
20769,16,NA
20770,12,A Little Dissat
20771,7,Mod. Satisfied
20772,NA,NA
20773,7,A Little Dissat
20774,8,Very Satisfied
20775,9,Mod. Satisfied
20776,3,NA
20777,14,Very Satisfied
20778,12,Very Satisfied
20779,16,Very Satisfied
20780,12,Very Satisfied
20781,12,NA
20782,14,Very Satisfied
20783,10,NA
20784,12,Very Satisfied
20785,12,Mod. Satisfied
20786,11,NA
20787,12,Mod. Satisfied
20788,15,Very Satisfied
20789,12,Mod. Satisfied
20790,16,NA
20791,12,NA
20792,9,NA
20793,11,NA
20794,6,Very Satisfied
20795,12,NA
20796,7,NA
20797,11,Mod. Satisfied
20798,13,Very Satisfied
20799,12,Very Satisfied
20800,12,Very Satisfied
20801,10,Mod. Satisfied
20802,15,Mod. Satisfied
20803,12,Mod. Satisfied
20804,12,NA
20805,14,Mod. Satisfied
20806,12,Very Dissatisfied
20807,12,Very Satisfied
20808,12,Very Satisfied
20809,12,Mod. Satisfied
20810,10,Very Satisfied
20811,9,Mod. Satisfied
20812,16,Very Satisfied
20813,13,Very Satisfied
20814,16,Very Satisfied
20815,16,Mod. Satisfied
20816,12,NA
20817,12,NA
20818,12,Mod. Satisfied
20819,10,A Little Dissat
20820,9,NA
20821,15,Mod. Satisfied
20822,12,Mod. Satisfied
20823,12,Mod. Satisfied
20824,12,Very Satisfied
20825,12,NA
20826,12,NA
20827,12,NA
20828,12,NA
20829,12,NA
20830,12,NA
20831,12,Mod. Satisfied
20832,6,A Little Dissat
20833,16,Very Satisfied
20834,10,Mod. Satisfied
20835,10,Very Satisfied
20836,8,Very Satisfied
20837,5,Mod. Satisfied
20838,5,Very Satisfied
20839,6,A Little Dissat
20840,12,Very Satisfied
20841,12,NA
20842,11,NA
20843,8,Very Satisfied
20844,16,Mod. Satisfied
20845,12,Very Satisfied
20846,20,Mod. Satisfied
20847,12,Very Satisfied
20848,16,NA
20849,10,Mod. Satisfied
20850,11,Very Satisfied
20851,5,Very Satisfied
20852,10,Very Satisfied
20853,18,Very Satisfied
20854,9,Mod. Satisfied
20855,12,NA
20856,11,Very Satisfied
20857,13,NA
20858,7,Very Satisfied
20859,12,Mod. Satisfied
20860,15,NA
20861,6,NA
20862,7,NA
20863,3,NA
20864,12,Very Satisfied
20865,12,A Little Dissat
20866,12,Mod. Satisfied
20867,11,Very Satisfied
20868,12,Mod. Satisfied
20869,12,Mod. Satisfied
20870,12,Mod. Satisfied
20871,12,NA
20872,8,Mod. Satisfied
20873,10,Mod. Satisfied
20874,12,Very Satisfied
20875,12,Very Satisfied
20876,12,Mod. Satisfied
20877,4,NA
20878,11,Mod. Satisfied
20879,14,Very Satisfied
20880,9,Very Satisfied
20881,8,Very Satisfied
20882,11,Very Satisfied
20883,12,Mod. Satisfied
20884,8,Very Satisfied
20885,12,Very Satisfied
20886,15,NA
20887,10,NA
20888,12,Mod. Satisfied
20889,14,Very Satisfied
20890,16,Very Satisfied
20891,14,Mod. Satisfied
20892,16,Very Satisfied
20893,16,Mod. Satisfied
20894,14,A Little Dissat
20895,14,Mod. Satisfied
20896,12,Very Satisfied
20897,3,NA
20898,10,Very Satisfied
20899,14,Very Satisfied
20900,10,NA
20901,7,Mod. Satisfied
20902,7,NA
20903,14,Very Satisfied
20904,12,Very Satisfied
20905,12,Mod. Satisfied
20906,12,Mod. Satisfied
20907,12,Mod. Satisfied
20908,10,Very Satisfied
20909,14,NA
20910,14,Very Satisfied
20911,9,Very Satisfied
20912,9,Mod. Satisfied
20913,18,Very Satisfied
20914,12,Mod. Satisfied
20915,15,NA
20916,18,Mod. Satisfied
20917,16,Very Satisfied
20918,12,Mod. Satisfied
20919,12,Very Satisfied
20920,18,A Little Dissat
20921,14,NA
20922,14,Very Dissatisfied
20923,14,Mod. Satisfied
20924,13,NA
20925,15,Very Satisfied
20926,20,Mod. Satisfied
20927,14,Very Satisfied
20928,13,NA
20929,16,NA
20930,12,NA
20931,12,Mod. Satisfied
20932,17,Mod. Satisfied
20933,12,Very Satisfied
20934,12,A Little Dissat
20935,8,NA
20936,16,Mod. Satisfied
20937,17,Very Dissatisfied
20938,16,NA
20939,14,NA
20940,16,Mod. Satisfied
20941,9,Very Satisfied
20942,14,A Little Dissat
20943,8,Mod. Satisfied
20944,15,Very Satisfied
20945,9,Mod. Satisfied
20946,5,Mod. Satisfied
20947,7,NA
20948,5,NA
20949,12,A Little Dissat
20950,16,Mod. Satisfied
20951,16,Very Satisfied
20952,12,Very Dissatisfied
20953,12,A Little Dissat
20954,18,Mod. Satisfied
20955,14,Very Satisfied
20956,17,Very Satisfied
20957,16,Mod. Satisfied
20958,17,Very Satisfied
20959,16,Very Satisfied
20960,19,NA
20961,13,Very Satisfied
20962,16,Mod. Satisfied
20963,12,A Little Dissat
20964,16,Mod. Satisfied
20965,18,Mod. Satisfied
20966,16,A Little Dissat
20967,15,Very Satisfied
20968,19,Very Dissatisfied
20969,12,NA
20970,13,Mod. Satisfied
20971,14,Very Satisfied
20972,13,Very Dissatisfied
20973,19,Mod. Satisfied
20974,16,Mod. Satisfied
20975,16,A Little Dissat
20976,14,Mod. Satisfied
20977,12,Mod. Satisfied
20978,12,NA
20979,10,Mod. Satisfied
20980,14,Very Satisfied
20981,12,Mod. Satisfied
20982,10,Mod. Satisfied
20983,12,Mod. Satisfied
20984,11,NA
20985,10,Mod. Satisfied
20986,17,Very Satisfied
20987,12,NA
20988,16,Very Dissatisfied
20989,16,Very Satisfied
20990,12,Very Satisfied
20991,14,Mod. Satisfied
20992,16,Mod. Satisfied
20993,12,Mod. Satisfied
20994,18,Very Satisfied
20995,16,Very Satisfied
20996,12,Mod. Satisfied
20997,20,Very Satisfied
20998,16,Very Satisfied
20999,16,Very Satisfied
21000,14,Mod. Satisfied
21001,12,Very Satisfied
21002,17,Mod. Satisfied
21003,15,Very Satisfied
21004,12,A Little Dissat
21005,14,Mod. Satisfied
21006,18,Very Satisfied
21007,16,Very Satisfied
21008,12,Mod. Satisfied
21009,15,Mod. Satisfied
21010,16,Mod. Satisfied
21011,16,Mod. Satisfied
21012,16,Very Satisfied
21013,16,Very Satisfied
21014,14,NA
21015,12,NA
21016,16,Very Satisfied
21017,16,NA
21018,14,NA
21019,12,Very Satisfied
21020,12,Mod. Satisfied
21021,8,NA
21022,10,A Little Dissat
21023,12,Very Satisfied
21024,8,Very Satisfied
21025,12,Very Satisfied
21026,17,Mod. Satisfied
21027,12,Very Satisfied
21028,12,Mod. Satisfied
21029,12,Mod. Satisfied
21030,14,Very Satisfied
21031,16,Very Satisfied
21032,15,Very Satisfied
21033,12,Mod. Satisfied
21034,12,Mod. Satisfied
21035,12,Mod. Satisfied
21036,14,Very Dissatisfied
21037,18,Very Satisfied
21038,9,NA
21039,4,NA
21040,14,NA
21041,12,Very Satisfied
21042,12,Very Satisfied
21043,12,A Little Dissat
21044,12,A Little Dissat
21045,14,Very Satisfied
21046,14,Mod. Satisfied
21047,12,Mod. Satisfied
21048,9,NA
21049,8,Mod. Satisfied
21050,13,Mod. Satisfied
21051,10,Very Satisfied
21052,12,Mod. Satisfied
21053,12,Very Satisfied
21054,13,Mod. Satisfied
21055,12,Mod. Satisfied
21056,15,Mod. Satisfied
21057,11,Mod. Satisfied
21058,16,Very Satisfied
21059,12,Very Satisfied
21060,18,Very Satisfied
21061,20,Very Satisfied
21062,8,NA
21063,18,Mod. Satisfied
21064,15,NA
21065,14,Mod. Satisfied
21066,12,A Little Dissat
21067,12,NA
21068,12,NA
21069,8,NA
21070,13,NA
21071,14,NA
21072,13,Very Satisfied
21073,12,A Little Dissat
21074,12,Mod. Satisfied
21075,11,NA
21076,15,Mod. Satisfied
21077,12,NA
21078,14,Very Satisfied
21079,12,Mod. Satisfied
21080,14,Mod. Satisfied
21081,15,Very Satisfied
21082,14,Very Satisfied
21083,14,Very Satisfied
21084,17,Very Satisfied
21085,17,Very Satisfied
21086,13,NA
21087,17,Mod. Satisfied
21088,14,Very Satisfied
21089,12,Very Satisfied
21090,16,Mod. Satisfied
21091,18,Very Satisfied
21092,18,Mod. Satisfied
21093,12,Very Satisfied
21094,19,Very Satisfied
21095,19,Mod. Satisfied
21096,9,Very Dissatisfied
21097,14,Very Dissatisfied
21098,14,Mod. Satisfied
21099,11,Mod. Satisfied
21100,17,Mod. Satisfied
21101,17,Mod. Satisfied
21102,12,Very Satisfied
21103,12,Mod. Satisfied
21104,13,Very Satisfied
21105,15,NA
21106,14,Very Satisfied
21107,15,NA
21108,12,Mod. Satisfied
21109,12,A Little Dissat
21110,12,NA
21111,12,NA
21112,16,NA
21113,12,Mod. Satisfied
21114,8,NA
21115,12,Mod. Satisfied
21116,16,Very Satisfied
21117,12,NA
21118,10,Very Satisfied
21119,12,A Little Dissat
21120,11,Mod. Satisfied
21121,16,A Little Dissat
21122,12,A Little Dissat
21123,10,NA
21124,6,NA
21125,8,Mod. Satisfied
21126,10,NA
21127,12,Mod. Satisfied
21128,12,Mod. Satisfied
21129,12,Very Satisfied
21130,12,A Little Dissat
21131,12,Very Satisfied
21132,12,Very Satisfied
21133,8,Very Satisfied
21134,9,NA
21135,10,Very Satisfied
21136,12,Very Satisfied
21137,6,Very Satisfied
21138,8,Very Satisfied
21139,16,Very Satisfied
21140,13,A Little Dissat
21141,12,Mod. Satisfied
21142,9,Very Satisfied
21143,11,A Little Dissat
21144,13,NA
21145,12,Very Satisfied
21146,14,NA
21147,12,Very Satisfied
21148,10,Very Satisfied
21149,12,Very Satisfied
21150,12,Mod. Satisfied
21151,10,Mod. Satisfied
21152,11,Very Satisfied
21153,8,NA
21154,16,Mod. Satisfied
21155,13,Very Satisfied
21156,9,NA
21157,16,A Little Dissat
21158,12,Very Satisfied
21159,8,NA
21160,7,NA
21161,8,NA
21162,14,Very Satisfied
21163,16,Mod. Satisfied
21164,12,A Little Dissat
21165,8,Very Satisfied
21166,15,NA
21167,12,Mod. Satisfied
21168,12,A Little Dissat
21169,8,Very Satisfied
21170,16,Very Satisfied
21171,13,NA
21172,7,NA
21173,12,A Little Dissat
21174,13,Very Satisfied
21175,13,NA
21176,10,NA
21177,12,NA
21178,15,Very Dissatisfied
21179,8,Mod. Satisfied
21180,8,NA
21181,18,NA
21182,12,Very Satisfied
21183,13,Mod. Satisfied
21184,16,Mod. Satisfied
21185,13,Very Satisfied
21186,11,NA
21187,9,Very Satisfied
21188,11,Mod. Satisfied
21189,14,Very Satisfied
21190,12,Mod. Satisfied
21191,13,Very Satisfied
21192,12,Very Satisfied
21193,9,Very Satisfied
21194,12,Very Satisfied
21195,12,Mod. Satisfied
21196,8,NA
21197,12,Very Satisfied
21198,7,NA
21199,13,Mod. Satisfied
21200,16,A Little Dissat
21201,13,Very Satisfied
21202,13,Mod. Satisfied
21203,12,A Little Dissat
21204,18,Very Satisfied
21205,14,Very Satisfied
21206,12,A Little Dissat
21207,17,Mod. Satisfied
21208,16,Mod. Satisfied
21209,18,Very Satisfied
21210,12,A Little Dissat
21211,12,A Little Dissat
21212,8,NA
21213,12,NA
21214,10,Very Satisfied
21215,13,Very Satisfied
21216,12,Very Satisfied
21217,11,NA
21218,8,NA
21219,8,NA
21220,12,Mod. Satisfied
21221,18,A Little Dissat
21222,12,Mod. Satisfied
21223,15,Very Satisfied
21224,13,Mod. Satisfied
21225,16,A Little Dissat
21226,13,Mod. Satisfied
21227,12,Very Satisfied
21228,13,Very Satisfied
21229,8,Very Satisfied
21230,12,A Little Dissat
21231,12,Mod. Satisfied
21232,20,Very Satisfied
21233,NA,NA
21234,12,Very Satisfied
21235,10,Very Satisfied
21236,12,Very Satisfied
21237,12,Very Satisfied
21238,8,Very Satisfied
21239,NA,Very Satisfied
21240,8,NA
21241,15,A Little Dissat
21242,12,A Little Dissat
21243,12,Mod. Satisfied
21244,11,Mod. Satisfied
21245,12,Very Satisfied
21246,12,Very Satisfied
21247,12,Very Satisfied
21248,8,NA
21249,12,Very Satisfied
21250,12,Very Satisfied
21251,9,NA
21252,12,Mod. Satisfied
21253,11,NA
21254,15,Very Satisfied
21255,14,Very Satisfied
21256,13,NA
21257,12,NA
21258,12,Very Satisfied
21259,18,Mod. Satisfied
21260,12,Mod. Satisfied
21261,12,Very Dissatisfied
21262,11,Very Satisfied
21263,8,NA
21264,14,Very Satisfied
21265,8,Very Satisfied
21266,12,Very Satisfied
21267,8,Very Satisfied
21268,16,Very Satisfied
21269,17,Mod. Satisfied
21270,12,Mod. Satisfied
21271,12,A Little Dissat
21272,8,Mod. Satisfied
21273,8,NA
21274,12,Mod. Satisfied
21275,9,Mod. Satisfied
21276,12,NA
21277,12,Mod. Satisfied
21278,12,Very Satisfied
21279,8,A Little Dissat
21280,9,A Little Dissat
21281,10,Very Satisfied
21282,14,Mod. Satisfied
21283,8,NA
21284,13,NA
21285,10,Very Satisfied
21286,15,Very Satisfied
21287,14,A Little Dissat
21288,11,Mod. Satisfied
21289,4,A Little Dissat
21290,12,Mod. Satisfied
21291,12,Very Satisfied
21292,12,NA
21293,12,NA
21294,12,Very Satisfied
21295,7,Very Dissatisfied
21296,12,NA
21297,6,NA
21298,7,NA
21299,14,NA
21300,11,Mod. Satisfied
21301,14,Very Satisfied
21302,6,Mod. Satisfied
21303,12,Very Satisfied
21304,12,Very Satisfied
21305,10,Very Satisfied
21306,16,Mod. Satisfied
21307,2,NA
21308,13,Very Satisfied
21309,6,NA
21310,12,Very Satisfied
21311,15,Very Dissatisfied
21312,12,Mod. Satisfied
21313,13,Mod. Satisfied
21314,12,A Little Dissat
21315,10,NA
21316,14,Very Satisfied
21317,12,NA
21318,15,Very Satisfied
21319,12,Very Dissatisfied
21320,9,NA
21321,14,A Little Dissat
21322,12,Mod. Satisfied
21323,12,Mod. Satisfied
21324,12,Mod. Satisfied
21325,12,Very Satisfied
21326,12,Mod. Satisfied
21327,10,Mod. Satisfied
21328,12,Very Satisfied
21329,5,NA
21330,14,Very Satisfied
21331,12,A Little Dissat
21332,8,Very Satisfied
21333,10,Very Satisfied
21334,12,NA
21335,11,Very Satisfied
21336,12,Very Satisfied
21337,12,Very Dissatisfied
21338,14,Very Satisfied
21339,12,NA
21340,12,NA
21341,12,Mod. Satisfied
21342,12,A Little Dissat
21343,14,Very Satisfied
21344,12,NA
21345,12,Very Satisfied
21346,12,Very Satisfied
21347,11,NA
21348,11,Mod. Satisfied
21349,10,Very Satisfied
21350,7,Mod. Satisfied
21351,11,NA
21352,13,Mod. Satisfied
21353,12,NA
21354,14,Very Satisfied
21355,16,Very Satisfied
21356,13,Mod. Satisfied
21357,8,Mod. Satisfied
21358,7,Very Satisfied
21359,12,Very Satisfied
21360,16,Very Satisfied
21361,12,NA
21362,12,Very Satisfied
21363,16,NA
21364,7,Very Satisfied
21365,12,A Little Dissat
21366,6,Very Dissatisfied
21367,12,A Little Dissat
21368,12,Very Satisfied
21369,14,Very Satisfied
21370,12,A Little Dissat
21371,6,NA
21372,12,NA
21373,9,NA
21374,12,Mod. Satisfied
21375,12,Mod. Satisfied
21376,13,NA
21377,12,Very Satisfied
21378,8,NA
21379,8,NA
21380,12,Mod. Satisfied
21381,12,Mod. Satisfied
21382,1,Very Satisfied
21383,8,NA
21384,12,A Little Dissat
21385,12,Mod. Satisfied
21386,12,Mod. Satisfied
21387,11,Mod. Satisfied
21388,8,Mod. Satisfied
21389,9,Mod. Satisfied
21390,12,A Little Dissat
21391,10,Very Satisfied
21392,16,Very Satisfied
21393,12,Very Satisfied
21394,12,Mod. Satisfied
21395,12,A Little Dissat
21396,14,Very Satisfied
21397,3,Very Satisfied
21398,11,Very Dissatisfied
21399,4,NA
21400,6,A Little Dissat
21401,8,Very Satisfied
21402,12,Very Satisfied
21403,18,Very Satisfied
21404,12,Very Satisfied
21405,12,Very Satisfied
21406,11,Very Satisfied
21407,13,NA
21408,8,NA
21409,12,Mod. Satisfied
21410,12,Very Satisfied
21411,13,NA
21412,18,A Little Dissat
21413,14,Very Satisfied
21414,12,Mod. Satisfied
21415,12,A Little Dissat
21416,8,NA
21417,6,Mod. Satisfied
21418,10,Mod. Satisfied
21419,9,Very Satisfied
21420,10,A Little Dissat
21421,13,A Little Dissat
21422,9,A Little Dissat
21423,12,Very Satisfied
21424,12,Mod. Satisfied
21425,9,Very Satisfied
21426,5,Very Satisfied
21427,17,Mod. Satisfied
21428,16,Very Satisfied
21429,12,NA
21430,14,Mod. Satisfied
21431,11,NA
21432,14,NA
21433,15,Mod. Satisfied
21434,15,NA
21435,14,Mod. Satisfied
21436,15,NA
21437,12,NA
21438,12,Very Dissatisfied
21439,7,A Little Dissat
21440,12,Mod. Satisfied
21441,11,NA
21442,13,Mod. Satisfied
21443,15,Very Dissatisfied
21444,6,Very Satisfied
21445,17,Very Satisfied
21446,14,Mod. Satisfied
21447,16,Mod. Satisfied
21448,16,Mod. Satisfied
21449,17,NA
21450,12,Mod. Satisfied
21451,10,NA
21452,12,Mod. Satisfied
21453,12,Very Satisfied
21454,12,NA
21455,9,Mod. Satisfied
21456,5,NA
21457,14,Very Satisfied
21458,9,Very Satisfied
21459,12,Mod. Satisfied
21460,3,Very Satisfied
21461,7,Mod. Satisfied
21462,3,NA
21463,6,NA
21464,9,Mod. Satisfied
21465,6,A Little Dissat
21466,7,Very Satisfied
21467,12,Very Dissatisfied
21468,17,NA
21469,6,Very Satisfied
21470,14,Very Dissatisfied
21471,14,Very Satisfied
21472,13,Mod. Satisfied
21473,20,Mod. Satisfied
21474,8,Very Satisfied
21475,6,NA
21476,16,Very Satisfied
21477,13,A Little Dissat
21478,20,Mod. Satisfied
21479,12,Very Satisfied
21480,12,Very Dissatisfied
21481,19,Mod. Satisfied
21482,7,NA
21483,16,Very Satisfied
21484,17,Mod. Satisfied
21485,12,NA
21486,8,NA
21487,17,NA
21488,9,NA
21489,13,Mod. Satisfied
21490,10,A Little Dissat
21491,12,Very Satisfied
21492,13,Mod. Satisfied
21493,7,Very Satisfied
21494,13,NA
21495,8,A Little Dissat
21496,10,Mod. Satisfied
21497,0,NA
21498,16,Mod. Satisfied
21499,12,Very Satisfied
21500,17,Very Satisfied
21501,12,A Little Dissat
21502,14,Very Dissatisfied
21503,14,Mod. Satisfied
21504,12,A Little Dissat
21505,12,Mod. Satisfied
21506,12,Very Satisfied
21507,14,Mod. Satisfied
21508,13,Very Satisfied
21509,12,Mod. Satisfied
21510,17,Very Satisfied
21511,11,NA
21512,12,A Little Dissat
21513,12,Very Satisfied
21514,12,A Little Dissat
21515,12,Mod. Satisfied
21516,14,Very Satisfied
21517,16,Very Satisfied
21518,8,Mod. Satisfied
21519,14,Very Satisfied
21520,12,A Little Dissat
21521,17,NA
21522,12,Very Satisfied
21523,12,Mod. Satisfied
21524,NA,Very Satisfied
21525,13,Very Satisfied
21526,11,Mod. Satisfied
21527,7,NA
21528,15,Mod. Satisfied
21529,10,Mod. Satisfied
21530,12,Very Satisfied
21531,11,Very Dissatisfied
21532,12,Very Satisfied
21533,12,NA
21534,10,NA
21535,5,NA
21536,3,NA
21537,12,Mod. Satisfied
21538,12,Very Dissatisfied
21539,16,Mod. Satisfied
21540,12,A Little Dissat
21541,12,Very Satisfied
21542,16,A Little Dissat
21543,8,Very Satisfied
21544,13,NA
21545,12,NA
21546,18,Mod. Satisfied
21547,14,Mod. Satisfied
21548,14,Mod. Satisfied
21549,13,Very Satisfied
21550,11,Mod. Satisfied
21551,12,Mod. Satisfied
21552,12,Mod. Satisfied
21553,16,Very Satisfied
21554,12,Very Dissatisfied
21555,13,Mod. Satisfied
21556,12,Mod. Satisfied
21557,13,Very Satisfied
21558,12,NA
21559,6,Very Satisfied
21560,12,Mod. Satisfied
21561,8,NA
21562,10,NA
21563,11,NA
21564,11,NA
21565,10,A Little Dissat
21566,12,Very Satisfied
21567,12,Mod. Satisfied
21568,12,Very Dissatisfied
21569,12,Very Satisfied
21570,12,Very Dissatisfied
21571,10,NA
21572,12,Very Satisfied
21573,11,Mod. Satisfied
21574,13,Mod. Satisfied
21575,3,NA
21576,13,Very Satisfied
21577,13,Very Satisfied
21578,12,Mod. Satisfied
21579,16,Very Satisfied
21580,12,NA
21581,16,Very Satisfied
21582,12,NA
21583,9,Mod. Satisfied
21584,16,NA
21585,5,NA
21586,14,Very Satisfied
21587,11,Very Satisfied
21588,13,Very Satisfied
21589,13,Very Satisfied
21590,14,NA
21591,8,NA
21592,14,NA
21593,16,A Little Dissat
21594,14,Mod. Satisfied
21595,13,Very Satisfied
21596,12,A Little Dissat
21597,16,Very Satisfied
21598,20,Mod. Satisfied
21599,12,Mod. Satisfied
21600,16,A Little Dissat
21601,6,Mod. Satisfied
21602,10,A Little Dissat
21603,14,Mod. Satisfied
21604,13,Mod. Satisfied
21605,12,Very Satisfied
21606,11,A Little Dissat
21607,9,Very Satisfied
21608,12,Very Dissatisfied
21609,12,Mod. Satisfied
21610,12,A Little Dissat
21611,12,Mod. Satisfied
21612,13,Very Satisfied
21613,11,Mod. Satisfied
21614,12,NA
21615,8,Mod. Satisfied
21616,12,Mod. Satisfied
21617,14,Very Satisfied
21618,12,A Little Dissat
21619,12,A Little Dissat
21620,13,NA
21621,NA,NA
21622,6,Mod. Satisfied
21623,12,Very Satisfied
21624,5,Mod. Satisfied
21625,12,Mod. Satisfied
21626,7,NA
21627,10,Mod. Satisfied
21628,12,NA
21629,12,Very Satisfied
21630,14,Very Satisfied
21631,12,A Little Dissat
21632,10,Very Satisfied
21633,14,Mod. Satisfied
21634,12,Mod. Satisfied
21635,11,Very Dissatisfied
21636,18,Very Satisfied
21637,17,Very Satisfied
21638,16,Mod. Satisfied
21639,12,Very Satisfied
21640,13,A Little Dissat
21641,16,Mod. Satisfied
21642,14,Very Satisfied
21643,10,Very Dissatisfied
21644,3,Very Satisfied
21645,12,Very Satisfied
21646,14,A Little Dissat
21647,12,Mod. Satisfied
21648,11,Mod. Satisfied
21649,12,Mod. Satisfied
21650,3,Mod. Satisfied
21651,9,Very Satisfied
21652,12,Very Satisfied
21653,14,Very Satisfied
21654,16,A Little Dissat
21655,16,Very Satisfied
21656,12,Mod. Satisfied
21657,12,Mod. Satisfied
21658,12,Mod. Satisfied
21659,10,Mod. Satisfied
21660,10,Very Satisfied
21661,10,Very Satisfied
21662,2,NA
21663,11,NA
21664,12,Very Satisfied
21665,10,Very Satisfied
21666,11,Mod. Satisfied
21667,12,A Little Dissat
21668,10,Mod. Satisfied
21669,13,Mod. Satisfied
21670,16,Very Satisfied
21671,17,Mod. Satisfied
21672,12,Very Satisfied
21673,13,A Little Dissat
21674,12,Mod. Satisfied
21675,14,Very Dissatisfied
21676,17,Mod. Satisfied
21677,12,Very Satisfied
21678,16,Very Satisfied
21679,9,Mod. Satisfied
21680,16,Very Satisfied
21681,14,Very Satisfied
21682,16,Very Satisfied
21683,16,A Little Dissat
21684,13,Mod. Satisfied
21685,15,NA
21686,12,Very Satisfied
21687,10,NA
21688,14,Mod. Satisfied
21689,9,Mod. Satisfied
21690,5,Very Satisfied
21691,12,NA
21692,13,Very Satisfied
21693,12,Very Satisfied
21694,16,Very Satisfied
21695,13,Very Satisfied
21696,12,NA
21697,13,Very Satisfied
21698,10,A Little Dissat
21699,10,Very Satisfied
21700,11,Mod. Satisfied
21701,12,Mod. Satisfied
21702,8,NA
21703,13,Mod. Satisfied
21704,13,Very Satisfied
21705,11,Very Satisfied
21706,14,Mod. Satisfied
21707,12,Very Dissatisfied
21708,16,Very Satisfied
21709,13,Mod. Satisfied
21710,12,Very Satisfied
21711,10,NA
21712,11,Mod. Satisfied
21713,14,Mod. Satisfied
21714,8,NA
21715,12,Very Satisfied
21716,5,NA
21717,0,NA
21718,12,Very Dissatisfied
21719,13,Mod. Satisfied
21720,12,Mod. Satisfied
21721,13,A Little Dissat
21722,9,Very Satisfied
21723,11,A Little Dissat
21724,12,NA
21725,15,NA
21726,14,Very Satisfied
21727,12,NA
21728,3,NA
21729,10,NA
21730,12,Very Dissatisfied
21731,12,Mod. Satisfied
21732,9,Mod. Satisfied
21733,12,NA
21734,14,Very Dissatisfied
21735,11,Very Dissatisfied
21736,12,Very Satisfied
21737,15,Very Satisfied
21738,12,Very Dissatisfied
21739,8,Very Satisfied
21740,10,NA
21741,10,NA
21742,17,Very Satisfied
21743,16,Mod. Satisfied
21744,14,Mod. Satisfied
21745,0,NA
21746,12,A Little Dissat
21747,10,Very Satisfied
21748,NA,NA
21749,10,Mod. Satisfied
21750,13,Very Satisfied
21751,11,Mod. Satisfied
21752,2,Mod. Satisfied
21753,12,Mod. Satisfied
21754,12,Very Satisfied
21755,13,NA
21756,5,NA
21757,14,Very Dissatisfied
21758,9,Very Satisfied
21759,16,Very Satisfied
21760,17,NA
21761,14,Very Satisfied
21762,10,A Little Dissat
21763,14,NA
21764,10,NA
21765,13,Mod. Satisfied
21766,12,Very Satisfied
21767,3,NA
21768,6,NA
21769,7,Mod. Satisfied
21770,3,NA
21771,8,Very Satisfied
21772,16,NA
21773,4,NA
21774,12,Very Satisfied
21775,16,Very Satisfied
21776,12,Very Satisfied
21777,12,Mod. Satisfied
21778,13,Very Satisfied
21779,12,Very Satisfied
21780,12,A Little Dissat
21781,10,A Little Dissat
21782,11,Mod. Satisfied
21783,12,A Little Dissat
21784,12,Mod. Satisfied
21785,12,Mod. Satisfied
21786,11,Very Dissatisfied
21787,12,Mod. Satisfied
21788,11,Mod. Satisfied
21789,13,Mod. Satisfied
21790,12,Very Satisfied
21791,11,Very Satisfied
21792,13,Mod. Satisfied
21793,3,Very Satisfied
21794,16,Mod. Satisfied
21795,12,NA
21796,10,Mod. Satisfied
21797,8,A Little Dissat
21798,12,A Little Dissat
21799,12,Mod. Satisfied
21800,14,A Little Dissat
21801,16,Very Satisfied
21802,17,Very Satisfied
21803,15,Mod. Satisfied
21804,16,Very Satisfied
21805,13,Mod. Satisfied
21806,15,NA
21807,15,A Little Dissat
21808,13,Mod. Satisfied
21809,14,NA
21810,14,Mod. Satisfied
21811,12,NA
21812,16,Mod. Satisfied
21813,14,Mod. Satisfied
21814,14,Very Satisfied
21815,4,NA
21816,0,NA
21817,20,NA
21818,17,Mod. Satisfied
21819,13,Very Satisfied
21820,12,Very Satisfied
21821,12,Very Satisfied
21822,13,Mod. Satisfied
21823,12,Mod. Satisfied
21824,18,Mod. Satisfied
21825,13,Very Dissatisfied
21826,15,NA
21827,9,NA
21828,8,A Little Dissat
21829,5,A Little Dissat
21830,0,NA
21831,6,A Little Dissat
21832,12,Mod. Satisfied
21833,0,NA
21834,8,Mod. Satisfied
21835,6,A Little Dissat
21836,9,Mod. Satisfied
21837,9,NA
21838,9,Mod. Satisfied
21839,12,Mod. Satisfied
21840,16,A Little Dissat
21841,12,Mod. Satisfied
21842,11,Very Satisfied
21843,5,NA
21844,3,Very Satisfied
21845,12,Very Satisfied
21846,12,Very Satisfied
21847,7,NA
21848,15,Mod. Satisfied
21849,17,NA
21850,12,Very Satisfied
21851,11,Mod. Satisfied
21852,12,Very Dissatisfied
21853,12,Mod. Satisfied
21854,14,Very Satisfied
21855,14,Mod. Satisfied
21856,12,Mod. Satisfied
21857,12,Mod. Satisfied
21858,0,NA
21859,14,Very Dissatisfied
21860,4,NA
21861,9,NA
21862,13,Very Satisfied
21863,12,Mod. Satisfied
21864,12,Very Dissatisfied
21865,8,Very Satisfied
21866,6,Very Satisfied
21867,7,NA
21868,7,Mod. Satisfied
21869,NA,NA
21870,12,Mod. Satisfied
21871,11,NA
21872,12,Very Dissatisfied
21873,12,NA
21874,11,Very Satisfied
21875,5,Very Satisfied
21876,16,NA
21877,16,Very Satisfied
21878,10,NA
21879,16,Mod. Satisfied
21880,17,NA
21881,17,Very Satisfied
21882,12,Very Satisfied
21883,13,Very Satisfied
21884,14,Mod. Satisfied
21885,6,Mod. Satisfied
21886,12,Mod. Satisfied
21887,10,Very Satisfied
21888,14,Mod. Satisfied
21889,6,Mod. Satisfied
21890,8,Mod. Satisfied
21891,3,NA
21892,16,Very Satisfied
21893,16,Mod. Satisfied
21894,12,A Little Dissat
21895,14,Mod. Satisfied
21896,12,Mod. Satisfied
21897,15,NA
21898,4,NA
21899,15,NA
21900,4,NA
21901,12,NA
21902,12,NA
21903,20,NA
21904,12,Mod. Satisfied
21905,16,Very Satisfied
21906,12,Mod. Satisfied
21907,14,Very Satisfied
21908,19,Mod. Satisfied
21909,14,Mod. Satisfied
21910,16,Mod. Satisfied
21911,12,Very Satisfied
21912,15,NA
21913,14,A Little Dissat
21914,9,Very Satisfied
21915,11,A Little Dissat
21916,12,A Little Dissat
21917,16,Mod. Satisfied
21918,0,Mod. Satisfied
21919,12,A Little Dissat
21920,5,Mod. Satisfied
21921,12,Mod. Satisfied
21922,16,Mod. Satisfied
21923,16,Mod. Satisfied
21924,14,NA
21925,12,Very Satisfied
21926,12,NA
21927,16,Mod. Satisfied
21928,6,Mod. Satisfied
21929,12,NA
21930,13,NA
21931,10,Mod. Satisfied
21932,16,A Little Dissat
21933,13,NA
21934,18,Mod. Satisfied
21935,14,NA
21936,20,Mod. Satisfied
21937,14,Mod. Satisfied
21938,14,Very Satisfied
21939,12,Mod. Satisfied
21940,18,Mod. Satisfied
21941,10,Mod. Satisfied
21942,16,A Little Dissat
21943,14,Very Satisfied
21944,14,Mod. Satisfied
21945,12,Mod. Satisfied
21946,12,NA
21947,16,Very Satisfied
21948,18,Very Satisfied
21949,16,NA
21950,15,Mod. Satisfied
21951,13,Mod. Satisfied
21952,11,Mod. Satisfied
21953,12,Mod. Satisfied
21954,12,NA
21955,12,NA
21956,15,Mod. Satisfied
21957,16,A Little Dissat
21958,15,Very Satisfied
21959,14,Very Satisfied
21960,5,Mod. Satisfied
21961,15,Very Satisfied
21962,12,Mod. Satisfied
21963,19,A Little Dissat
21964,12,Very Dissatisfied
21965,12,NA
21966,18,Mod. Satisfied
21967,8,NA
21968,15,Mod. Satisfied
21969,11,Very Satisfied
21970,16,A Little Dissat
21971,13,Mod. Satisfied
21972,13,A Little Dissat
21973,18,Very Satisfied
21974,16,Very Satisfied
21975,15,Mod. Satisfied
21976,14,Mod. Satisfied
21977,16,Very Satisfied
21978,17,Very Satisfied
21979,19,Mod. Satisfied
21980,12,NA
21981,16,Very Satisfied
21982,14,A Little Dissat
21983,16,Mod. Satisfied
21984,14,A Little Dissat
21985,12,Very Satisfied
21986,10,A Little Dissat
21987,12,NA
21988,9,A Little Dissat
21989,12,NA
21990,12,NA
21991,15,NA
21992,9,Very Satisfied
21993,10,A Little Dissat
21994,12,Mod. Satisfied
21995,12,Very Dissatisfied
21996,13,A Little Dissat
21997,10,Mod. Satisfied
21998,12,Mod. Satisfied
21999,12,Very Satisfied
22000,12,Mod. Satisfied
22001,12,NA
22002,18,Mod. Satisfied
22003,13,NA
22004,16,Very Satisfied
22005,14,NA
22006,13,NA
22007,16,NA
22008,19,Very Satisfied
22009,14,Very Satisfied
22010,19,Mod. Satisfied
22011,11,Mod. Satisfied
22012,12,NA
22013,12,Mod. Satisfied
22014,14,Mod. Satisfied
22015,12,Mod. Satisfied
22016,6,NA
22017,10,Mod. Satisfied
22018,12,Mod. Satisfied
22019,12,Mod. Satisfied
22020,12,Mod. Satisfied
22021,8,NA
22022,4,NA
22023,12,NA
22024,11,Very Satisfied
22025,NA,NA
22026,11,NA
22027,7,Very Satisfied
22028,11,Mod. Satisfied
22029,12,Very Satisfied
22030,12,Very Satisfied
22031,12,Mod. Satisfied
22032,11,NA
22033,12,Mod. Satisfied
22034,12,A Little Dissat
22035,15,A Little Dissat
22036,9,Very Satisfied
22037,15,Mod. Satisfied
22038,19,Mod. Satisfied
22039,13,Very Satisfied
22040,14,Very Satisfied
22041,12,Very Satisfied
22042,12,NA
22043,12,Mod. Satisfied
22044,12,Mod. Satisfied
22045,14,A Little Dissat
22046,12,Very Dissatisfied
22047,12,Mod. Satisfied
22048,16,Very Satisfied
22049,8,Very Satisfied
22050,12,Very Dissatisfied
22051,12,NA
22052,13,Very Satisfied
22053,16,Very Satisfied
22054,18,Very Satisfied
22055,16,Mod. Satisfied
22056,14,Mod. Satisfied
22057,12,A Little Dissat
22058,12,NA
22059,11,Mod. Satisfied
22060,16,A Little Dissat
22061,16,Very Satisfied
22062,19,Very Satisfied
22063,17,Mod. Satisfied
22064,13,Very Satisfied
22065,14,Mod. Satisfied
22066,13,Very Satisfied
22067,15,A Little Dissat
22068,13,Very Satisfied
22069,5,Very Satisfied
22070,13,Mod. Satisfied
22071,11,Very Dissatisfied
22072,14,Mod. Satisfied
22073,6,Mod. Satisfied
22074,17,Very Satisfied
22075,14,Very Satisfied
22076,2,NA
22077,16,NA
22078,3,Mod. Satisfied
22079,14,Very Satisfied
22080,12,A Little Dissat
22081,16,Very Satisfied
22082,18,Very Satisfied
22083,12,Mod. Satisfied
22084,14,Mod. Satisfied
22085,12,Mod. Satisfied
22086,12,Very Satisfied
22087,15,Mod. Satisfied
22088,14,A Little Dissat
22089,16,Mod. Satisfied
22090,18,Mod. Satisfied
22091,19,Mod. Satisfied
22092,16,Mod. Satisfied
22093,20,Very Satisfied
22094,16,A Little Dissat
22095,11,NA
22096,14,Very Satisfied
22097,14,Mod. Satisfied
22098,20,Very Dissatisfied
22099,16,Mod. Satisfied
22100,14,Very Satisfied
22101,14,Very Satisfied
22102,16,Very Satisfied
22103,13,Mod. Satisfied
22104,16,Very Satisfied
22105,16,Very Satisfied
22106,14,Very Satisfied
22107,12,Very Satisfied
22108,15,NA
22109,14,Very Satisfied
22110,12,Very Dissatisfied
22111,12,NA
22112,9,Very Satisfied
22113,10,Mod. Satisfied
22114,12,Mod. Satisfied
22115,12,Mod. Satisfied
22116,14,Very Satisfied
22117,11,Mod. Satisfied
22118,12,Mod. Satisfied
22119,16,Mod. Satisfied
22120,14,Mod. Satisfied
22121,13,Very Satisfied
22122,16,Very Satisfied
22123,18,Very Satisfied
22124,12,Very Satisfied
22125,9,NA
22126,12,NA
22127,4,Very Satisfied
22128,19,Very Satisfied
22129,16,Very Satisfied
22130,16,A Little Dissat
22131,14,Mod. Satisfied
22132,14,Mod. Satisfied
22133,16,Very Satisfied
22134,14,Very Satisfied
22135,12,Very Satisfied
22136,16,Very Satisfied
22137,16,A Little Dissat
22138,15,NA
22139,14,A Little Dissat
22140,12,Mod. Satisfied
22141,11,NA
22142,16,Very Dissatisfied
22143,20,Mod. Satisfied
22144,11,NA
22145,12,NA
22146,15,Very Satisfied
22147,16,Mod. Satisfied
22148,12,A Little Dissat
22149,11,A Little Dissat
22150,20,Very Satisfied
22151,12,Mod. Satisfied
22152,12,NA
22153,12,NA
22154,12,Very Satisfied
22155,11,Mod. Satisfied
22156,6,NA
22157,9,NA
22158,8,Very Satisfied
22159,9,NA
22160,16,NA
22161,18,A Little Dissat
22162,20,Very Satisfied
22163,20,Very Satisfied
22164,18,Very Satisfied
22165,18,NA
22166,12,Very Satisfied
22167,17,Mod. Satisfied
22168,20,Very Satisfied
22169,15,Mod. Satisfied
22170,12,NA
22171,16,Mod. Satisfied
22172,12,Mod. Satisfied
22173,12,Very Satisfied
22174,8,NA
22175,14,Mod. Satisfied
22176,14,Very Satisfied
22177,10,Mod. Satisfied
22178,13,NA
22179,12,Very Satisfied
22180,14,NA
22181,13,NA
22182,12,NA
22183,12,Very Satisfied
22184,13,Very Satisfied
22185,12,A Little Dissat
22186,16,NA
22187,11,Mod. Satisfied
22188,12,Mod. Satisfied
22189,15,Very Satisfied
22190,10,Mod. Satisfied
22191,18,Mod. Satisfied
22192,12,Very Satisfied
22193,12,Very Satisfied
22194,12,Very Satisfied
22195,18,Very Satisfied
22196,13,Mod. Satisfied
22197,12,Very Satisfied
22198,18,Mod. Satisfied
22199,12,NA
22200,12,Very Satisfied
22201,8,Very Satisfied
22202,6,NA
22203,7,Very Satisfied
22204,12,Mod. Satisfied
22205,9,Very Satisfied
22206,16,A Little Dissat
22207,7,NA
22208,8,Very Satisfied
22209,12,A Little Dissat
22210,12,Mod. Satisfied
22211,12,Mod. Satisfied
22212,14,Mod. Satisfied
22213,14,Mod. Satisfied
22214,16,Very Satisfied
22215,12,Very Satisfied
22216,11,A Little Dissat
22217,12,Mod. Satisfied
22218,12,Very Satisfied
22219,13,Very Satisfied
22220,12,NA
22221,9,Very Satisfied
22222,14,NA
22223,12,Very Satisfied
22224,14,Very Satisfied
22225,12,Mod. Satisfied
22226,20,A Little Dissat
22227,12,Mod. Satisfied
22228,12,Mod. Satisfied
22229,14,A Little Dissat
22230,12,Very Satisfied
22231,11,Very Satisfied
22232,16,Very Satisfied
22233,9,Mod. Satisfied
22234,14,NA
22235,11,NA
22236,11,Mod. Satisfied
22237,11,Mod. Satisfied
22238,11,Very Satisfied
22239,9,A Little Dissat
22240,12,NA
22241,13,Very Dissatisfied
22242,12,Very Satisfied
22243,18,Mod. Satisfied
22244,9,Mod. Satisfied
22245,9,A Little Dissat
22246,12,A Little Dissat
22247,10,NA
22248,8,A Little Dissat
22249,9,Very Satisfied
22250,16,Very Dissatisfied
22251,8,NA
22252,11,Mod. Satisfied
22253,16,NA
22254,12,Mod. Satisfied
22255,5,Very Satisfied
22256,3,NA
22257,13,Mod. Satisfied
22258,14,NA
22259,14,Very Satisfied
22260,14,Mod. Satisfied
22261,12,Mod. Satisfied
22262,13,Very Satisfied
22263,12,Very Satisfied
22264,14,Very Satisfied
22265,12,Very Dissatisfied
22266,12,Mod. Satisfied
22267,13,Very Satisfied
22268,18,Very Satisfied
22269,18,Mod. Satisfied
22270,13,NA
22271,12,Mod. Satisfied
22272,14,A Little Dissat
22273,13,Very Satisfied
22274,14,Very Satisfied
22275,18,Very Satisfied
22276,13,Mod. Satisfied
22277,12,Very Satisfied
22278,12,Very Satisfied
22279,10,Mod. Satisfied
22280,18,Mod. Satisfied
22281,12,Very Dissatisfied
22282,8,NA
22283,17,Very Satisfied
22284,16,NA
22285,12,Very Satisfied
22286,18,Mod. Satisfied
22287,14,Mod. Satisfied
22288,18,A Little Dissat
22289,16,NA
22290,12,Very Satisfied
22291,15,Mod. Satisfied
22292,18,Very Satisfied
22293,12,Very Satisfied
22294,14,Very Satisfied
22295,NA,NA
22296,12,Mod. Satisfied
22297,13,NA
22298,16,Very Satisfied
22299,12,Mod. Satisfied
22300,18,Mod. Satisfied
22301,12,NA
22302,12,Very Satisfied
22303,12,NA
22304,11,Mod. Satisfied
22305,16,Very Satisfied
22306,17,Very Satisfied
22307,12,A Little Dissat
22308,12,Mod. Satisfied
22309,12,Mod. Satisfied
22310,12,A Little Dissat
22311,12,A Little Dissat
22312,11,Mod. Satisfied
22313,12,Mod. Satisfied
22314,12,NA
22315,13,Mod. Satisfied
22316,14,Very Satisfied
22317,14,Very Satisfied
22318,12,Very Satisfied
22319,12,Mod. Satisfied
22320,6,Mod. Satisfied
22321,12,Very Satisfied
22322,12,Mod. Satisfied
22323,8,Mod. Satisfied
22324,13,Very Satisfied
22325,11,Mod. Satisfied
22326,9,Mod. Satisfied
22327,15,Mod. Satisfied
22328,15,Very Satisfied
22329,10,Very Satisfied
22330,12,NA
22331,4,Mod. Satisfied
22332,17,Mod. Satisfied
22333,12,Mod. Satisfied
22334,12,Mod. Satisfied
22335,11,Very Dissatisfied
22336,4,Very Satisfied
22337,8,NA
22338,8,NA
22339,16,Mod. Satisfied
22340,6,NA
22341,12,Mod. Satisfied
22342,12,Mod. Satisfied
22343,13,Mod. Satisfied
22344,8,NA
22345,12,A Little Dissat
22346,8,NA
22347,14,Mod. Satisfied
22348,12,Mod. Satisfied
22349,12,Very Satisfied
22350,16,Very Satisfied
22351,13,Very Satisfied
22352,17,Very Satisfied
22353,12,Very Satisfied
22354,12,Very Satisfied
22355,14,Very Satisfied
22356,12,Mod. Satisfied
22357,18,Very Satisfied
22358,13,Very Satisfied
22359,20,Mod. Satisfied
22360,16,Mod. Satisfied
22361,19,A Little Dissat
22362,10,Very Satisfied
22363,15,Very Satisfied
22364,12,Very Satisfied
22365,13,Very Satisfied
22366,9,Very Satisfied
22367,12,Very Satisfied
22368,16,Mod. Satisfied
22369,12,Very Satisfied
22370,13,NA
22371,12,Mod. Satisfied
22372,16,Mod. Satisfied
22373,20,Very Satisfied
22374,12,Very Satisfied
22375,10,Mod. Satisfied
22376,16,Very Satisfied
22377,11,Mod. Satisfied
22378,12,Very Dissatisfied
22379,12,Very Satisfied
22380,12,Mod. Satisfied
22381,12,Very Satisfied
22382,12,A Little Dissat
22383,13,Very Dissatisfied
22384,12,NA
22385,12,A Little Dissat
22386,8,NA
22387,14,Very Satisfied
22388,16,Mod. Satisfied
22389,12,Mod. Satisfied
22390,13,Very Satisfied
22391,12,Very Satisfied
22392,18,Mod. Satisfied
22393,16,Mod. Satisfied
22394,7,Very Dissatisfied
22395,10,Very Satisfied
22396,13,NA
22397,20,NA
22398,16,Very Satisfied
22399,15,Very Satisfied
22400,13,Mod. Satisfied
22401,18,Mod. Satisfied
22402,12,Mod. Satisfied
22403,8,NA
22404,13,Very Satisfied
22405,12,NA
22406,12,Very Satisfied
22407,12,Very Satisfied
22408,8,A Little Dissat
22409,12,Very Satisfied
22410,10,Mod. Satisfied
22411,11,Very Satisfied
22412,12,Very Satisfied
22413,14,Very Satisfied
22414,12,Mod. Satisfied
22415,12,NA
22416,13,Very Satisfied
22417,13,NA
22418,12,Very Satisfied
22419,12,Very Satisfied
22420,12,Mod. Satisfied
22421,12,Very Satisfied
22422,16,Mod. Satisfied
22423,13,Mod. Satisfied
22424,12,Very Satisfied
22425,14,Mod. Satisfied
22426,12,Very Dissatisfied
22427,12,Mod. Satisfied
22428,12,Mod. Satisfied
22429,13,Mod. Satisfied
22430,12,Mod. Satisfied
22431,17,Mod. Satisfied
22432,13,Very Satisfied
22433,15,NA
22434,12,Mod. Satisfied
22435,12,Very Satisfied
22436,11,Mod. Satisfied
22437,12,Very Satisfied
22438,12,NA
22439,12,Mod. Satisfied
22440,10,Very Satisfied
22441,11,NA
22442,12,Mod. Satisfied
22443,12,Very Satisfied
22444,11,A Little Dissat
22445,13,Mod. Satisfied
22446,12,Very Satisfied
22447,16,Mod. Satisfied
22448,15,A Little Dissat
22449,12,Very Satisfied
22450,16,Mod. Satisfied
22451,10,NA
22452,12,Very Satisfied
22453,15,A Little Dissat
22454,9,A Little Dissat
22455,14,Very Satisfied
22456,12,Very Satisfied
22457,15,Mod. Satisfied
22458,14,A Little Dissat
22459,14,Mod. Satisfied
22460,12,Mod. Satisfied
22461,12,Very Satisfied
22462,12,Mod. Satisfied
22463,12,Mod. Satisfied
22464,16,Mod. Satisfied
22465,11,Very Satisfied
22466,9,Very Satisfied
22467,12,Mod. Satisfied
22468,12,Mod. Satisfied
22469,12,NA
22470,16,Very Satisfied
22471,16,NA
22472,14,Very Satisfied
22473,8,NA
22474,11,Very Satisfied
22475,16,Very Satisfied
22476,12,Mod. Satisfied
22477,12,Very Satisfied
22478,10,NA
22479,11,Very Satisfied
22480,11,NA
22481,11,Mod. Satisfied
22482,12,Mod. Satisfied
22483,12,Very Satisfied
22484,8,Mod. Satisfied
22485,12,NA
22486,10,Mod. Satisfied
22487,8,NA
22488,8,NA
22489,12,Very Satisfied
22490,18,A Little Dissat
22491,12,Mod. Satisfied
22492,14,Very Satisfied
22493,9,Very Satisfied
22494,12,Mod. Satisfied
22495,8,Very Satisfied
22496,12,Mod. Satisfied
22497,12,Very Satisfied
22498,10,Mod. Satisfied
22499,14,Mod. Satisfied
22500,16,Mod. Satisfied
22501,9,Very Satisfied
22502,10,Very Satisfied
22503,4,NA
22504,13,Very Satisfied
22505,12,Very Satisfied
22506,12,Very Satisfied
22507,12,A Little Dissat
22508,13,NA
22509,19,Mod. Satisfied
22510,11,NA
22511,13,Very Satisfied
22512,12,Very Satisfied
22513,15,NA
22514,9,Very Satisfied
22515,16,Very Satisfied
22516,17,Very Satisfied
22517,12,NA
22518,12,Very Satisfied
22519,16,Mod. Satisfied
22520,13,A Little Dissat
22521,16,NA
22522,17,Very Satisfied
22523,12,Very Satisfied
22524,12,Very Satisfied
22525,17,Very Satisfied
22526,14,A Little Dissat
22527,15,Very Satisfied
22528,12,Very Satisfied
22529,12,Very Satisfied
22530,13,Mod. Satisfied
22531,15,NA
22532,20,Mod. Satisfied
22533,15,Very Satisfied
22534,12,NA
22535,13,Very Satisfied
22536,10,Very Satisfied
22537,15,Mod. Satisfied
22538,16,NA
22539,12,Mod. Satisfied
22540,16,Mod. Satisfied
22541,12,Very Dissatisfied
22542,12,Very Dissatisfied
22543,12,Very Satisfied
22544,14,Mod. Satisfied
22545,12,Mod. Satisfied
22546,12,NA
22547,12,Mod. Satisfied
22548,16,A Little Dissat
22549,18,Very Satisfied
22550,12,Very Satisfied
22551,12,Very Satisfied
22552,16,Mod. Satisfied
22553,15,NA
22554,16,Mod. Satisfied
22555,11,NA
22556,13,Mod. Satisfied
22557,12,NA
22558,13,NA
22559,12,Very Satisfied
22560,15,Mod. Satisfied
22561,5,NA
22562,18,Mod. Satisfied
22563,6,NA
22564,3,NA
22565,17,Very Satisfied
22566,12,Mod. Satisfied
22567,14,Mod. Satisfied
22568,12,Very Satisfied
22569,16,Very Satisfied
22570,16,Very Satisfied
22571,20,Mod. Satisfied
22572,12,Mod. Satisfied
22573,5,Mod. Satisfied
22574,9,Mod. Satisfied
22575,13,Very Satisfied
22576,11,A Little Dissat
22577,14,Very Dissatisfied
22578,12,NA
22579,10,Mod. Satisfied
22580,13,Very Satisfied
22581,8,A Little Dissat
22582,14,Mod. Satisfied
22583,6,Mod. Satisfied
22584,12,A Little Dissat
22585,14,Very Satisfied
22586,18,NA
22587,14,Very Satisfied
22588,16,Very Satisfied
22589,14,NA
22590,12,Mod. Satisfied
22591,5,NA
22592,9,NA
22593,12,Very Satisfied
22594,11,NA
22595,9,NA
22596,16,NA
22597,20,Mod. Satisfied
22598,17,Very Satisfied
22599,13,NA
22600,16,Mod. Satisfied
22601,12,Very Satisfied
22602,11,Mod. Satisfied
22603,13,Very Satisfied
22604,11,A Little Dissat
22605,6,Very Satisfied
22606,10,NA
22607,8,Very Satisfied
22608,11,NA
22609,10,Very Satisfied
22610,10,Mod. Satisfied
22611,17,Mod. Satisfied
22612,19,Very Satisfied
22613,8,NA
22614,12,Very Dissatisfied
22615,7,Very Satisfied
22616,10,Very Satisfied
22617,11,A Little Dissat
22618,11,NA
22619,12,Very Satisfied
22620,9,Very Dissatisfied
22621,17,Mod. Satisfied
22622,14,Mod. Satisfied
22623,12,Mod. Satisfied
22624,11,NA
22625,14,A Little Dissat
22626,10,NA
22627,12,NA
22628,12,NA
22629,12,NA
22630,12,NA
22631,14,Very Satisfied
22632,16,NA
22633,16,NA
22634,7,NA
22635,10,Very Dissatisfied
22636,4,Mod. Satisfied
22637,15,Mod. Satisfied
22638,7,Mod. Satisfied
22639,16,A Little Dissat
22640,12,Very Satisfied
22641,16,Very Satisfied
22642,13,Mod. Satisfied
22643,15,NA
22644,9,Mod. Satisfied
22645,15,NA
22646,12,Very Satisfied
22647,8,NA
22648,13,Very Satisfied
22649,9,NA
22650,9,Very Satisfied
22651,14,Mod. Satisfied
22652,10,Mod. Satisfied
22653,9,Very Satisfied
22654,16,Very Satisfied
22655,11,NA
22656,10,Very Satisfied
22657,13,NA
22658,12,NA
22659,12,NA
22660,13,NA
22661,12,NA
22662,12,NA
22663,12,NA
22664,12,Very Satisfied
22665,14,NA
22666,12,NA
22667,12,NA
22668,12,NA
22669,8,A Little Dissat
22670,10,Very Satisfied
22671,11,Very Satisfied
22672,16,Mod. Satisfied
22673,12,Very Satisfied
22674,12,NA
22675,11,Very Satisfied
22676,14,Very Satisfied
22677,10,NA
22678,12,Very Satisfied
22679,15,Very Satisfied
22680,14,Very Satisfied
22681,11,Very Satisfied
22682,10,Mod. Satisfied
22683,11,A Little Dissat
22684,13,Very Satisfied
22685,11,NA
22686,12,Mod. Satisfied
22687,10,Very Satisfied
22688,10,Mod. Satisfied
22689,12,NA
22690,14,Very Satisfied
22691,4,Very Satisfied
22692,12,Mod. Satisfied
22693,7,Mod. Satisfied
22694,13,Mod. Satisfied
22695,12,Very Satisfied
22696,16,Very Satisfied
22697,12,Very Satisfied
22698,9,Very Satisfied
22699,8,NA
22700,15,NA
22701,13,A Little Dissat
22702,12,Very Satisfied
22703,13,Very Satisfied
22704,10,Mod. Satisfied
22705,12,A Little Dissat
22706,7,Very Dissatisfied
22707,11,Very Dissatisfied
22708,9,Very Satisfied
22709,14,Very Satisfied
22710,8,NA
22711,7,Mod. Satisfied
22712,NA,Very Satisfied
22713,11,Very Satisfied
22714,10,Very Satisfied
22715,12,Mod. Satisfied
22716,12,A Little Dissat
22717,12,Very Satisfied
22718,14,Very Satisfied
22719,9,Very Satisfied
22720,16,Very Satisfied
22721,7,Mod. Satisfied
22722,14,Very Dissatisfied
22723,11,Mod. Satisfied
22724,12,A Little Dissat
22725,12,Mod. Satisfied
22726,14,Very Satisfied
22727,12,Very Satisfied
22728,16,Mod. Satisfied
22729,12,Very Satisfied
22730,14,Very Satisfied
22731,7,Very Satisfied
22732,7,NA
22733,12,Mod. Satisfied
22734,16,Very Satisfied
22735,20,Very Satisfied
22736,10,Mod. Satisfied
22737,15,Mod. Satisfied
22738,14,Very Dissatisfied
22739,10,Very Satisfied
22740,12,Mod. Satisfied
22741,12,Very Satisfied
22742,13,Very Satisfied
22743,9,Very Satisfied
22744,8,NA
22745,12,Mod. Satisfied
22746,16,NA
22747,7,NA
22748,9,Very Satisfied
22749,8,NA
22750,9,Very Satisfied
22751,19,Mod. Satisfied
22752,8,Mod. Satisfied
22753,12,Very Satisfied
22754,12,A Little Dissat
22755,11,Mod. Satisfied
22756,12,Very Satisfied
22757,8,A Little Dissat
22758,10,Mod. Satisfied
22759,13,Mod. Satisfied
22760,12,Very Dissatisfied
22761,11,NA
22762,7,Very Satisfied
22763,14,Mod. Satisfied
22764,10,Very Satisfied
22765,11,Very Satisfied
22766,14,Very Satisfied
22767,14,Very Dissatisfied
22768,14,Mod. Satisfied
22769,12,Mod. Satisfied
22770,11,Very Satisfied
22771,9,Very Satisfied
22772,12,Very Satisfied
22773,16,A Little Dissat
22774,12,Very Satisfied
22775,16,Very Satisfied
22776,10,Mod. Satisfied
22777,7,NA
22778,14,Mod. Satisfied
22779,9,Very Satisfied
22780,12,Very Satisfied
22781,20,Very Satisfied
22782,13,Very Satisfied
22783,18,Very Satisfied
22784,20,Very Satisfied
22785,16,Very Satisfied
22786,5,Very Satisfied
22787,8,Very Satisfied
22788,19,NA
22789,16,Very Satisfied
22790,11,NA
22791,18,Very Satisfied
22792,12,Mod. Satisfied
22793,14,A Little Dissat
22794,16,NA
22795,12,NA
22796,12,Very Satisfied
22797,16,Very Satisfied
22798,18,NA
22799,16,Very Satisfied
22800,15,Very Satisfied
22801,12,Mod. Satisfied
22802,14,Mod. Satisfied
22803,12,NA
22804,16,Very Satisfied
22805,10,NA
22806,13,Very Satisfied
22807,13,Very Satisfied
22808,12,Mod. Satisfied
22809,11,NA
22810,12,Very Satisfied
22811,8,NA
22812,11,Mod. Satisfied
22813,13,Very Satisfied
22814,6,NA
22815,11,Very Satisfied
22816,14,Very Satisfied
22817,8,NA
22818,9,Mod. Satisfied
22819,11,Very Satisfied
22820,14,Mod. Satisfied
22821,12,Mod. Satisfied
22822,11,Mod. Satisfied
22823,11,NA
22824,10,Very Satisfied
22825,13,Very Satisfied
22826,14,NA
22827,14,Very Satisfied
22828,13,NA
22829,12,Very Satisfied
22830,14,Very Satisfied
22831,16,Very Satisfied
22832,16,Very Satisfied
22833,12,Mod. Satisfied
22834,12,Mod. Satisfied
22835,14,Mod. Satisfied
22836,14,Mod. Satisfied
22837,14,Very Satisfied
22838,9,Very Satisfied
22839,12,NA
22840,16,Mod. Satisfied
22841,16,Very Satisfied
22842,11,Very Satisfied
22843,14,Very Satisfied
22844,11,A Little Dissat
22845,12,NA
22846,14,Very Satisfied
22847,13,Mod. Satisfied
22848,12,Mod. Satisfied
22849,8,Mod. Satisfied
22850,15,Mod. Satisfied
22851,14,Very Satisfied
22852,14,Mod. Satisfied
22853,13,Mod. Satisfied
22854,12,Mod. Satisfied
22855,12,A Little Dissat
22856,12,NA
22857,12,Mod. Satisfied
22858,12,Mod. Satisfied
22859,16,NA
22860,16,Mod. Satisfied
22861,12,NA
22862,14,Mod. Satisfied
22863,12,Very Satisfied
22864,12,Very Dissatisfied
22865,12,NA
22866,12,Very Dissatisfied
22867,17,NA
22868,17,Very Satisfied
22869,18,Mod. Satisfied
22870,17,NA
22871,11,NA
22872,20,Mod. Satisfied
22873,16,Very Satisfied
22874,20,Mod. Satisfied
22875,12,Mod. Satisfied
22876,20,NA
22877,14,Very Satisfied
22878,14,A Little Dissat
22879,14,Very Satisfied
22880,19,NA
22881,14,Very Satisfied
22882,12,NA
22883,10,NA
22884,12,NA
22885,18,Very Satisfied
22886,14,NA
22887,8,NA
22888,7,NA
22889,9,Very Satisfied
22890,13,Mod. Satisfied
22891,14,NA
22892,12,Mod. Satisfied
22893,12,Very Satisfied
22894,12,Very Satisfied
22895,16,NA
22896,13,Very Satisfied
22897,12,Mod. Satisfied
22898,12,Mod. Satisfied
22899,15,A Little Dissat
22900,15,Very Satisfied
22901,16,Very Satisfied
22902,11,Mod. Satisfied
22903,13,Very Satisfied
22904,12,NA
22905,16,Mod. Satisfied
22906,13,Very Satisfied
22907,14,Mod. Satisfied
22908,14,NA
22909,11,Very Satisfied
22910,12,A Little Dissat
22911,12,Very Satisfied
22912,12,A Little Dissat
22913,20,Very Satisfied
22914,12,Mod. Satisfied
22915,11,NA
22916,12,Very Satisfied
22917,20,Very Satisfied
22918,14,NA
22919,5,NA
22920,12,Mod. Satisfied
22921,12,NA
22922,12,NA
22923,9,NA
22924,14,Very Satisfied
22925,11,Mod. Satisfied
22926,16,Very Satisfied
22927,10,Mod. Satisfied
22928,16,Very Satisfied
22929,14,Mod. Satisfied
22930,11,Very Satisfied
22931,12,Mod. Satisfied
22932,15,Very Dissatisfied
22933,12,A Little Dissat
22934,13,A Little Dissat
22935,12,A Little Dissat
22936,8,NA
22937,14,Mod. Satisfied
22938,12,Very Satisfied
22939,12,Mod. Satisfied
22940,8,Mod. Satisfied
22941,11,Very Satisfied
22942,8,NA
22943,11,NA
22944,8,Mod. Satisfied
22945,16,NA
22946,9,Very Satisfied
22947,15,Mod. Satisfied
22948,12,Very Satisfied
22949,13,Very Satisfied
22950,15,Mod. Satisfied
22951,13,Mod. Satisfied
22952,12,A Little Dissat
22953,14,Mod. Satisfied
22954,13,A Little Dissat
22955,6,NA
22956,11,Very Satisfied
22957,16,Mod. Satisfied
22958,12,NA
22959,12,Very Dissatisfied
22960,13,A Little Dissat
22961,16,Mod. Satisfied
22962,14,Mod. Satisfied
22963,16,Very Satisfied
22964,12,Mod. Satisfied
22965,16,Very Satisfied
22966,16,Very Satisfied
22967,14,Very Dissatisfied
22968,16,A Little Dissat
22969,16,Very Satisfied
22970,14,Very Satisfied
22971,12,Mod. Satisfied
22972,14,NA
22973,12,NA
22974,12,Very Satisfied
22975,12,NA
22976,15,Mod. Satisfied
22977,12,Mod. Satisfied
22978,12,Mod. Satisfied
22979,12,Mod. Satisfied
22980,16,Mod. Satisfied
22981,13,Very Satisfied
22982,11,Very Satisfied
22983,12,Very Satisfied
22984,14,Very Satisfied
22985,9,NA
22986,16,Very Satisfied
22987,14,NA
22988,17,Mod. Satisfied
22989,16,Mod. Satisfied
22990,16,Mod. Satisfied
22991,12,Very Satisfied
22992,12,Very Satisfied
22993,16,Very Satisfied
22994,12,Very Satisfied
22995,16,Very Satisfied
22996,12,Very Satisfied
22997,15,A Little Dissat
22998,12,Very Satisfied
22999,17,NA
23000,13,Very Satisfied
23001,16,Very Satisfied
23002,12,Mod. Satisfied
23003,12,Mod. Satisfied
23004,12,Very Satisfied
23005,16,Mod. Satisfied
23006,12,Mod. Satisfied
23007,12,A Little Dissat
23008,14,Very Dissatisfied
23009,13,Mod. Satisfied
23010,13,Mod. Satisfied
23011,14,A Little Dissat
23012,13,Mod. Satisfied
23013,18,NA
23014,12,A Little Dissat
23015,12,Very Satisfied
23016,16,Mod. Satisfied
23017,11,Mod. Satisfied
23018,6,Very Satisfied
23019,12,NA
23020,11,NA
23021,13,NA
23022,12,NA
23023,13,A Little Dissat
23024,12,NA
23025,10,Very Satisfied
23026,11,NA
23027,10,NA
23028,12,Very Satisfied
23029,9,NA
23030,10,Mod. Satisfied
23031,9,NA
23032,10,NA
23033,12,Very Satisfied
23034,12,NA
23035,12,NA
23036,8,NA
23037,12,Mod. Satisfied
23038,12,Mod. Satisfied
23039,10,NA
23040,12,A Little Dissat
23041,12,Mod. Satisfied
23042,14,Mod. Satisfied
23043,14,Very Dissatisfied
23044,18,Mod. Satisfied
23045,12,Very Satisfied
23046,12,Very Satisfied
23047,15,Very Satisfied
23048,13,Very Dissatisfied
23049,9,Mod. Satisfied
23050,20,Mod. Satisfied
23051,13,Very Satisfied
23052,16,Very Satisfied
23053,4,Mod. Satisfied
23054,12,Very Satisfied
23055,8,NA
23056,12,A Little Dissat
23057,15,Very Satisfied
23058,12,Very Satisfied
23059,7,A Little Dissat
23060,12,NA
23061,16,Very Satisfied
23062,12,Very Satisfied
23063,13,Mod. Satisfied
23064,12,Mod. Satisfied
23065,13,Very Satisfied
23066,9,NA
23067,16,Mod. Satisfied
23068,12,NA
23069,18,Very Satisfied
23070,8,Very Satisfied
23071,12,Mod. Satisfied
23072,6,NA
23073,17,Very Satisfied
23074,18,NA
23075,13,A Little Dissat
23076,6,NA
23077,12,NA
23078,12,Mod. Satisfied
23079,8,Mod. Satisfied
23080,8,Very Satisfied
23081,13,Very Satisfied
23082,16,NA
23083,12,Mod. Satisfied
23084,13,Very Satisfied
23085,12,NA
23086,12,Mod. Satisfied
23087,8,NA
23088,8,Very Satisfied
23089,8,NA
23090,15,Very Satisfied
23091,14,Very Satisfied
23092,12,NA
23093,12,Mod. Satisfied
23094,15,Mod. Satisfied
23095,12,NA
23096,14,Very Satisfied
23097,14,Very Dissatisfied
23098,7,NA
23099,12,Mod. Satisfied
23100,9,Mod. Satisfied
23101,12,Very Satisfied
23102,11,Very Satisfied
23103,11,Mod. Satisfied
23104,16,Very Satisfied
23105,12,NA
23106,11,Very Satisfied
23107,14,Very Satisfied
23108,11,Very Satisfied
23109,17,Very Satisfied
23110,16,Very Satisfied
23111,15,Very Satisfied
23112,12,Very Satisfied
23113,8,Very Satisfied
23114,10,NA
23115,8,NA
23116,12,NA
23117,15,Very Satisfied
23118,13,NA
23119,12,NA
23120,14,Very Satisfied
23121,12,Mod. Satisfied
23122,12,Mod. Satisfied
23123,12,Very Satisfied
23124,16,Mod. Satisfied
23125,12,Mod. Satisfied
23126,13,Mod. Satisfied
23127,16,Very Satisfied
23128,14,Very Satisfied
23129,12,NA
23130,8,NA
23131,12,Mod. Satisfied
23132,8,Mod. Satisfied
23133,8,Mod. Satisfied
23134,8,Very Satisfied
23135,12,Very Dissatisfied
23136,9,Mod. Satisfied
23137,8,Very Satisfied
23138,6,NA
23139,12,Mod. Satisfied
23140,12,Mod. Satisfied
23141,5,NA
23142,10,Very Satisfied
23143,12,Very Satisfied
23144,12,Very Satisfied
23145,12,Mod. Satisfied
23146,3,Mod. Satisfied
23147,12,Very Satisfied
23148,12,NA
23149,10,NA
23150,11,NA
23151,9,NA
23152,5,Very Satisfied
23153,11,A Little Dissat
23154,12,Very Satisfied
23155,17,Mod. Satisfied
23156,15,Very Satisfied
23157,13,Very Satisfied
23158,15,A Little Dissat
23159,20,Very Satisfied
23160,16,Mod. Satisfied
23161,10,Very Satisfied
23162,16,Very Satisfied
23163,12,Very Satisfied
23164,12,Very Satisfied
23165,11,NA
23166,10,A Little Dissat
23167,11,A Little Dissat
23168,16,Very Satisfied
23169,14,Mod. Satisfied
23170,12,Mod. Satisfied
23171,10,Very Satisfied
23172,12,Very Satisfied
23173,14,Mod. Satisfied
23174,9,Mod. Satisfied
23175,10,Very Satisfied
23176,14,Mod. Satisfied
23177,12,Mod. Satisfied
23178,11,Mod. Satisfied
23179,19,Very Satisfied
23180,9,Very Satisfied
23181,7,Very Satisfied
23182,12,Very Satisfied
23183,12,Very Satisfied
23184,12,Very Satisfied
23185,12,NA
23186,13,Very Satisfied
23187,8,Very Satisfied
23188,12,Mod. Satisfied
23189,8,NA
23190,8,NA
23191,8,NA
23192,13,NA
23193,14,Very Satisfied
23194,12,NA
23195,12,NA
23196,12,NA
23197,11,Very Satisfied
23198,12,Very Satisfied
23199,12,Mod. Satisfied
23200,9,Very Satisfied
23201,8,Very Satisfied
23202,8,Very Satisfied
23203,8,Very Satisfied
23204,12,Very Satisfied
23205,12,NA
23206,9,Mod. Satisfied
23207,16,Mod. Satisfied
23208,13,Very Satisfied
23209,19,Very Satisfied
23210,12,Very Satisfied
23211,19,A Little Dissat
23212,11,Very Satisfied
23213,11,Mod. Satisfied
23214,7,Mod. Satisfied
23215,12,Mod. Satisfied
23216,12,Mod. Satisfied
23217,12,Very Dissatisfied
23218,12,Very Satisfied
23219,8,NA
23220,12,Very Satisfied
23221,8,Very Satisfied
23222,11,Very Satisfied
23223,12,NA
23224,7,Very Satisfied
23225,8,Very Satisfied
23226,12,Very Satisfied
23227,12,A Little Dissat
23228,8,NA
23229,14,Mod. Satisfied
23230,11,Mod. Satisfied
23231,7,Very Satisfied
23232,16,Mod. Satisfied
23233,12,A Little Dissat
23234,13,Very Satisfied
23235,12,Very Satisfied
23236,13,Very Satisfied
23237,8,Very Satisfied
23238,12,Very Satisfied
23239,10,Mod. Satisfied
23240,12,Mod. Satisfied
23241,16,Mod. Satisfied
23242,9,Very Satisfied
23243,13,NA
23244,12,Mod. Satisfied
23245,3,NA
23246,12,Mod. Satisfied
23247,10,Mod. Satisfied
23248,12,Very Satisfied
23249,10,Mod. Satisfied
23250,5,Very Satisfied
23251,11,Mod. Satisfied
23252,4,NA
23253,10,A Little Dissat
23254,10,Mod. Satisfied
23255,17,Very Satisfied
23256,17,Mod. Satisfied
23257,12,Very Satisfied
23258,7,NA
23259,11,Mod. Satisfied
23260,12,Mod. Satisfied
23261,12,Mod. Satisfied
23262,12,Mod. Satisfied
23263,12,Very Satisfied
23264,13,A Little Dissat
23265,16,Mod. Satisfied
23266,15,Very Dissatisfied
23267,16,NA
23268,14,Mod. Satisfied
23269,15,Very Satisfied
23270,13,Very Satisfied
23271,15,Very Satisfied
23272,6,NA
23273,16,NA
23274,13,NA
23275,14,NA
23276,16,NA
23277,13,A Little Dissat
23278,16,NA
23279,20,NA
23280,20,Mod. Satisfied
23281,16,Mod. Satisfied
23282,17,Very Satisfied
23283,12,Very Dissatisfied
23284,16,A Little Dissat
23285,12,Mod. Satisfied
23286,10,Mod. Satisfied
23287,12,Very Satisfied
23288,6,NA
23289,11,Very Satisfied
23290,12,Very Satisfied
23291,6,Very Satisfied
23292,11,Mod. Satisfied
23293,9,Mod. Satisfied
23294,7,A Little Dissat
23295,12,A Little Dissat
23296,7,Very Satisfied
23297,12,Very Satisfied
23298,1,NA
23299,14,Mod. Satisfied
23300,10,Mod. Satisfied
23301,10,Very Satisfied
23302,12,Very Satisfied
23303,9,Very Dissatisfied
23304,11,Very Satisfied
23305,10,Very Satisfied
23306,16,Very Satisfied
23307,8,Very Satisfied
23308,14,Mod. Satisfied
23309,15,Very Satisfied
23310,16,Very Satisfied
23311,16,Mod. Satisfied
23312,14,Very Satisfied
23313,13,Very Satisfied
23314,14,Mod. Satisfied
23315,17,Very Satisfied
23316,7,NA
23317,13,Mod. Satisfied
23318,12,Very Satisfied
23319,13,Mod. Satisfied
23320,11,Very Satisfied
23321,12,A Little Dissat
23322,15,NA
23323,13,NA
23324,14,NA
23325,15,NA
23326,15,NA
23327,14,NA
23328,16,NA
23329,13,NA
23330,12,Mod. Satisfied
23331,14,Very Satisfied
23332,13,NA
23333,14,Very Satisfied
23334,14,NA
23335,15,NA
23336,17,NA
23337,8,NA
23338,8,NA
23339,13,Mod. Satisfied
23340,8,A Little Dissat
23341,6,Mod. Satisfied
23342,4,Mod. Satisfied
23343,6,NA
23344,14,Very Satisfied
23345,13,Mod. Satisfied
23346,12,Very Dissatisfied
23347,12,Very Satisfied
23348,12,Very Satisfied
23349,13,A Little Dissat
23350,16,Very Satisfied
23351,18,Mod. Satisfied
23352,11,Very Satisfied
23353,16,Mod. Satisfied
23354,17,Mod. Satisfied
23355,13,Mod. Satisfied
23356,16,Very Satisfied
23357,10,NA
23358,6,Mod. Satisfied
23359,16,Very Dissatisfied
23360,16,Mod. Satisfied
23361,16,Mod. Satisfied
23362,13,A Little Dissat
23363,10,NA
23364,11,Very Satisfied
23365,12,Mod. Satisfied
23366,8,NA
23367,9,NA
23368,11,Mod. Satisfied
23369,12,Mod. Satisfied
23370,14,NA
23371,5,A Little Dissat
23372,12,Mod. Satisfied
23373,16,Very Satisfied
23374,6,Very Satisfied
23375,11,A Little Dissat
23376,12,Very Satisfied
23377,18,Mod. Satisfied
23378,13,Mod. Satisfied
23379,12,Mod. Satisfied
23380,14,A Little Dissat
23381,14,Very Satisfied
23382,8,Very Dissatisfied
23383,10,Mod. Satisfied
23384,4,NA
23385,10,A Little Dissat
23386,12,Very Dissatisfied
23387,12,NA
23388,16,Mod. Satisfied
23389,14,Very Satisfied
23390,18,Very Satisfied
23391,18,Mod. Satisfied
23392,16,Very Satisfied
23393,14,Mod. Satisfied
23394,18,A Little Dissat
23395,14,Mod. Satisfied
23396,16,Mod. Satisfied
23397,12,NA
23398,14,Mod. Satisfied
23399,15,Very Satisfied
23400,12,Mod. Satisfied
23401,7,Mod. Satisfied
23402,8,Very Satisfied
23403,15,Mod. Satisfied
23404,10,A Little Dissat
23405,13,Very Satisfied
23406,13,Very Satisfied
23407,16,Mod. Satisfied
23408,16,Mod. Satisfied
23409,16,A Little Dissat
23410,13,Very Satisfied
23411,13,Mod. Satisfied
23412,14,Mod. Satisfied
23413,12,NA
23414,14,Mod. Satisfied
23415,14,Very Satisfied
23416,14,NA
23417,9,NA
23418,14,Very Satisfied
23419,10,NA
23420,9,NA
23421,10,NA
23422,8,NA
23423,12,Mod. Satisfied
23424,8,Very Satisfied
23425,11,NA
23426,14,Mod. Satisfied
23427,12,NA
23428,8,A Little Dissat
23429,14,NA
23430,14,Very Satisfied
23431,16,Very Satisfied
23432,10,NA
23433,5,Mod. Satisfied
23434,14,Very Satisfied
23435,14,Mod. Satisfied
23436,12,Very Satisfied
23437,13,Mod. Satisfied
23438,17,A Little Dissat
23439,10,Mod. Satisfied
23440,14,NA
23441,14,NA
23442,10,Very Dissatisfied
23443,12,Very Satisfied
23444,10,NA
23445,12,Very Satisfied
23446,NA,NA
23447,10,Very Satisfied
23448,11,Mod. Satisfied
23449,13,A Little Dissat
23450,13,NA
23451,13,A Little Dissat
23452,12,Very Satisfied
23453,14,Very Satisfied
23454,9,Very Satisfied
23455,12,A Little Dissat
23456,12,Mod. Satisfied
23457,10,Very Satisfied
23458,14,Very Satisfied
23459,4,Very Satisfied
23460,12,Very Satisfied
23461,13,NA
23462,15,A Little Dissat
23463,12,Very Dissatisfied
23464,11,NA
23465,7,Very Satisfied
23466,12,Mod. Satisfied
23467,12,Very Satisfied
23468,8,Mod. Satisfied
23469,12,Mod. Satisfied
23470,8,NA
23471,11,Very Satisfied
23472,14,NA
23473,13,A Little Dissat
23474,16,NA
23475,15,Mod. Satisfied
23476,18,Very Satisfied
23477,12,Very Satisfied
23478,18,Very Satisfied
23479,11,Mod. Satisfied
23480,11,Mod. Satisfied
23481,10,NA
23482,16,Very Satisfied
23483,16,Very Satisfied
23484,13,Mod. Satisfied
23485,12,Very Satisfied
23486,15,A Little Dissat
23487,12,A Little Dissat
23488,12,Very Satisfied
23489,14,A Little Dissat
23490,12,Mod. Satisfied
23491,7,NA
23492,19,Very Satisfied
23493,13,Mod. Satisfied
23494,13,Mod. Satisfied
23495,12,Very Satisfied
23496,13,Very Satisfied
23497,17,Very Satisfied
23498,12,Mod. Satisfied
23499,13,Mod. Satisfied
23500,14,Very Dissatisfied
23501,12,Very Satisfied
23502,12,Mod. Satisfied
23503,12,Very Dissatisfied
23504,12,Very Satisfied
23505,14,A Little Dissat
23506,13,Very Satisfied
23507,12,Very Satisfied
23508,10,NA
23509,12,Mod. Satisfied
23510,10,NA
23511,8,NA
23512,12,A Little Dissat
23513,12,Very Satisfied
23514,11,Mod. Satisfied
23515,14,Very Satisfied
23516,12,Mod. Satisfied
23517,15,Very Satisfied
23518,12,Very Satisfied
23519,13,NA
23520,13,Very Dissatisfied
23521,14,Very Satisfied
23522,NA,Very Satisfied
23523,18,Mod. Satisfied
23524,16,Very Satisfied
23525,16,Very Satisfied
23526,13,Mod. Satisfied
23527,12,NA
23528,13,A Little Dissat
23529,14,Very Satisfied
23530,12,Very Satisfied
23531,7,NA
23532,17,Mod. Satisfied
23533,12,Very Dissatisfied
23534,11,NA
23535,15,A Little Dissat
23536,16,Mod. Satisfied
23537,12,Very Satisfied
23538,12,Mod. Satisfied
23539,13,Very Satisfied
23540,18,Mod. Satisfied
23541,19,Very Satisfied
23542,16,NA
23543,16,Very Satisfied
23544,16,Very Satisfied
23545,16,Very Satisfied
23546,16,Mod. Satisfied
23547,15,NA
23548,13,NA
23549,14,NA
23550,20,Mod. Satisfied
23551,14,NA
23552,15,Mod. Satisfied
23553,15,Mod. Satisfied
23554,19,Very Dissatisfied
23555,17,Very Satisfied
23556,18,Very Satisfied
23557,14,Very Satisfied
23558,16,Mod. Satisfied
23559,16,Mod. Satisfied
23560,16,Very Satisfied
23561,16,Very Satisfied
23562,13,Very Satisfied
23563,12,Mod. Satisfied
23564,12,Mod. Satisfied
23565,13,Very Satisfied
23566,13,A Little Dissat
23567,8,NA
23568,13,NA
23569,16,NA
23570,15,Very Satisfied
23571,14,Very Satisfied
23572,12,Mod. Satisfied
23573,12,NA
23574,14,Mod. Satisfied
23575,16,A Little Dissat
23576,14,Very Satisfied
23577,12,Mod. Satisfied
23578,16,Very Satisfied
23579,18,Very Satisfied
23580,16,Very Satisfied
23581,12,Mod. Satisfied
23582,12,Very Satisfied
23583,20,NA
23584,9,Mod. Satisfied
23585,17,Mod. Satisfied
23586,12,Very Satisfied
23587,13,Very Satisfied
23588,12,Very Satisfied
23589,17,Mod. Satisfied
23590,10,Very Dissatisfied
23591,6,Mod. Satisfied
23592,13,Very Dissatisfied
23593,17,Very Satisfied
23594,18,NA
23595,17,A Little Dissat
23596,10,NA
23597,18,Mod. Satisfied
23598,13,A Little Dissat
23599,17,Mod. Satisfied
23600,12,Very Satisfied
23601,4,NA
23602,18,Very Satisfied
23603,14,Very Satisfied
23604,10,Mod. Satisfied
23605,18,Mod. Satisfied
23606,12,Very Satisfied
23607,13,NA
23608,8,NA
23609,12,NA
23610,16,Very Satisfied
23611,14,Mod. Satisfied
23612,12,Mod. Satisfied
23613,11,Mod. Satisfied
23614,12,Mod. Satisfied
23615,12,Mod. Satisfied
23616,12,Very Satisfied
23617,13,A Little Dissat
23618,14,Mod. Satisfied
23619,15,NA
23620,11,Very Dissatisfied
23621,16,Very Satisfied
23622,14,Very Satisfied
23623,8,Mod. Satisfied
23624,14,Mod. Satisfied
23625,15,Very Satisfied
23626,13,Very Satisfied
23627,12,Mod. Satisfied
23628,13,Mod. Satisfied
23629,13,Mod. Satisfied
23630,11,Very Satisfied
23631,9,NA
23632,12,NA
23633,9,Very Satisfied
23634,16,NA
23635,16,A Little Dissat
23636,20,Very Satisfied
23637,18,Very Satisfied
23638,16,Very Satisfied
23639,17,Mod. Satisfied
23640,13,Very Dissatisfied
23641,12,Very Satisfied
23642,14,NA
23643,12,NA
23644,14,A Little Dissat
23645,11,NA
23646,16,Very Satisfied
23647,12,Mod. Satisfied
23648,18,Very Satisfied
23649,19,Very Satisfied
23650,20,Mod. Satisfied
23651,15,Mod. Satisfied
23652,16,Mod. Satisfied
23653,12,Mod. Satisfied
23654,16,Very Satisfied
23655,12,Very Dissatisfied
23656,10,Very Satisfied
23657,18,Mod. Satisfied
23658,13,Very Dissatisfied
23659,9,Very Dissatisfied
23660,12,Very Satisfied
23661,13,NA
23662,13,NA
23663,12,NA
23664,12,Mod. Satisfied
23665,10,NA
23666,19,A Little Dissat
23667,12,Mod. Satisfied
23668,12,Very Satisfied
23669,14,Mod. Satisfied
23670,14,Very Satisfied
23671,18,Very Satisfied
23672,13,Mod. Satisfied
23673,14,A Little Dissat
23674,19,Mod. Satisfied
23675,12,A Little Dissat
23676,15,Very Satisfied
23677,14,Mod. Satisfied
23678,11,Mod. Satisfied
23679,14,Mod. Satisfied
23680,16,Very Satisfied
23681,20,Very Satisfied
23682,15,NA
23683,13,A Little Dissat
23684,16,Mod. Satisfied
23685,18,Very Satisfied
23686,19,A Little Dissat
23687,12,NA
23688,12,Mod. Satisfied
23689,15,Very Dissatisfied
23690,13,Very Satisfied
23691,12,Very Satisfied
23692,16,Mod. Satisfied
23693,12,Very Satisfied
23694,12,Mod. Satisfied
23695,19,Very Satisfied
23696,14,A Little Dissat
23697,19,Mod. Satisfied
23698,12,Very Satisfied
23699,15,Very Satisfied
23700,12,Mod. Satisfied
23701,17,Mod. Satisfied
23702,11,Very Dissatisfied
23703,14,NA
23704,14,Mod. Satisfied
23705,15,Mod. Satisfied
23706,3,Very Satisfied
23707,7,Very Satisfied
23708,13,Very Dissatisfied
23709,12,Very Satisfied
23710,16,Very Satisfied
23711,14,Very Satisfied
23712,15,Very Satisfied
23713,16,Very Satisfied
23714,14,Very Satisfied
23715,16,A Little Dissat
23716,8,Mod. Satisfied
23717,12,NA
23718,18,Mod. Satisfied
23719,12,NA
23720,20,Mod. Satisfied
23721,17,NA
23722,16,Mod. Satisfied
23723,18,Very Satisfied
23724,15,NA
23725,11,NA
23726,16,Mod. Satisfied
23727,14,Mod. Satisfied
23728,8,Very Satisfied
23729,20,Mod. Satisfied
23730,16,Very Satisfied
23731,16,Mod. Satisfied
23732,12,Mod. Satisfied
23733,15,Mod. Satisfied
23734,14,Very Satisfied
23735,12,Very Satisfied
23736,12,Mod. Satisfied
23737,12,Mod. Satisfied
23738,NA,A Little Dissat
23739,12,Very Satisfied
23740,9,Very Satisfied
23741,9,Mod. Satisfied
23742,12,NA
23743,9,Very Satisfied
23744,15,NA
23745,8,NA
23746,8,Very Satisfied
23747,16,Mod. Satisfied
23748,17,Mod. Satisfied
23749,15,Mod. Satisfied
23750,12,Mod. Satisfied
23751,12,Very Satisfied
23752,13,Very Satisfied
23753,12,Very Satisfied
23754,13,Very Satisfied
23755,14,Mod. Satisfied
23756,18,A Little Dissat
23757,19,Very Satisfied
23758,14,Very Satisfied
23759,13,Very Satisfied
23760,14,Mod. Satisfied
23761,12,Very Satisfied
23762,12,Very Satisfied
23763,13,A Little Dissat
23764,12,NA
23765,11,NA
23766,12,NA
23767,18,Mod. Satisfied
23768,15,Mod. Satisfied
23769,14,Mod. Satisfied
23770,8,Mod. Satisfied
23771,13,NA
23772,12,Very Satisfied
23773,12,NA
23774,0,Mod. Satisfied
23775,11,A Little Dissat
23776,10,Very Satisfied
23777,8,NA
23778,14,A Little Dissat
23779,12,NA
23780,17,A Little Dissat
23781,14,Very Satisfied
23782,13,Very Satisfied
23783,12,NA
23784,16,Mod. Satisfied
23785,16,NA
23786,18,Very Satisfied
23787,15,Mod. Satisfied
23788,12,Mod. Satisfied
23789,12,NA
23790,8,Mod. Satisfied
23791,16,Very Satisfied
23792,5,A Little Dissat
23793,9,Mod. Satisfied
23794,18,Very Satisfied
23795,13,Very Satisfied
23796,12,NA
23797,18,Very Satisfied
23798,13,Very Satisfied
23799,16,Mod. Satisfied
23800,13,Very Satisfied
23801,14,NA
23802,13,NA
23803,13,Mod. Satisfied
23804,12,Mod. Satisfied
23805,16,Very Satisfied
23806,16,Very Satisfied
23807,12,Very Satisfied
23808,9,Very Satisfied
23809,8,NA
23810,9,Very Satisfied
23811,14,Very Satisfied
23812,12,Very Satisfied
23813,12,NA
23814,9,Very Satisfied
23815,12,Very Satisfied
23816,12,Mod. Satisfied
23817,12,NA
23818,14,NA
23819,8,NA
23820,16,Very Satisfied
23821,12,NA
23822,12,Very Satisfied
23823,14,A Little Dissat
23824,12,NA
23825,12,Mod. Satisfied
23826,12,Mod. Satisfied
23827,14,Mod. Satisfied
23828,12,Mod. Satisfied
23829,12,Mod. Satisfied
23830,12,Very Satisfied
23831,9,Mod. Satisfied
23832,12,Very Satisfied
23833,13,A Little Dissat
23834,14,Mod. Satisfied
23835,16,Very Satisfied
23836,16,Very Satisfied
23837,6,Very Satisfied
23838,8,Very Satisfied
23839,8,NA
23840,12,Very Satisfied
23841,14,Mod. Satisfied
23842,12,NA
23843,18,Very Satisfied
23844,12,Mod. Satisfied
23845,12,Very Satisfied
23846,14,Very Satisfied
23847,14,Mod. Satisfied
23848,13,Mod. Satisfied
23849,12,Mod. Satisfied
23850,12,Mod. Satisfied
23851,12,Mod. Satisfied
23852,12,Mod. Satisfied
23853,12,Mod. Satisfied
23854,12,Mod. Satisfied
23855,20,Mod. Satisfied
23856,16,Very Satisfied
23857,13,Very Satisfied
23858,16,Very Satisfied
23859,15,Very Satisfied
23860,11,Mod. Satisfied
23861,12,Mod. Satisfied
23862,17,Mod. Satisfied
23863,13,Very Dissatisfied
23864,16,Very Satisfied
23865,11,NA
23866,16,Mod. Satisfied
23867,16,Very Satisfied
23868,16,A Little Dissat
23869,15,Very Satisfied
23870,18,Very Satisfied
23871,16,Very Satisfied
23872,15,Mod. Satisfied
23873,17,Mod. Satisfied
23874,16,Mod. Satisfied
23875,14,NA
23876,12,Mod. Satisfied
23877,12,Mod. Satisfied
23878,14,Very Satisfied
23879,12,Very Satisfied
23880,14,Very Satisfied
23881,8,A Little Dissat
23882,16,Very Satisfied
23883,12,Mod. Satisfied
23884,8,NA
23885,15,Very Satisfied
23886,15,Very Satisfied
23887,13,Very Satisfied
23888,13,Very Dissatisfied
23889,13,Mod. Satisfied
23890,9,Mod. Satisfied
23891,9,Very Dissatisfied
23892,12,Mod. Satisfied
23893,11,NA
23894,12,Mod. Satisfied
23895,11,Very Satisfied
23896,18,Very Satisfied
23897,14,Very Satisfied
23898,10,Very Dissatisfied
23899,12,Very Satisfied
23900,12,NA
23901,14,Mod. Satisfied
23902,15,NA
23903,14,Very Satisfied
23904,8,NA
23905,12,Very Satisfied
23906,11,Very Satisfied
23907,10,NA
23908,11,NA
23909,16,Mod. Satisfied
23910,12,Mod. Satisfied
23911,16,Very Satisfied
23912,19,Mod. Satisfied
23913,14,Mod. Satisfied
23914,14,Very Satisfied
23915,14,Very Satisfied
23916,14,Mod. Satisfied
23917,12,Very Satisfied
23918,14,Very Satisfied
23919,12,Mod. Satisfied
23920,14,Mod. Satisfied
23921,14,Very Satisfied
23922,12,Very Satisfied
23923,11,NA
23924,16,Very Satisfied
23925,16,A Little Dissat
23926,12,Very Satisfied
23927,13,NA
23928,12,Mod. Satisfied
23929,13,NA
23930,13,Mod. Satisfied
23931,14,Mod. Satisfied
23932,12,NA
23933,12,Very Satisfied
23934,14,Very Satisfied
23935,12,Very Satisfied
23936,12,Very Satisfied
23937,15,Mod. Satisfied
23938,12,Very Satisfied
23939,16,Very Satisfied
23940,16,A Little Dissat
23941,17,Very Satisfied
23942,10,NA
23943,12,Mod. Satisfied
23944,9,A Little Dissat
23945,12,Very Satisfied
23946,12,Mod. Satisfied
23947,12,Very Satisfied
23948,17,Mod. Satisfied
23949,12,Very Satisfied
23950,14,Very Satisfied
23951,12,NA
23952,10,Mod. Satisfied
23953,14,Mod. Satisfied
23954,12,Mod. Satisfied
23955,10,Very Satisfied
23956,16,Very Satisfied
23957,12,NA
23958,12,Mod. Satisfied
23959,12,Very Satisfied
23960,12,NA
23961,16,A Little Dissat
23962,13,Very Satisfied
23963,12,Very Satisfied
23964,13,Very Satisfied
23965,14,Very Satisfied
23966,17,Mod. Satisfied
23967,14,Mod. Satisfied
23968,16,Very Satisfied
23969,18,Very Satisfied
23970,10,Very Satisfied
23971,12,Very Satisfied
23972,14,NA
23973,12,NA
23974,20,Very Satisfied
23975,12,Very Satisfied
23976,12,Mod. Satisfied
23977,12,Very Dissatisfied
23978,12,NA
23979,12,Very Satisfied
23980,12,Mod. Satisfied
23981,6,NA
23982,5,NA
23983,14,Very Satisfied
23984,12,NA
23985,11,Very Satisfied
23986,12,Very Satisfied
23987,12,Mod. Satisfied
23988,13,Mod. Satisfied
23989,12,Very Satisfied
23990,11,Mod. Satisfied
23991,12,Mod. Satisfied
23992,13,Very Satisfied
23993,12,Mod. Satisfied
23994,9,Very Satisfied
23995,18,Very Satisfied
23996,6,Very Satisfied
23997,8,Mod. Satisfied
23998,12,Mod. Satisfied
23999,16,Very Satisfied
24000,12,NA
24001,12,NA
24002,12,Very Satisfied
24003,8,NA
24004,12,Mod. Satisfied
24005,16,Very Satisfied
24006,12,Very Satisfied
24007,18,Very Dissatisfied
24008,16,Mod. Satisfied
24009,19,Very Satisfied
24010,12,Very Satisfied
24011,20,Very Satisfied
24012,12,NA
24013,17,Mod. Satisfied
24014,12,Mod. Satisfied
24015,12,Very Satisfied
24016,16,Mod. Satisfied
24017,14,NA
24018,15,Very Satisfied
24019,12,Very Satisfied
24020,19,NA
24021,12,Very Satisfied
24022,11,Very Satisfied
24023,18,Mod. Satisfied
24024,8,NA
24025,14,Very Satisfied
24026,15,A Little Dissat
24027,12,Mod. Satisfied
24028,12,Very Satisfied
24029,14,NA
24030,9,Very Satisfied
24031,11,Very Satisfied
24032,14,Mod. Satisfied
24033,12,Mod. Satisfied
24034,12,A Little Dissat
24035,20,Mod. Satisfied
24036,11,NA
24037,15,Mod. Satisfied
24038,14,Very Satisfied
24039,12,A Little Dissat
24040,11,NA
24041,12,NA
24042,16,Very Satisfied
24043,20,A Little Dissat
24044,15,NA
24045,14,A Little Dissat
24046,12,NA
24047,20,Very Satisfied
24048,10,Mod. Satisfied
24049,14,Very Satisfied
24050,11,Mod. Satisfied
24051,12,Very Satisfied
24052,16,Mod. Satisfied
24053,12,Mod. Satisfied
24054,12,Mod. Satisfied
24055,16,Very Satisfied
24056,12,Very Satisfied
24057,18,Very Satisfied
24058,12,Very Satisfied
24059,16,Very Satisfied
24060,8,Very Satisfied
24061,11,NA
24062,11,Mod. Satisfied
24063,12,A Little Dissat
24064,5,Very Dissatisfied
24065,12,Very Satisfied
24066,8,Very Satisfied
24067,12,Very Satisfied
24068,12,Very Satisfied
24069,14,Very Satisfied
24070,16,Very Satisfied
24071,19,Very Satisfied
24072,9,Very Dissatisfied
24073,12,Mod. Satisfied
24074,15,Mod. Satisfied
24075,16,Mod. Satisfied
24076,13,Very Satisfied
24077,NA,NA
24078,16,Very Satisfied
24079,12,Very Satisfied
24080,12,Very Satisfied
24081,9,Mod. Satisfied
24082,11,A Little Dissat
24083,12,A Little Dissat
24084,10,A Little Dissat
24085,14,Mod. Satisfied
24086,13,Very Satisfied
24087,20,Very Satisfied
24088,14,Very Satisfied
24089,16,NA
24090,17,Very Satisfied
24091,8,Very Satisfied
24092,11,NA
24093,12,Very Satisfied
24094,16,Very Satisfied
24095,14,Mod. Satisfied
24096,11,Very Satisfied
24097,14,A Little Dissat
24098,12,A Little Dissat
24099,12,Very Satisfied
24100,12,Very Satisfied
24101,10,NA
24102,16,NA
24103,10,Very Satisfied
24104,13,Very Satisfied
24105,11,Very Satisfied
24106,14,Mod. Satisfied
24107,12,NA
24108,12,NA
24109,12,NA
24110,12,NA
24111,12,NA
24112,12,NA
24113,12,NA
24114,13,Mod. Satisfied
24115,18,Mod. Satisfied
24116,12,Very Satisfied
24117,13,Very Satisfied
24118,13,Very Satisfied
24119,17,A Little Dissat
24120,12,Mod. Satisfied
24121,12,Very Satisfied
24122,14,NA
24123,13,A Little Dissat
24124,12,Very Satisfied
24125,13,Mod. Satisfied
24126,7,Very Satisfied
24127,12,NA
24128,7,Very Satisfied
24129,8,NA
24130,12,Very Satisfied
24131,14,NA
24132,14,Mod. Satisfied
24133,12,NA
24134,10,Mod. Satisfied
24135,6,NA
24136,14,Very Satisfied
24137,16,Very Satisfied
24138,12,NA
24139,12,Mod. Satisfied
24140,16,NA
24141,15,Mod. Satisfied
24142,12,Very Satisfied
24143,12,Mod. Satisfied
24144,7,Very Satisfied
24145,11,Very Satisfied
24146,12,Very Satisfied
24147,18,NA
24148,12,Very Satisfied
24149,16,Very Satisfied
24150,7,Very Satisfied
24151,5,NA
24152,12,Mod. Satisfied
24153,3,Mod. Satisfied
24154,12,Mod. Satisfied
24155,12,Mod. Satisfied
24156,12,Very Dissatisfied
24157,5,A Little Dissat
24158,3,Mod. Satisfied
24159,11,NA
24160,14,Very Satisfied
24161,11,Very Dissatisfied
24162,11,NA
24163,11,NA
24164,10,Mod. Satisfied
24165,12,Very Satisfied
24166,20,Very Satisfied
24167,12,Very Satisfied
24168,12,NA
24169,16,Mod. Satisfied
24170,14,Very Satisfied
24171,16,Very Satisfied
24172,16,Mod. Satisfied
24173,12,Mod. Satisfied
24174,12,NA
24175,11,NA
24176,14,Very Satisfied
24177,15,Mod. Satisfied
24178,10,Mod. Satisfied
24179,12,Very Satisfied
24180,8,NA
24181,14,NA
24182,8,Mod. Satisfied
24183,17,Very Satisfied
24184,12,Very Satisfied
24185,12,Mod. Satisfied
24186,9,Mod. Satisfied
24187,10,A Little Dissat
24188,12,Mod. Satisfied
24189,11,Very Satisfied
24190,12,Very Satisfied
24191,14,Very Satisfied
24192,12,Very Satisfied
24193,13,Mod. Satisfied
24194,13,Very Satisfied
24195,9,Mod. Satisfied
24196,13,A Little Dissat
24197,11,Very Dissatisfied
24198,8,Very Satisfied
24199,12,Very Satisfied
24200,12,Very Satisfied
24201,11,NA
24202,13,NA
24203,12,Mod. Satisfied
24204,18,Mod. Satisfied
24205,12,Mod. Satisfied
24206,16,Very Satisfied
24207,12,Very Satisfied
24208,12,Mod. Satisfied
24209,11,Mod. Satisfied
24210,12,Mod. Satisfied
24211,15,Very Satisfied
24212,12,Mod. Satisfied
24213,13,NA
24214,16,Very Satisfied
24215,12,NA
24216,12,Very Satisfied
24217,12,Very Satisfied
24218,11,Very Satisfied
24219,12,Very Satisfied
24220,16,Mod. Satisfied
24221,10,Very Dissatisfied
24222,15,Mod. Satisfied
24223,14,Mod. Satisfied
24224,12,Mod. Satisfied
24225,12,Mod. Satisfied
24226,17,A Little Dissat
24227,13,Mod. Satisfied
24228,12,Very Satisfied
24229,14,Mod. Satisfied
24230,10,NA
24231,12,Mod. Satisfied
24232,10,Mod. Satisfied
24233,12,Very Satisfied
24234,12,A Little Dissat
24235,10,Mod. Satisfied
24236,14,Very Satisfied
24237,12,Mod. Satisfied
24238,12,Mod. Satisfied
24239,12,Very Satisfied
24240,12,Very Satisfied
24241,12,Very Satisfied
24242,12,Mod. Satisfied
24243,14,Mod. Satisfied
24244,17,Very Satisfied
24245,18,NA
24246,16,Very Satisfied
24247,14,Mod. Satisfied
24248,11,NA
24249,12,Very Satisfied
24250,12,Very Satisfied
24251,13,Very Satisfied
24252,11,Very Satisfied
24253,12,Very Satisfied
24254,9,Mod. Satisfied
24255,16,A Little Dissat
24256,10,Mod. Satisfied
24257,8,Very Satisfied
24258,14,NA
24259,14,Very Satisfied
24260,12,Very Satisfied
24261,12,Very Satisfied
24262,12,Very Satisfied
24263,15,Mod. Satisfied
24264,8,NA
24265,11,NA
24266,14,Very Satisfied
24267,15,NA
24268,16,NA
24269,16,Very Satisfied
24270,12,Very Satisfied
24271,18,Mod. Satisfied
24272,12,Mod. Satisfied
24273,8,Very Satisfied
24274,12,NA
24275,10,NA
24276,11,Very Satisfied
24277,7,Mod. Satisfied
24278,12,NA
24279,12,Mod. Satisfied
24280,12,Mod. Satisfied
24281,10,Mod. Satisfied
24282,12,Mod. Satisfied
24283,12,Mod. Satisfied
24284,12,Mod. Satisfied
24285,8,NA
24286,14,A Little Dissat
24287,6,Very Satisfied
24288,8,Mod. Satisfied
24289,6,Mod. Satisfied
24290,16,Very Satisfied
24291,13,Very Satisfied
24292,18,Mod. Satisfied
24293,15,Very Satisfied
24294,15,NA
24295,16,NA
24296,14,A Little Dissat
24297,16,Mod. Satisfied
24298,18,Mod. Satisfied
24299,14,Mod. Satisfied
24300,16,Very Satisfied
24301,16,Very Satisfied
24302,12,Very Satisfied
24303,14,Very Satisfied
24304,14,A Little Dissat
24305,12,A Little Dissat
24306,12,Mod. Satisfied
24307,12,Mod. Satisfied
24308,14,Mod. Satisfied
24309,7,A Little Dissat
24310,13,Mod. Satisfied
24311,12,Mod. Satisfied
24312,15,Very Satisfied
24313,20,Mod. Satisfied
24314,14,Very Dissatisfied
24315,16,Very Satisfied
24316,12,Very Satisfied
24317,14,NA
24318,14,Very Satisfied
24319,12,Very Satisfied
24320,14,Mod. Satisfied
24321,12,Very Satisfied
24322,14,A Little Dissat
24323,12,Very Dissatisfied
24324,10,Very Satisfied
24325,12,Very Satisfied
24326,12,NA
24327,14,Mod. Satisfied
24328,12,Mod. Satisfied
24329,9,NA
24330,15,Very Satisfied
24331,12,NA
24332,16,Very Satisfied
24333,12,Mod. Satisfied
24334,14,NA
24335,19,Very Dissatisfied
24336,12,NA
24337,16,Mod. Satisfied
24338,18,NA
24339,13,NA
24340,20,NA
24341,4,Very Satisfied
24342,17,NA
24343,13,NA
24344,17,Very Satisfied
24345,16,Very Satisfied
24346,16,A Little Dissat
24347,12,Very Dissatisfied
24348,12,Very Satisfied
24349,11,Very Satisfied
24350,13,Very Satisfied
24351,11,Mod. Satisfied
24352,10,NA
24353,14,Very Satisfied
24354,12,NA
24355,16,A Little Dissat
24356,13,Mod. Satisfied
24357,18,Very Satisfied
24358,10,A Little Dissat
24359,9,Very Satisfied
24360,12,Very Satisfied
24361,12,Very Satisfied
24362,12,Very Satisfied
24363,13,Mod. Satisfied
24364,8,NA
24365,12,Very Satisfied
24366,16,Very Satisfied
24367,14,Very Satisfied
24368,16,Very Satisfied
24369,12,Very Satisfied
24370,11,Very Satisfied
24371,14,Very Satisfied
24372,12,Very Satisfied
24373,12,Very Satisfied
24374,13,Mod. Satisfied
24375,13,Very Dissatisfied
24376,18,Very Dissatisfied
24377,17,Very Satisfied
24378,14,A Little Dissat
24379,14,NA
24380,20,Very Satisfied
24381,14,Mod. Satisfied
24382,12,NA
24383,12,NA
24384,12,A Little Dissat
24385,13,Very Satisfied
24386,12,Very Satisfied
24387,12,Very Satisfied
24388,11,A Little Dissat
24389,14,Very Satisfied
24390,16,Mod. Satisfied
24391,13,Very Satisfied
24392,16,Very Satisfied
24393,20,Very Satisfied
24394,13,NA
24395,19,Very Satisfied
24396,13,Very Satisfied
24397,14,Very Satisfied
24398,8,NA
24399,12,Very Satisfied
24400,20,Mod. Satisfied
24401,16,Very Satisfied
24402,20,Mod. Satisfied
24403,17,Very Dissatisfied
24404,17,Mod. Satisfied
24405,13,Mod. Satisfied
24406,12,Very Satisfied
24407,14,Mod. Satisfied
24408,12,Very Satisfied
24409,12,Mod. Satisfied
24410,14,Very Satisfied
24411,12,Mod. Satisfied
24412,18,Very Satisfied
24413,16,Very Dissatisfied
24414,20,Very Satisfied
24415,14,NA
24416,16,Mod. Satisfied
24417,14,Very Satisfied
24418,12,Very Satisfied
24419,14,A Little Dissat
24420,14,Very Satisfied
24421,12,Mod. Satisfied
24422,8,Mod. Satisfied
24423,14,Very Satisfied
24424,16,NA
24425,13,NA
24426,12,NA
24427,15,NA
24428,12,Very Satisfied
24429,12,Very Satisfied
24430,10,Mod. Satisfied
24431,12,NA
24432,9,Very Satisfied
24433,15,Very Satisfied
24434,12,NA
24435,12,Very Satisfied
24436,12,Very Satisfied
24437,14,Very Satisfied
24438,12,Mod. Satisfied
24439,12,A Little Dissat
24440,17,Very Satisfied
24441,12,Mod. Satisfied
24442,18,NA
24443,12,NA
24444,16,Very Satisfied
24445,14,Mod. Satisfied
24446,13,Very Satisfied
24447,13,Mod. Satisfied
24448,12,Mod. Satisfied
24449,15,Very Satisfied
24450,12,NA
24451,16,Mod. Satisfied
24452,12,Very Satisfied
24453,12,Mod. Satisfied
24454,16,Very Satisfied
24455,12,NA
24456,12,Very Satisfied
24457,14,Mod. Satisfied
24458,12,NA
24459,12,Very Satisfied
24460,6,NA
24461,15,Very Satisfied
24462,9,A Little Dissat
24463,14,NA
24464,14,NA
24465,12,Mod. Satisfied
24466,12,Very Satisfied
24467,11,NA
24468,12,Mod. Satisfied
24469,12,NA
24470,8,NA
24471,17,Very Satisfied
24472,12,NA
24473,9,NA
24474,11,Mod. Satisfied
24475,19,Very Satisfied
24476,20,Mod. Satisfied
24477,10,A Little Dissat
24478,12,A Little Dissat
24479,12,Very Satisfied
24480,12,Mod. Satisfied
24481,17,A Little Dissat
24482,8,NA
24483,12,NA
24484,17,NA
24485,11,NA
24486,13,Mod. Satisfied
24487,12,NA
24488,12,A Little Dissat
24489,18,Mod. Satisfied
24490,14,Mod. Satisfied
24491,12,NA
24492,7,NA
24493,15,Mod. Satisfied
24494,8,Mod. Satisfied
24495,11,NA
24496,18,Very Satisfied
24497,11,NA
24498,8,Mod. Satisfied
24499,12,Mod. Satisfied
24500,12,Mod. Satisfied
24501,12,Very Satisfied
24502,16,NA
24503,11,A Little Dissat
24504,10,Mod. Satisfied
24505,12,Very Satisfied
24506,13,Very Satisfied
24507,12,NA
24508,NA,Mod. Satisfied
24509,13,Very Satisfied
24510,12,Mod. Satisfied
24511,13,Very Satisfied
24512,8,Very Satisfied
24513,12,Very Satisfied
24514,13,Very Satisfied
24515,12,NA
24516,12,Very Satisfied
24517,11,NA
24518,12,Mod. Satisfied
24519,14,Mod. Satisfied
24520,9,Very Satisfied
24521,13,A Little Dissat
24522,12,Mod. Satisfied
24523,13,Mod. Satisfied
24524,12,Very Satisfied
24525,8,Very Satisfied
24526,12,Very Satisfied
24527,12,Mod. Satisfied
24528,10,Mod. Satisfied
24529,8,A Little Dissat
24530,10,Mod. Satisfied
24531,13,Very Satisfied
24532,14,Mod. Satisfied
24533,8,NA
24534,18,Very Satisfied
24535,11,Mod. Satisfied
24536,4,NA
24537,13,Very Satisfied
24538,7,Very Satisfied
24539,10,Very Dissatisfied
24540,8,Mod. Satisfied
24541,11,Mod. Satisfied
24542,10,Mod. Satisfied
24543,12,Mod. Satisfied
24544,16,Mod. Satisfied
24545,10,NA
24546,11,Very Satisfied
24547,12,Very Satisfied
24548,13,A Little Dissat
24549,12,Mod. Satisfied
24550,8,Very Satisfied
24551,14,NA
24552,15,Very Satisfied
24553,12,Mod. Satisfied
24554,16,Very Satisfied
24555,12,Very Satisfied
24556,12,NA
24557,15,Mod. Satisfied
24558,12,Very Satisfied
24559,10,A Little Dissat
24560,13,Mod. Satisfied
24561,12,Mod. Satisfied
24562,13,A Little Dissat
24563,12,Very Dissatisfied
24564,14,Very Satisfied
24565,14,Mod. Satisfied
24566,14,Very Satisfied
24567,12,NA
24568,14,Mod. Satisfied
24569,13,A Little Dissat
24570,8,NA
24571,12,Very Satisfied
24572,16,Mod. Satisfied
24573,12,Mod. Satisfied
24574,12,Very Satisfied
24575,8,NA
24576,12,Very Satisfied
24577,12,NA
24578,9,NA
24579,9,NA
24580,12,Very Satisfied
24581,12,Very Satisfied
24582,12,A Little Dissat
24583,9,Very Satisfied
24584,15,Mod. Satisfied
24585,8,Very Satisfied
24586,12,Mod. Satisfied
24587,12,A Little Dissat
24588,11,Mod. Satisfied
24589,11,Very Satisfied
24590,16,Very Satisfied
24591,16,Mod. Satisfied
24592,14,Mod. Satisfied
24593,14,Mod. Satisfied
24594,12,Very Satisfied
24595,12,Mod. Satisfied
24596,12,NA
24597,16,Mod. Satisfied
24598,12,Very Satisfied
24599,12,Very Dissatisfied
24600,13,Mod. Satisfied
24601,12,Very Satisfied
24602,17,Very Satisfied
24603,12,Mod. Satisfied
24604,12,Very Satisfied
24605,12,Very Satisfied
24606,15,Very Satisfied
24607,12,Very Satisfied
24608,14,NA
24609,15,NA
24610,16,NA
24611,16,Mod. Satisfied
24612,12,Mod. Satisfied
24613,16,Mod. Satisfied
24614,15,Mod. Satisfied
24615,12,NA
24616,12,NA
24617,12,NA
24618,12,NA
24619,12,NA
24620,12,NA
24621,12,NA
24622,10,Mod. Satisfied
24623,13,A Little Dissat
24624,15,Mod. Satisfied
24625,12,NA
24626,12,Mod. Satisfied
24627,12,Mod. Satisfied
24628,18,Mod. Satisfied
24629,10,NA
24630,12,Mod. Satisfied
24631,9,Very Satisfied
24632,8,NA
24633,14,A Little Dissat
24634,12,Mod. Satisfied
24635,12,A Little Dissat
24636,12,NA
24637,14,Very Satisfied
24638,12,Mod. Satisfied
24639,11,NA
24640,15,Very Satisfied
24641,12,Mod. Satisfied
24642,12,Very Satisfied
24643,12,Very Satisfied
24644,12,Mod. Satisfied
24645,12,Mod. Satisfied
24646,8,NA
24647,11,Very Satisfied
24648,8,NA
24649,5,Very Satisfied
24650,13,Mod. Satisfied
24651,6,NA
24652,11,Very Satisfied
24653,12,Mod. Satisfied
24654,12,Mod. Satisfied
24655,10,NA
24656,8,Very Satisfied
24657,7,Mod. Satisfied
24658,12,NA
24659,11,Very Satisfied
24660,16,Very Satisfied
24661,20,Very Satisfied
24662,17,Mod. Satisfied
24663,20,Very Satisfied
24664,16,Mod. Satisfied
24665,16,Mod. Satisfied
24666,16,Very Satisfied
24667,14,Very Satisfied
24668,16,NA
24669,17,A Little Dissat
24670,14,NA
24671,14,Very Satisfied
24672,18,Very Satisfied
24673,10,A Little Dissat
24674,12,NA
24675,12,A Little Dissat
24676,12,NA
24677,4,NA
24678,12,Mod. Satisfied
24679,12,Mod. Satisfied
24680,11,NA
24681,10,Very Dissatisfied
24682,9,Very Satisfied
24683,10,Very Satisfied
24684,12,Mod. Satisfied
24685,12,Mod. Satisfied
24686,12,Mod. Satisfied
24687,12,Very Satisfied
24688,14,Very Satisfied
24689,12,Very Satisfied
24690,12,Mod. Satisfied
24691,12,Very Satisfied
24692,13,Very Satisfied
24693,12,Mod. Satisfied
24694,12,A Little Dissat
24695,12,Very Satisfied
24696,16,NA
24697,11,Very Satisfied
24698,13,Very Satisfied
24699,12,A Little Dissat
24700,12,A Little Dissat
24701,12,Very Satisfied
24702,12,NA
24703,18,Very Satisfied
24704,12,NA
24705,16,NA
24706,8,NA
24707,NA,NA
24708,12,NA
24709,14,NA
24710,12,NA
24711,12,NA
24712,20,Very Satisfied
24713,9,NA
24714,14,Very Satisfied
24715,14,NA
24716,12,NA
24717,8,NA
24718,9,A Little Dissat
24719,4,Very Dissatisfied
24720,8,NA
24721,9,Mod. Satisfied
24722,0,Mod. Satisfied
24723,4,Very Satisfied
24724,12,Very Dissatisfied
24725,16,Mod. Satisfied
24726,14,Mod. Satisfied
24727,12,Very Satisfied
24728,9,Very Satisfied
24729,14,Mod. Satisfied
24730,13,Very Satisfied
24731,11,NA
24732,4,Mod. Satisfied
24733,11,Very Satisfied
24734,1,Very Satisfied
24735,8,NA
24736,1,Very Dissatisfied
24737,0,NA
24738,9,Mod. Satisfied
24739,11,Very Satisfied
24740,16,Very Satisfied
24741,11,Mod. Satisfied
24742,12,NA
24743,8,Very Satisfied
24744,10,A Little Dissat
24745,12,Very Satisfied
24746,11,Mod. Satisfied
24747,6,NA
24748,8,Mod. Satisfied
24749,14,Mod. Satisfied
24750,9,Mod. Satisfied
24751,10,Very Dissatisfied
24752,10,NA
24753,8,NA
24754,7,Very Dissatisfied
24755,13,Mod. Satisfied
24756,12,Very Satisfied
24757,9,A Little Dissat
24758,8,Mod. Satisfied
24759,13,A Little Dissat
24760,8,Mod. Satisfied
24761,11,NA
24762,12,A Little Dissat
24763,9,NA
24764,14,Very Satisfied
24765,12,Very Satisfied
24766,12,A Little Dissat
24767,11,Very Satisfied
24768,11,Mod. Satisfied
24769,9,Mod. Satisfied
24770,12,Very Satisfied
24771,11,Mod. Satisfied
24772,8,Mod. Satisfied
24773,3,Mod. Satisfied
24774,18,A Little Dissat
24775,10,A Little Dissat
24776,12,Mod. Satisfied
24777,10,Very Satisfied
24778,8,Mod. Satisfied
24779,15,NA
24780,15,NA
24781,15,NA
24782,18,Mod. Satisfied
24783,15,NA
24784,7,NA
24785,7,NA
24786,14,Very Satisfied
24787,16,A Little Dissat
24788,12,Mod. Satisfied
24789,13,NA
24790,NA,NA
24791,12,NA
24792,12,NA
24793,9,Very Satisfied
24794,12,Very Dissatisfied
24795,17,NA
24796,15,NA
24797,14,NA
24798,14,NA
24799,15,NA
24800,13,NA
24801,8,Mod. Satisfied
24802,17,Mod. Satisfied
24803,7,Very Satisfied
24804,14,Mod. Satisfied
24805,14,Mod. Satisfied
24806,15,Mod. Satisfied
24807,14,Very Satisfied
24808,12,Very Satisfied
24809,18,Very Satisfied
24810,16,Mod. Satisfied
24811,11,Mod. Satisfied
24812,12,Very Satisfied
24813,10,Very Satisfied
24814,8,A Little Dissat
24815,9,A Little Dissat
24816,11,NA
24817,7,Very Dissatisfied
24818,12,A Little Dissat
24819,12,Very Satisfied
24820,11,Mod. Satisfied
24821,7,Mod. Satisfied
24822,11,NA
24823,16,Mod. Satisfied
24824,17,Mod. Satisfied
24825,11,Mod. Satisfied
24826,8,Mod. Satisfied
24827,10,Mod. Satisfied
24828,12,A Little Dissat
24829,10,Mod. Satisfied
24830,12,Mod. Satisfied
24831,16,Mod. Satisfied
24832,15,Mod. Satisfied
24833,11,A Little Dissat
24834,12,Mod. Satisfied
24835,8,Mod. Satisfied
24836,8,Mod. Satisfied
24837,15,Very Satisfied
24838,15,Mod. Satisfied
24839,18,Very Satisfied
24840,12,NA
24841,12,A Little Dissat
24842,11,A Little Dissat
24843,9,NA
24844,12,NA
24845,12,Mod. Satisfied
24846,12,NA
24847,8,NA
24848,12,NA
24849,12,NA
24850,11,NA
24851,9,NA
24852,12,Very Satisfied
24853,18,Mod. Satisfied
24854,12,Very Satisfied
24855,15,Mod. Satisfied
24856,16,Very Satisfied
24857,12,Very Satisfied
24858,12,NA
24859,14,Very Satisfied
24860,5,NA
24861,8,Very Satisfied
24862,16,Mod. Satisfied
24863,12,Mod. Satisfied
24864,12,Mod. Satisfied
24865,13,Mod. Satisfied
24866,19,Very Dissatisfied
24867,15,NA
24868,12,Mod. Satisfied
24869,15,Very Satisfied
24870,18,Very Satisfied
24871,12,Very Satisfied
24872,8,Mod. Satisfied
24873,15,Mod. Satisfied
24874,16,Very Satisfied
24875,18,NA
24876,18,Very Satisfied
24877,7,NA
24878,9,Very Satisfied
24879,10,NA
24880,8,Very Satisfied
24881,12,Mod. Satisfied
24882,12,Mod. Satisfied
24883,8,NA
24884,15,Mod. Satisfied
24885,12,Very Satisfied
24886,11,Very Satisfied
24887,14,Mod. Satisfied
24888,16,Very Satisfied
24889,12,Mod. Satisfied
24890,18,A Little Dissat
24891,20,Mod. Satisfied
24892,12,Mod. Satisfied
24893,12,A Little Dissat
24894,16,A Little Dissat
24895,20,Mod. Satisfied
24896,16,Very Satisfied
24897,14,Mod. Satisfied
24898,8,NA
24899,8,NA
24900,19,Very Satisfied
24901,12,Mod. Satisfied
24902,14,Mod. Satisfied
24903,12,NA
24904,12,Mod. Satisfied
24905,5,NA
24906,10,NA
24907,12,Mod. Satisfied
24908,6,NA
24909,12,A Little Dissat
24910,14,NA
24911,8,NA
24912,8,Very Satisfied
24913,16,A Little Dissat
24914,12,Mod. Satisfied
24915,12,Mod. Satisfied
24916,9,A Little Dissat
24917,9,Very Satisfied
24918,15,Very Satisfied
24919,8,A Little Dissat
24920,12,Mod. Satisfied
24921,12,NA
24922,14,Mod. Satisfied
24923,14,Very Satisfied
24924,9,A Little Dissat
24925,10,NA
24926,15,Mod. Satisfied
24927,13,Mod. Satisfied
24928,11,NA
24929,12,NA
24930,13,Very Satisfied
24931,12,A Little Dissat
24932,16,Mod. Satisfied
24933,11,A Little Dissat
24934,16,NA
24935,16,Very Satisfied
24936,16,NA
24937,18,Mod. Satisfied
24938,12,Mod. Satisfied
24939,12,A Little Dissat
24940,10,Mod. Satisfied
24941,14,Very Satisfied
24942,12,A Little Dissat
24943,12,Mod. Satisfied
24944,12,Very Satisfied
24945,8,Very Satisfied
24946,12,Very Satisfied
24947,12,Mod. Satisfied
24948,12,Mod. Satisfied
24949,17,A Little Dissat
24950,14,Mod. Satisfied
24951,12,Very Satisfied
24952,14,Very Satisfied
24953,10,Very Satisfied
24954,12,Mod. Satisfied
24955,11,A Little Dissat
24956,20,Mod. Satisfied
24957,17,Very Satisfied
24958,20,Very Satisfied
24959,18,Mod. Satisfied
24960,14,NA
24961,12,Very Satisfied
24962,13,NA
24963,16,Very Satisfied
24964,12,Mod. Satisfied
24965,15,NA
24966,14,Mod. Satisfied
24967,17,Mod. Satisfied
24968,14,A Little Dissat
24969,14,Very Satisfied
24970,14,A Little Dissat
24971,18,Very Dissatisfied
24972,18,Very Satisfied
24973,11,Mod. Satisfied
24974,12,Very Satisfied
24975,12,Mod. Satisfied
24976,14,NA
24977,13,Mod. Satisfied
24978,14,Very Satisfied
24979,15,Very Satisfied
24980,12,Mod. Satisfied
24981,8,Mod. Satisfied
24982,14,Very Satisfied
24983,12,Very Satisfied
24984,12,Mod. Satisfied
24985,11,NA
24986,0,NA
24987,13,NA
24988,15,Very Satisfied
24989,10,NA
24990,13,Very Satisfied
24991,12,Very Dissatisfied
24992,8,NA
24993,15,Mod. Satisfied
24994,18,A Little Dissat
24995,20,Very Satisfied
24996,16,NA
24997,16,NA
24998,18,Very Satisfied
24999,16,Very Satisfied
25000,16,Very Satisfied
25001,18,Very Satisfied
25002,20,Mod. Satisfied
25003,14,Mod. Satisfied
25004,15,A Little Dissat
25005,12,Very Satisfied
25006,11,Very Satisfied
25007,16,Mod. Satisfied
25008,13,Very Satisfied
25009,15,Very Satisfied
25010,13,A Little Dissat
25011,8,Mod. Satisfied
25012,13,Mod. Satisfied
25013,20,Very Satisfied
25014,12,A Little Dissat
25015,12,NA
25016,12,NA
25017,13,Mod. Satisfied
25018,12,Very Satisfied
25019,11,A Little Dissat
25020,12,Very Satisfied
25021,6,Very Satisfied
25022,14,NA
25023,12,NA
25024,16,Very Satisfied
25025,12,Very Satisfied
25026,20,Mod. Satisfied
25027,13,Mod. Satisfied
25028,12,Mod. Satisfied
25029,14,NA
25030,8,Very Satisfied
25031,13,Mod. Satisfied
25032,12,Very Satisfied
25033,11,Very Satisfied
25034,13,Very Satisfied
25035,12,Mod. Satisfied
25036,14,Mod. Satisfied
25037,12,Very Satisfied
25038,12,Very Satisfied
25039,10,NA
25040,11,Mod. Satisfied
25041,16,Very Satisfied
25042,14,Very Satisfied
25043,9,NA
25044,10,Very Satisfied
25045,12,NA
25046,14,Mod. Satisfied
25047,14,A Little Dissat
25048,12,Mod. Satisfied
25049,14,NA
25050,17,Very Satisfied
25051,20,Very Satisfied
25052,12,Very Satisfied
25053,16,Very Satisfied
25054,16,Very Satisfied
25055,NA,NA
25056,11,Very Dissatisfied
25057,12,Very Satisfied
25058,12,Mod. Satisfied
25059,11,NA
25060,6,NA
25061,16,Very Satisfied
25062,17,Very Satisfied
25063,14,Very Satisfied
25064,19,Mod. Satisfied
25065,16,Very Satisfied
25066,13,Mod. Satisfied
25067,14,Mod. Satisfied
25068,11,NA
25069,12,NA
25070,18,NA
25071,14,Very Satisfied
25072,16,NA
25073,14,NA
25074,17,A Little Dissat
25075,16,Very Satisfied
25076,15,Very Satisfied
25077,16,Very Satisfied
25078,20,Very Satisfied
25079,16,Mod. Satisfied
25080,16,NA
25081,17,Mod. Satisfied
25082,14,NA
25083,8,NA
25084,5,NA
25085,14,NA
25086,10,Mod. Satisfied
25087,12,Very Satisfied
25088,15,Mod. Satisfied
25089,16,NA
25090,12,Very Satisfied
25091,10,Very Satisfied
25092,15,Very Satisfied
25093,13,NA
25094,11,Mod. Satisfied
25095,12,Very Satisfied
25096,14,Mod. Satisfied
25097,12,Very Satisfied
25098,6,Very Satisfied
25099,15,Mod. Satisfied
25100,14,Mod. Satisfied
25101,13,Mod. Satisfied
25102,14,Very Satisfied
25103,12,Mod. Satisfied
25104,10,Very Dissatisfied
25105,4,Mod. Satisfied
25106,18,Very Satisfied
25107,19,NA
25108,14,Mod. Satisfied
25109,16,Mod. Satisfied
25110,19,Mod. Satisfied
25111,12,Mod. Satisfied
25112,12,Very Satisfied
25113,13,Mod. Satisfied
25114,12,Very Satisfied
25115,5,NA
25116,12,NA
25117,15,Mod. Satisfied
25118,2,NA
25119,9,NA
25120,13,A Little Dissat
25121,16,Very Satisfied
25122,10,Mod. Satisfied
25123,9,A Little Dissat
25124,14,Mod. Satisfied
25125,12,Very Satisfied
25126,16,Mod. Satisfied
25127,12,Mod. Satisfied
25128,17,Very Satisfied
25129,13,Mod. Satisfied
25130,12,Mod. Satisfied
25131,16,Very Satisfied
25132,19,Very Satisfied
25133,12,Very Satisfied
25134,11,A Little Dissat
25135,9,NA
25136,14,NA
25137,13,Mod. Satisfied
25138,12,Very Satisfied
25139,12,Very Satisfied
25140,12,Very Dissatisfied
25141,12,Very Satisfied
25142,12,Very Satisfied
25143,12,NA
25144,12,NA
25145,12,NA
25146,17,Mod. Satisfied
25147,15,Very Satisfied
25148,14,Very Satisfied
25149,13,NA
25150,14,NA
25151,16,Very Satisfied
25152,13,Mod. Satisfied
25153,11,Very Satisfied
25154,16,Very Satisfied
25155,20,Very Satisfied
25156,16,Very Satisfied
25157,16,A Little Dissat
25158,16,Mod. Satisfied
25159,16,NA
25160,18,A Little Dissat
25161,12,Mod. Satisfied
25162,18,Mod. Satisfied
25163,12,Mod. Satisfied
25164,13,A Little Dissat
25165,16,Mod. Satisfied
25166,7,Mod. Satisfied
25167,11,NA
25168,12,Mod. Satisfied
25169,12,Very Dissatisfied
25170,16,Mod. Satisfied
25171,13,Very Dissatisfied
25172,13,Mod. Satisfied
25173,14,Mod. Satisfied
25174,16,Very Satisfied
25175,16,Mod. Satisfied
25176,16,Very Satisfied
25177,12,Very Satisfied
25178,16,NA
25179,14,NA
25180,12,NA
25181,10,Mod. Satisfied
25182,12,Very Satisfied
25183,11,Very Satisfied
25184,18,Very Satisfied
25185,12,Mod. Satisfied
25186,10,A Little Dissat
25187,13,NA
25188,14,Very Satisfied
25189,18,Very Satisfied
25190,16,Very Satisfied
25191,15,NA
25192,12,A Little Dissat
25193,11,NA
25194,12,Mod. Satisfied
25195,12,Very Satisfied
25196,18,Mod. Satisfied
25197,17,Very Satisfied
25198,12,Very Satisfied
25199,16,Mod. Satisfied
25200,18,Very Satisfied
25201,15,Very Satisfied
25202,16,Very Satisfied
25203,9,Very Satisfied
25204,11,Mod. Satisfied
25205,12,NA
25206,12,Very Satisfied
25207,12,Very Satisfied
25208,12,Very Satisfied
25209,10,NA
25210,11,A Little Dissat
25211,8,NA
25212,13,Very Satisfied
25213,17,Very Satisfied
25214,14,NA
25215,13,Very Satisfied
25216,12,A Little Dissat
25217,16,Very Satisfied
25218,18,Very Satisfied
25219,16,Very Satisfied
25220,12,A Little Dissat
25221,16,Mod. Satisfied
25222,17,Mod. Satisfied
25223,16,Mod. Satisfied
25224,15,Mod. Satisfied
25225,12,Mod. Satisfied
25226,12,Mod. Satisfied
25227,13,Mod. Satisfied
25228,16,Mod. Satisfied
25229,7,NA
25230,9,Very Satisfied
25231,11,Mod. Satisfied
25232,18,Very Satisfied
25233,14,NA
25234,14,Mod. Satisfied
25235,12,Very Satisfied
25236,15,Mod. Satisfied
25237,16,Very Satisfied
25238,15,Mod. Satisfied
25239,12,Mod. Satisfied
25240,14,Very Satisfied
25241,9,Very Dissatisfied
25242,14,Very Satisfied
25243,11,NA
25244,16,Very Satisfied
25245,13,Very Satisfied
25246,13,Mod. Satisfied
25247,8,Very Satisfied
25248,11,Very Satisfied
25249,7,NA
25250,12,Very Satisfied
25251,9,NA
25252,8,NA
25253,12,A Little Dissat
25254,8,Mod. Satisfied
25255,14,Mod. Satisfied
25256,18,Very Satisfied
25257,12,Very Satisfied
25258,11,Very Satisfied
25259,13,Mod. Satisfied
25260,14,Very Satisfied
25261,14,A Little Dissat
25262,15,Mod. Satisfied
25263,8,NA
25264,14,Very Satisfied
25265,9,Mod. Satisfied
25266,12,Very Satisfied
25267,15,Mod. Satisfied
25268,16,Mod. Satisfied
25269,16,Mod. Satisfied
25270,16,NA
25271,12,Mod. Satisfied
25272,13,Mod. Satisfied
25273,16,A Little Dissat
25274,20,Mod. Satisfied
25275,12,Mod. Satisfied
25276,12,Mod. Satisfied
25277,13,A Little Dissat
25278,12,Very Satisfied
25279,14,Mod. Satisfied
25280,12,NA
25281,11,Mod. Satisfied
25282,12,Mod. Satisfied
25283,14,Very Satisfied
25284,12,NA
25285,12,Mod. Satisfied
25286,12,Very Satisfied
25287,16,Mod. Satisfied
25288,15,NA
25289,12,NA
25290,15,NA
25291,15,Mod. Satisfied
25292,16,Very Dissatisfied
25293,11,Mod. Satisfied
25294,15,Very Dissatisfied
25295,10,Mod. Satisfied
25296,14,Mod. Satisfied
25297,12,Mod. Satisfied
25298,12,Mod. Satisfied
25299,7,NA
25300,18,Mod. Satisfied
25301,18,Very Satisfied
25302,16,A Little Dissat
25303,14,Very Satisfied
25304,14,Very Satisfied
25305,12,Mod. Satisfied
25306,14,Mod. Satisfied
25307,12,Mod. Satisfied
25308,8,NA
25309,12,Very Dissatisfied
25310,10,Very Satisfied
25311,9,A Little Dissat
25312,16,Mod. Satisfied
25313,12,NA
25314,16,Very Satisfied
25315,16,Very Satisfied
25316,14,Very Satisfied
25317,2,NA
25318,17,Very Satisfied
25319,16,Mod. Satisfied
25320,17,Mod. Satisfied
25321,16,Very Satisfied
25322,12,Mod. Satisfied
25323,16,Very Satisfied
25324,12,NA
25325,14,Mod. Satisfied
25326,12,A Little Dissat
25327,12,NA
25328,14,NA
25329,12,Mod. Satisfied
25330,12,A Little Dissat
25331,12,Mod. Satisfied
25332,14,NA
25333,12,A Little Dissat
25334,12,NA
25335,14,Very Satisfied
25336,11,A Little Dissat
25337,11,NA
25338,12,Mod. Satisfied
25339,17,Very Satisfied
25340,14,A Little Dissat
25341,14,A Little Dissat
25342,14,Mod. Satisfied
25343,9,Very Satisfied
25344,16,NA
25345,6,NA
25346,8,NA
25347,11,NA
25348,10,NA
25349,6,Very Satisfied
25350,15,Mod. Satisfied
25351,16,Very Satisfied
25352,20,Very Satisfied
25353,14,Very Satisfied
25354,18,Very Satisfied
25355,14,Very Satisfied
25356,14,Mod. Satisfied
25357,13,Very Satisfied
25358,6,NA
25359,16,A Little Dissat
25360,14,A Little Dissat
25361,15,NA
25362,12,NA
25363,12,Mod. Satisfied
25364,13,Mod. Satisfied
25365,16,NA
25366,17,Very Satisfied
25367,12,NA
25368,12,NA
25369,12,A Little Dissat
25370,14,NA
25371,15,Very Satisfied
25372,12,NA
25373,12,Mod. Satisfied
25374,16,A Little Dissat
25375,8,Mod. Satisfied
25376,12,Very Satisfied
25377,12,Very Satisfied
25378,12,Mod. Satisfied
25379,13,Very Satisfied
25380,14,Very Satisfied
25381,9,Mod. Satisfied
25382,11,Mod. Satisfied
25383,11,Very Satisfied
25384,12,Very Satisfied
25385,12,Very Satisfied
25386,15,Very Satisfied
25387,16,Very Satisfied
25388,13,Very Satisfied
25389,16,Very Satisfied
25390,12,NA
25391,12,Very Satisfied
25392,18,NA
25393,12,NA
25394,0,Very Satisfied
25395,14,NA
25396,14,Very Satisfied
25397,19,Very Satisfied
25398,12,NA
25399,16,NA
25400,12,A Little Dissat
25401,17,Mod. Satisfied
25402,12,NA
25403,12,Mod. Satisfied
25404,16,Very Satisfied
25405,12,Very Satisfied
25406,16,NA
25407,19,NA
25408,14,NA
25409,17,NA
25410,12,NA
25411,8,NA
25412,8,NA
25413,17,Very Satisfied
25414,12,Very Satisfied
25415,13,Very Satisfied
25416,14,Very Satisfied
25417,13,Very Satisfied
25418,12,Very Satisfied
25419,12,NA
25420,12,Very Satisfied
25421,12,Mod. Satisfied
25422,14,Mod. Satisfied
25423,12,Very Satisfied
25424,14,Very Satisfied
25425,16,Very Satisfied
25426,12,Mod. Satisfied
25427,18,NA
25428,19,Very Satisfied
25429,12,Mod. Satisfied
25430,12,Very Satisfied
25431,12,Very Satisfied
25432,12,Very Satisfied
25433,12,Mod. Satisfied
25434,13,Very Satisfied
25435,15,Mod. Satisfied
25436,12,Very Satisfied
25437,14,NA
25438,12,Very Satisfied
25439,12,NA
25440,12,Very Satisfied
25441,11,A Little Dissat
25442,12,Mod. Satisfied
25443,11,Very Satisfied
25444,12,NA
25445,14,Very Satisfied
25446,12,Very Satisfied
25447,12,Very Satisfied
25448,16,Very Satisfied
25449,15,Mod. Satisfied
25450,12,Very Satisfied
25451,14,Very Satisfied
25452,14,NA
25453,14,Mod. Satisfied
25454,14,A Little Dissat
25455,15,NA
25456,12,Very Satisfied
25457,12,Mod. Satisfied
25458,11,Very Satisfied
25459,14,Very Satisfied
25460,9,NA
25461,11,Very Satisfied
25462,14,Very Satisfied
25463,12,Very Satisfied
25464,11,NA
25465,20,Very Satisfied
25466,12,Very Satisfied
25467,12,NA
25468,16,Mod. Satisfied
25469,11,Mod. Satisfied
25470,10,A Little Dissat
25471,10,A Little Dissat
25472,12,Very Satisfied
25473,18,Mod. Satisfied
25474,15,NA
25475,13,Mod. Satisfied
25476,12,Mod. Satisfied
25477,14,Mod. Satisfied
25478,13,A Little Dissat
25479,16,A Little Dissat
25480,15,A Little Dissat
25481,12,Very Satisfied
25482,11,NA
25483,11,NA
25484,12,Very Satisfied
25485,9,Mod. Satisfied
25486,11,Very Satisfied
25487,16,Very Satisfied
25488,12,Mod. Satisfied
25489,12,NA
25490,12,Very Satisfied
25491,14,Mod. Satisfied
25492,12,Mod. Satisfied
25493,12,Mod. Satisfied
25494,12,Very Satisfied
25495,12,Very Satisfied
25496,15,A Little Dissat
25497,18,Mod. Satisfied
25498,15,Very Satisfied
25499,16,Very Satisfied
25500,14,Very Satisfied
25501,13,Mod. Satisfied
25502,13,Mod. Satisfied
25503,12,Very Satisfied
25504,12,Mod. Satisfied
25505,13,Mod. Satisfied
25506,18,NA
25507,13,Very Dissatisfied
25508,16,Very Satisfied
25509,16,Very Satisfied
25510,16,NA
25511,17,A Little Dissat
25512,16,Mod. Satisfied
25513,13,NA
25514,12,Mod. Satisfied
25515,12,Very Dissatisfied
25516,13,Mod. Satisfied
25517,16,Very Satisfied
25518,14,NA
25519,14,Very Satisfied
25520,12,Very Satisfied
25521,12,Very Satisfied
25522,12,NA
25523,9,Very Satisfied
25524,11,A Little Dissat
25525,14,Mod. Satisfied
25526,10,NA
25527,4,NA
25528,12,NA
25529,11,NA
25530,3,NA
25531,14,Mod. Satisfied
25532,10,Mod. Satisfied
25533,11,NA
25534,14,Very Satisfied
25535,0,Very Satisfied
25536,12,Very Satisfied
25537,14,A Little Dissat
25538,14,NA
25539,16,Very Satisfied
25540,19,Very Satisfied
25541,11,NA
25542,16,Mod. Satisfied
25543,17,Very Satisfied
25544,13,Mod. Satisfied
25545,14,Very Satisfied
25546,17,Very Satisfied
25547,14,Mod. Satisfied
25548,16,NA
25549,16,Mod. Satisfied
25550,4,NA
25551,12,Very Satisfied
25552,7,NA
25553,10,NA
25554,8,Very Satisfied
25555,12,Very Dissatisfied
25556,12,Mod. Satisfied
25557,19,A Little Dissat
25558,12,Mod. Satisfied
25559,16,Mod. Satisfied
25560,14,NA
25561,16,Very Satisfied
25562,13,Mod. Satisfied
25563,9,Very Dissatisfied
25564,12,Very Satisfied
25565,12,NA
25566,12,Mod. Satisfied
25567,12,Mod. Satisfied
25568,16,Very Satisfied
25569,16,Mod. Satisfied
25570,12,NA
25571,14,NA
25572,12,NA
25573,16,NA
25574,9,Very Satisfied
25575,15,Very Satisfied
25576,11,NA
25577,14,Very Satisfied
25578,12,Mod. Satisfied
25579,17,NA
25580,13,NA
25581,12,Mod. Satisfied
25582,12,Very Satisfied
25583,13,Mod. Satisfied
25584,13,Mod. Satisfied
25585,14,Mod. Satisfied
25586,18,Mod. Satisfied
25587,14,A Little Dissat
25588,13,Very Satisfied
25589,12,Very Satisfied
25590,9,Very Satisfied
25591,13,Very Satisfied
25592,18,NA
25593,12,NA
25594,11,A Little Dissat
25595,12,NA
25596,2,Very Satisfied
25597,12,NA
25598,14,NA
25599,9,NA
25600,9,NA
25601,12,NA
25602,9,Mod. Satisfied
25603,11,A Little Dissat
25604,12,NA
25605,12,Mod. Satisfied
25606,NA,Mod. Satisfied
25607,12,Very Satisfied
25608,12,Mod. Satisfied
25609,11,Mod. Satisfied
25610,12,Very Satisfied
25611,14,NA
25612,16,Mod. Satisfied
25613,16,Mod. Satisfied
25614,12,Mod. Satisfied
25615,18,Mod. Satisfied
25616,12,Very Satisfied
25617,10,A Little Dissat
25618,12,Very Satisfied
25619,16,Mod. Satisfied
25620,12,Mod. Satisfied
25621,9,Mod. Satisfied
25622,4,Mod. Satisfied
25623,10,Mod. Satisfied
25624,6,Very Satisfied
25625,6,NA
25626,15,Mod. Satisfied
25627,14,Mod. Satisfied
25628,12,Very Satisfied
25629,14,NA
25630,12,A Little Dissat
25631,12,Mod. Satisfied
25632,9,Mod. Satisfied
25633,16,Very Satisfied
25634,12,A Little Dissat
25635,17,Mod. Satisfied
25636,5,Very Satisfied
25637,12,Very Satisfied
25638,12,Mod. Satisfied
25639,12,Mod. Satisfied
25640,11,NA
25641,10,NA
25642,8,Mod. Satisfied
25643,12,NA
25644,16,Mod. Satisfied
25645,13,A Little Dissat
25646,8,Mod. Satisfied
25647,12,Mod. Satisfied
25648,11,Mod. Satisfied
25649,9,NA
25650,15,Very Satisfied
25651,9,Very Satisfied
25652,14,A Little Dissat
25653,17,Very Satisfied
25654,12,Very Satisfied
25655,12,Mod. Satisfied
25656,12,Mod. Satisfied
25657,12,Very Satisfied
25658,13,Very Satisfied
25659,10,Very Dissatisfied
25660,11,Very Satisfied
25661,9,Mod. Satisfied
25662,12,Mod. Satisfied
25663,12,Very Satisfied
25664,15,Very Satisfied
25665,13,NA
25666,9,Mod. Satisfied
25667,12,Mod. Satisfied
25668,12,Very Dissatisfied
25669,8,Very Dissatisfied
25670,12,Mod. Satisfied
25671,9,Very Satisfied
25672,16,NA
25673,9,Very Satisfied
25674,16,NA
25675,14,NA
25676,15,NA
25677,15,NA
25678,14,NA
25679,14,Very Dissatisfied
25680,12,Very Satisfied
25681,12,Very Satisfied
25682,17,Very Satisfied
25683,16,Very Satisfied
25684,12,A Little Dissat
25685,12,Very Satisfied
25686,12,Very Satisfied
25687,12,Mod. Satisfied
25688,14,Mod. Satisfied
25689,20,Very Dissatisfied
25690,11,Very Satisfied
25691,14,Very Satisfied
25692,12,Very Satisfied
25693,18,Mod. Satisfied
25694,14,Very Satisfied
25695,16,Very Satisfied
25696,14,Very Satisfied
25697,16,Very Satisfied
25698,16,Mod. Satisfied
25699,14,Mod. Satisfied
25700,16,Mod. Satisfied
25701,12,A Little Dissat
25702,12,Very Satisfied
25703,13,NA
25704,12,Mod. Satisfied
25705,13,Very Satisfied
25706,8,NA
25707,12,Mod. Satisfied
25708,12,Mod. Satisfied
25709,12,Very Satisfied
25710,10,Mod. Satisfied
25711,9,NA
25712,15,Mod. Satisfied
25713,12,NA
25714,16,Very Dissatisfied
25715,14,Very Satisfied
25716,14,NA
25717,12,Mod. Satisfied
25718,8,Mod. Satisfied
25719,14,NA
25720,12,Very Dissatisfied
25721,12,Mod. Satisfied
25722,12,Very Satisfied
25723,15,NA
25724,16,Very Satisfied
25725,16,Mod. Satisfied
25726,12,NA
25727,16,Mod. Satisfied
25728,15,A Little Dissat
25729,14,NA
25730,16,Very Satisfied
25731,14,Mod. Satisfied
25732,11,Mod. Satisfied
25733,18,Mod. Satisfied
25734,13,Mod. Satisfied
25735,12,Very Satisfied
25736,10,Mod. Satisfied
25737,13,Mod. Satisfied
25738,12,Very Satisfied
25739,19,NA
25740,13,Very Satisfied
25741,16,Mod. Satisfied
25742,15,Very Satisfied
25743,18,NA
25744,15,NA
25745,16,Mod. Satisfied
25746,12,NA
25747,10,NA
25748,13,NA
25749,17,NA
25750,12,Mod. Satisfied
25751,9,Mod. Satisfied
25752,12,Mod. Satisfied
25753,14,NA
25754,10,NA
25755,12,Mod. Satisfied
25756,12,NA
25757,11,NA
25758,12,NA
25759,12,Mod. Satisfied
25760,12,Very Satisfied
25761,12,Very Satisfied
25762,16,Very Satisfied
25763,14,Very Satisfied
25764,13,Mod. Satisfied
25765,12,Very Satisfied
25766,14,Very Satisfied
25767,12,NA
25768,16,NA
25769,12,NA
25770,12,NA
25771,8,NA
25772,14,NA
25773,13,Very Satisfied
25774,13,NA
25775,17,NA
25776,12,NA
25777,12,NA
25778,12,NA
25779,12,A Little Dissat
25780,15,Very Satisfied
25781,12,Very Satisfied
25782,13,Very Satisfied
25783,18,Very Satisfied
25784,13,Very Satisfied
25785,16,Very Satisfied
25786,12,Very Satisfied
25787,12,Mod. Satisfied
25788,16,Mod. Satisfied
25789,13,NA
25790,16,Mod. Satisfied
25791,20,Very Satisfied
25792,12,Mod. Satisfied
25793,18,Very Satisfied
25794,12,NA
25795,16,NA
25796,14,Very Satisfied
25797,12,Mod. Satisfied
25798,14,Very Satisfied
25799,12,Very Satisfied
25800,14,NA
25801,12,Very Satisfied
25802,13,NA
25803,12,Very Satisfied
25804,13,Mod. Satisfied
25805,16,Very Satisfied
25806,16,A Little Dissat
25807,12,NA
25808,12,Mod. Satisfied
25809,12,Mod. Satisfied
25810,11,Mod. Satisfied
25811,13,Very Dissatisfied
25812,20,Very Satisfied
25813,14,Mod. Satisfied
25814,13,NA
25815,15,Very Satisfied
25816,18,NA
25817,14,A Little Dissat
25818,12,Very Satisfied
25819,13,Mod. Satisfied
25820,17,Mod. Satisfied
25821,14,Very Satisfied
25822,12,Mod. Satisfied
25823,16,Very Dissatisfied
25824,20,Very Satisfied
25825,14,Mod. Satisfied
25826,14,Mod. Satisfied
25827,15,Mod. Satisfied
25828,15,Mod. Satisfied
25829,17,Very Satisfied
25830,14,Mod. Satisfied
25831,12,NA
25832,20,Mod. Satisfied
25833,12,NA
25834,12,NA
25835,16,NA
25836,18,Very Satisfied
25837,14,NA
25838,14,NA
25839,20,NA
25840,20,Very Satisfied
25841,12,Very Satisfied
25842,14,Very Satisfied
25843,16,Very Satisfied
25844,13,Very Dissatisfied
25845,8,Very Dissatisfied
25846,15,Mod. Satisfied
25847,8,Mod. Satisfied
25848,9,Mod. Satisfied
25849,16,Very Satisfied
25850,12,Very Satisfied
25851,12,Very Satisfied
25852,14,Mod. Satisfied
25853,4,A Little Dissat
25854,8,Mod. Satisfied
25855,12,A Little Dissat
25856,14,Mod. Satisfied
25857,18,Very Satisfied
25858,11,Very Satisfied
25859,16,A Little Dissat
25860,14,Mod. Satisfied
25861,17,A Little Dissat
25862,17,NA
25863,13,Very Satisfied
25864,14,Mod. Satisfied
25865,18,NA
25866,15,Mod. Satisfied
25867,13,NA
25868,17,NA
25869,16,A Little Dissat
25870,14,Mod. Satisfied
25871,12,NA
25872,16,Mod. Satisfied
25873,14,Mod. Satisfied
25874,12,Mod. Satisfied
25875,18,NA
25876,10,Mod. Satisfied
25877,12,Mod. Satisfied
25878,8,A Little Dissat
25879,5,NA
25880,12,NA
25881,16,Mod. Satisfied
25882,12,Mod. Satisfied
25883,16,Mod. Satisfied
25884,12,Very Satisfied
25885,18,Very Satisfied
25886,12,Very Satisfied
25887,12,Very Satisfied
25888,12,NA
25889,8,NA
25890,12,A Little Dissat
25891,11,Mod. Satisfied
25892,12,Very Satisfied
25893,20,Very Satisfied
25894,14,A Little Dissat
25895,12,Very Dissatisfied
25896,14,NA
25897,9,Mod. Satisfied
25898,12,Mod. Satisfied
25899,20,NA
25900,12,Mod. Satisfied
25901,17,Very Satisfied
25902,10,Very Satisfied
25903,15,Mod. Satisfied
25904,18,Very Satisfied
25905,16,Mod. Satisfied
25906,14,Mod. Satisfied
25907,13,NA
25908,6,NA
25909,8,NA
25910,12,Very Satisfied
25911,12,Very Satisfied
25912,10,Very Satisfied
25913,12,NA
25914,16,Very Satisfied
25915,12,NA
25916,18,Mod. Satisfied
25917,12,Mod. Satisfied
25918,13,NA
25919,11,NA
25920,18,Mod. Satisfied
25921,20,Very Satisfied
25922,12,Very Satisfied
25923,12,Mod. Satisfied
25924,12,NA
25925,13,NA
25926,15,NA
25927,12,Mod. Satisfied
25928,16,Very Satisfied
25929,7,NA
25930,19,NA
25931,12,Very Satisfied
25932,12,Mod. Satisfied
25933,12,Mod. Satisfied
25934,12,Mod. Satisfied
25935,11,A Little Dissat
25936,14,Very Satisfied
25937,16,NA
25938,14,Very Satisfied
25939,7,Mod. Satisfied
25940,12,Mod. Satisfied
25941,12,Mod. Satisfied
25942,12,Very Satisfied
25943,13,Mod. Satisfied
25944,8,Mod. Satisfied
25945,12,Mod. Satisfied
25946,11,Mod. Satisfied
25947,12,Very Dissatisfied
25948,12,Mod. Satisfied
25949,12,Mod. Satisfied
25950,13,Mod. Satisfied
25951,12,A Little Dissat
25952,12,Mod. Satisfied
25953,17,Mod. Satisfied
25954,12,Very Satisfied
25955,16,Very Satisfied
25956,12,Mod. Satisfied
25957,20,NA
25958,14,Very Satisfied
25959,12,NA
25960,18,NA
25961,12,Mod. Satisfied
25962,12,NA
25963,14,NA
25964,12,NA
25965,16,Very Satisfied
25966,13,Mod. Satisfied
25967,9,A Little Dissat
25968,12,Very Satisfied
25969,14,Very Satisfied
25970,18,Very Satisfied
25971,14,Mod. Satisfied
25972,9,NA
25973,11,Very Satisfied
25974,11,NA
25975,12,NA
25976,12,Very Satisfied
25977,14,A Little Dissat
25978,8,Mod. Satisfied
25979,12,Very Satisfied
25980,12,Very Satisfied
25981,11,NA
25982,8,Mod. Satisfied
25983,12,Mod. Satisfied
25984,12,Very Satisfied
25985,8,Very Satisfied
25986,10,Very Satisfied
25987,17,NA
25988,12,NA
25989,14,Mod. Satisfied
25990,16,Mod. Satisfied
25991,16,Very Satisfied
25992,15,Mod. Satisfied
25993,16,Very Satisfied
25994,16,Mod. Satisfied
25995,12,Very Satisfied
25996,17,Very Satisfied
25997,14,Very Satisfied
25998,8,NA
25999,12,Mod. Satisfied
26000,8,NA
26001,12,Very Satisfied
26002,11,A Little Dissat
26003,12,Very Satisfied
26004,16,Very Satisfied
26005,17,Very Satisfied
26006,14,NA
26007,12,NA
26008,13,Mod. Satisfied
26009,16,NA
26010,17,Mod. Satisfied
26011,4,Mod. Satisfied
26012,6,NA
26013,11,Mod. Satisfied
26014,12,Mod. Satisfied
26015,12,A Little Dissat
26016,12,Mod. Satisfied
26017,8,Mod. Satisfied
26018,12,NA
26019,12,A Little Dissat
26020,7,NA
26021,12,Very Satisfied
26022,9,Very Satisfied
26023,12,NA
26024,12,NA
26025,15,Very Satisfied
26026,12,Mod. Satisfied
26027,6,Mod. Satisfied
26028,11,Very Satisfied
26029,12,Very Satisfied
26030,12,Mod. Satisfied
26031,16,Very Satisfied
26032,16,Very Dissatisfied
26033,12,Very Satisfied
26034,12,Very Satisfied
26035,15,NA
26036,13,Mod. Satisfied
26037,13,A Little Dissat
26038,20,A Little Dissat
26039,13,Mod. Satisfied
26040,7,NA
26041,13,NA
26042,12,A Little Dissat
26043,11,Very Satisfied
26044,16,Very Satisfied
26045,12,Very Dissatisfied
26046,12,Very Satisfied
26047,12,NA
26048,6,Mod. Satisfied
26049,11,Very Satisfied
26050,12,Mod. Satisfied
26051,4,NA
26052,10,A Little Dissat
26053,12,A Little Dissat
26054,15,Mod. Satisfied
26055,16,NA
26056,6,NA
26057,11,Very Satisfied
26058,8,Very Satisfied
26059,11,A Little Dissat
26060,16,Mod. Satisfied
26061,9,Mod. Satisfied
26062,6,NA
26063,13,Mod. Satisfied
26064,8,Very Satisfied
26065,0,Very Satisfied
26066,12,Very Satisfied
26067,16,NA
26068,14,Very Satisfied
26069,16,Very Satisfied
26070,11,NA
26071,11,Very Satisfied
26072,12,Very Satisfied
26073,16,Mod. Satisfied
26074,10,A Little Dissat
26075,12,Very Dissatisfied
26076,10,Mod. Satisfied
26077,10,Very Satisfied
26078,13,Very Satisfied
26079,12,Very Satisfied
26080,12,Very Dissatisfied
26081,8,NA
26082,12,Very Satisfied
26083,10,Very Satisfied
26084,12,Very Satisfied
26085,12,Very Satisfied
26086,12,Very Satisfied
26087,10,Mod. Satisfied
26088,8,Mod. Satisfied
26089,12,Mod. Satisfied
26090,11,Very Satisfied
26091,12,Mod. Satisfied
26092,12,Mod. Satisfied
26093,18,Mod. Satisfied
26094,13,Mod. Satisfied
26095,13,A Little Dissat
26096,10,Very Satisfied
26097,11,NA
26098,12,NA
26099,12,Very Satisfied
26100,7,NA
26101,12,Very Satisfied
26102,12,Very Satisfied
26103,11,A Little Dissat
26104,14,Mod. Satisfied
26105,10,NA
26106,12,Mod. Satisfied
26107,14,NA
26108,16,Mod. Satisfied
26109,9,NA
26110,19,NA
26111,12,NA
26112,13,Very Satisfied
26113,12,Very Satisfied
26114,12,Mod. Satisfied
26115,9,A Little Dissat
26116,13,Mod. Satisfied
26117,12,Mod. Satisfied
26118,12,Very Satisfied
26119,12,NA
26120,10,Very Satisfied
26121,16,Very Satisfied
26122,17,Very Satisfied
26123,12,Mod. Satisfied
26124,12,Mod. Satisfied
26125,9,Very Dissatisfied
26126,16,Very Dissatisfied
26127,12,Very Satisfied
26128,9,NA
26129,4,NA
26130,10,NA
26131,12,Very Satisfied
26132,8,NA
26133,12,Very Satisfied
26134,12,Very Satisfied
26135,8,A Little Dissat
26136,12,Very Satisfied
26137,11,Very Satisfied
26138,9,NA
26139,12,Very Satisfied
26140,8,Very Satisfied
26141,14,Mod. Satisfied
26142,10,Very Satisfied
26143,14,Very Satisfied
26144,13,Very Satisfied
26145,14,Very Satisfied
26146,16,Very Satisfied
26147,8,NA
26148,12,Very Satisfied
26149,12,Mod. Satisfied
26150,12,Mod. Satisfied
26151,8,Mod. Satisfied
26152,12,Mod. Satisfied
26153,12,Mod. Satisfied
26154,12,NA
26155,8,Very Satisfied
26156,12,Mod. Satisfied
26157,12,Very Satisfied
26158,8,NA
26159,17,NA
26160,6,Very Satisfied
26161,8,NA
26162,8,NA
26163,8,Very Satisfied
26164,9,A Little Dissat
26165,8,NA
26166,2,NA
26167,13,NA
26168,9,NA
26169,1,NA
26170,12,Mod. Satisfied
26171,9,NA
26172,12,Very Satisfied
26173,12,Mod. Satisfied
26174,13,Mod. Satisfied
26175,10,Mod. Satisfied
26176,12,Very Satisfied
26177,16,Very Satisfied
26178,17,Mod. Satisfied
26179,13,Mod. Satisfied
26180,10,NA
26181,16,Very Satisfied
26182,14,Very Satisfied
26183,20,Very Satisfied
26184,15,NA
26185,11,Very Satisfied
26186,18,Mod. Satisfied
26187,16,Very Satisfied
26188,7,Very Satisfied
26189,7,Mod. Satisfied
26190,13,Mod. Satisfied
26191,9,Very Satisfied
26192,12,A Little Dissat
26193,11,NA
26194,12,Mod. Satisfied
26195,7,A Little Dissat
26196,6,NA
26197,10,Very Satisfied
26198,8,Mod. Satisfied
26199,6,NA
26200,8,Mod. Satisfied
26201,4,NA
26202,11,Very Satisfied
26203,12,Very Satisfied
26204,2,NA
26205,15,Very Satisfied
26206,12,Very Satisfied
26207,12,Very Satisfied
26208,7,Very Satisfied
26209,11,Very Satisfied
26210,9,Very Dissatisfied
26211,12,Very Dissatisfied
26212,10,Very Satisfied
26213,12,Very Dissatisfied
26214,16,A Little Dissat
26215,10,Very Satisfied
26216,14,Mod. Satisfied
26217,10,A Little Dissat
26218,13,NA
26219,15,Very Satisfied
26220,14,Very Satisfied
26221,12,Mod. Satisfied
26222,13,Very Satisfied
26223,12,NA
26224,12,Very Satisfied
26225,16,Very Satisfied
26226,12,Mod. Satisfied
26227,16,Very Satisfied
26228,12,Very Satisfied
26229,13,Mod. Satisfied
26230,17,Very Dissatisfied
26231,12,NA
26232,12,Mod. Satisfied
26233,20,Very Satisfied
26234,16,NA
26235,12,Very Satisfied
26236,12,Mod. Satisfied
26237,12,A Little Dissat
26238,13,Very Satisfied
26239,12,Very Satisfied
26240,14,Very Satisfied
26241,18,Very Satisfied
26242,20,Mod. Satisfied
26243,17,NA
26244,11,Very Satisfied
26245,12,Very Satisfied
26246,10,NA
26247,18,A Little Dissat
26248,13,Very Satisfied
26249,9,Very Satisfied
26250,10,Mod. Satisfied
26251,16,NA
26252,14,Very Satisfied
26253,12,Very Satisfied
26254,12,A Little Dissat
26255,14,Mod. Satisfied
26256,9,Mod. Satisfied
26257,12,Very Satisfied
26258,14,Very Satisfied
26259,16,Mod. Satisfied
26260,12,Mod. Satisfied
26261,12,Mod. Satisfied
26262,12,Very Satisfied
26263,6,Very Satisfied
26264,12,Very Satisfied
26265,12,Mod. Satisfied
26266,12,Very Satisfied
26267,20,Very Satisfied
26268,20,Mod. Satisfied
26269,20,Mod. Satisfied
26270,12,Mod. Satisfied
26271,10,NA
26272,10,Very Satisfied
26273,16,NA
26274,10,NA
26275,14,Very Satisfied
26276,9,Mod. Satisfied
26277,12,Mod. Satisfied
26278,15,Mod. Satisfied
26279,14,Very Satisfied
26280,12,Very Satisfied
26281,12,Very Satisfied
26282,14,Very Satisfied
26283,9,NA
26284,14,Mod. Satisfied
26285,7,Mod. Satisfied
26286,14,Mod. Satisfied
26287,9,Mod. Satisfied
26288,12,Very Satisfied
26289,9,Mod. Satisfied
26290,13,NA
26291,12,NA
26292,11,Very Dissatisfied
26293,12,A Little Dissat
26294,19,Very Satisfied
26295,18,Very Satisfied
26296,14,NA
26297,16,Very Satisfied
26298,13,Very Satisfied
26299,14,NA
26300,17,Very Satisfied
26301,19,Mod. Satisfied
26302,12,NA
26303,15,Very Satisfied
26304,13,Mod. Satisfied
26305,12,NA
26306,15,Mod. Satisfied
26307,12,Very Satisfied
26308,16,Very Satisfied
26309,13,Mod. Satisfied
26310,13,NA
26311,11,Mod. Satisfied
26312,18,Mod. Satisfied
26313,12,Very Satisfied
26314,18,Mod. Satisfied
26315,16,Very Satisfied
26316,18,NA
26317,14,Mod. Satisfied
26318,15,Very Dissatisfied
26319,16,Mod. Satisfied
26320,20,Mod. Satisfied
26321,12,Very Satisfied
26322,12,NA
26323,13,A Little Dissat
26324,11,Mod. Satisfied
26325,12,Mod. Satisfied
26326,12,Mod. Satisfied
26327,13,NA
26328,16,Very Satisfied
26329,12,Very Satisfied
26330,12,Very Satisfied
26331,11,Very Dissatisfied
26332,12,NA
26333,11,Mod. Satisfied
26334,13,Very Satisfied
26335,11,Very Satisfied
26336,12,Mod. Satisfied
26337,9,NA
26338,12,NA
26339,14,A Little Dissat
26340,4,Mod. Satisfied
26341,15,Very Dissatisfied
26342,16,Very Satisfied
26343,14,NA
26344,15,Very Satisfied
26345,12,Very Satisfied
26346,14,NA
26347,16,Mod. Satisfied
26348,16,Mod. Satisfied
26349,16,Very Dissatisfied
26350,11,NA
26351,18,A Little Dissat
26352,16,NA
26353,12,Very Satisfied
26354,11,Very Satisfied
26355,9,Very Dissatisfied
26356,10,A Little Dissat
26357,12,A Little Dissat
26358,13,Mod. Satisfied
26359,15,NA
26360,13,Very Satisfied
26361,12,Mod. Satisfied
26362,12,Mod. Satisfied
26363,12,A Little Dissat
26364,8,Mod. Satisfied
26365,14,Mod. Satisfied
26366,9,NA
26367,8,Very Satisfied
26368,12,Very Dissatisfied
26369,12,Mod. Satisfied
26370,10,A Little Dissat
26371,16,Very Satisfied
26372,12,NA
26373,11,NA
26374,12,NA
26375,14,Mod. Satisfied
26376,13,Very Satisfied
26377,12,Very Satisfied
26378,13,A Little Dissat
26379,16,Very Satisfied
26380,9,NA
26381,11,Very Satisfied
26382,16,Mod. Satisfied
26383,15,Very Satisfied
26384,16,Very Satisfied
26385,16,Mod. Satisfied
26386,16,Very Satisfied
26387,12,NA
26388,16,Mod. Satisfied
26389,12,Mod. Satisfied
26390,15,NA
26391,19,Mod. Satisfied
26392,12,Very Satisfied
26393,14,Very Dissatisfied
26394,14,Mod. Satisfied
26395,19,Very Satisfied
26396,14,Mod. Satisfied
26397,16,Mod. Satisfied
26398,12,Very Satisfied
26399,12,Mod. Satisfied
26400,10,Mod. Satisfied
26401,8,NA
26402,10,NA
26403,13,Mod. Satisfied
26404,16,Very Satisfied
26405,12,NA
26406,11,NA
26407,12,NA
26408,17,Mod. Satisfied
26409,NA,NA
26410,11,A Little Dissat
26411,14,NA
26412,13,Very Satisfied
26413,16,Mod. Satisfied
26414,16,Very Satisfied
26415,15,Very Satisfied
26416,13,Mod. Satisfied
26417,12,Very Satisfied
26418,12,Mod. Satisfied
26419,14,NA
26420,18,NA
26421,12,Very Satisfied
26422,10,Very Dissatisfied
26423,18,Very Satisfied
26424,12,NA
26425,14,Mod. Satisfied
26426,12,Very Satisfied
26427,10,NA
26428,13,Very Satisfied
26429,14,A Little Dissat
26430,14,Very Satisfied
26431,17,Very Satisfied
26432,19,Very Satisfied
26433,13,Mod. Satisfied
26434,11,Mod. Satisfied
26435,9,Very Satisfied
26436,15,A Little Dissat
26437,12,Mod. Satisfied
26438,11,Very Satisfied
26439,10,NA
26440,12,Very Satisfied
26441,12,NA
26442,12,Very Satisfied
26443,12,Very Satisfied
26444,9,NA
26445,14,Very Satisfied
26446,14,Very Satisfied
26447,14,Mod. Satisfied
26448,16,Mod. Satisfied
26449,11,NA
26450,9,NA
26451,16,Very Satisfied
26452,16,A Little Dissat
26453,12,A Little Dissat
26454,16,Very Satisfied
26455,10,Mod. Satisfied
26456,13,A Little Dissat
26457,12,Very Satisfied
26458,12,Mod. Satisfied
26459,9,Mod. Satisfied
26460,11,A Little Dissat
26461,18,Very Satisfied
26462,16,Mod. Satisfied
26463,16,NA
26464,20,NA
26465,14,Mod. Satisfied
26466,14,A Little Dissat
26467,13,A Little Dissat
26468,14,NA
26469,15,Very Dissatisfied
26470,17,Mod. Satisfied
26471,15,NA
26472,16,NA
26473,14,Mod. Satisfied
26474,18,Mod. Satisfied
26475,16,Very Satisfied
26476,9,Very Satisfied
26477,16,Very Dissatisfied
26478,20,NA
26479,18,Very Satisfied
26480,20,Very Satisfied
26481,17,Very Satisfied
26482,18,Mod. Satisfied
26483,16,Very Satisfied
26484,20,Mod. Satisfied
26485,10,NA
26486,16,A Little Dissat
26487,20,Very Satisfied
26488,12,Very Satisfied
26489,12,NA
26490,15,Mod. Satisfied
26491,19,Mod. Satisfied
26492,12,Very Satisfied
26493,18,Very Satisfied
26494,13,Mod. Satisfied
26495,15,Very Satisfied
26496,12,Very Satisfied
26497,12,Very Satisfied
26498,12,Mod. Satisfied
26499,13,Very Satisfied
26500,14,NA
26501,18,Very Dissatisfied
26502,12,Very Satisfied
26503,17,Mod. Satisfied
26504,10,NA
26505,17,Very Dissatisfied
26506,16,A Little Dissat
26507,12,Mod. Satisfied
26508,12,Mod. Satisfied
26509,5,Mod. Satisfied
26510,13,Very Satisfied
26511,9,Mod. Satisfied
26512,10,Mod. Satisfied
26513,11,NA
26514,12,NA
26515,11,Mod. Satisfied
26516,16,Very Satisfied
26517,8,Very Satisfied
26518,16,Mod. Satisfied
26519,12,Very Satisfied
26520,11,A Little Dissat
26521,17,Mod. Satisfied
26522,9,Mod. Satisfied
26523,16,Mod. Satisfied
26524,13,NA
26525,14,Very Satisfied
26526,16,Mod. Satisfied
26527,13,Very Satisfied
26528,16,Mod. Satisfied
26529,14,Very Satisfied
26530,19,Very Satisfied
26531,19,Very Satisfied
26532,9,Very Satisfied
26533,14,NA
26534,12,NA
26535,12,Mod. Satisfied
26536,8,NA
26537,12,Very Satisfied
26538,11,Very Dissatisfied
26539,10,Mod. Satisfied
26540,12,Mod. Satisfied
26541,14,Very Satisfied
26542,16,NA
26543,15,Very Satisfied
26544,16,Very Satisfied
26545,11,Mod. Satisfied
26546,12,NA
26547,9,Very Satisfied
26548,12,NA
26549,16,Mod. Satisfied
26550,12,Mod. Satisfied
26551,15,Mod. Satisfied
26552,17,Very Satisfied
26553,16,Mod. Satisfied
26554,12,NA
26555,12,NA
26556,17,Mod. Satisfied
26557,12,Very Satisfied
26558,14,NA
26559,15,A Little Dissat
26560,10,A Little Dissat
26561,13,Very Satisfied
26562,14,Mod. Satisfied
26563,12,Mod. Satisfied
26564,12,Mod. Satisfied
26565,11,Mod. Satisfied
26566,12,Mod. Satisfied
26567,12,Very Satisfied
26568,8,Very Satisfied
26569,16,Mod. Satisfied
26570,13,Mod. Satisfied
26571,16,Very Satisfied
26572,14,A Little Dissat
26573,8,NA
26574,14,Mod. Satisfied
26575,8,NA
26576,8,NA
26577,10,NA
26578,12,Mod. Satisfied
26579,12,NA
26580,15,Very Satisfied
26581,16,Mod. Satisfied
26582,19,Mod. Satisfied
26583,14,Mod. Satisfied
26584,17,Very Satisfied
26585,12,Very Satisfied
26586,12,Very Satisfied
26587,14,NA
26588,12,Very Satisfied
26589,17,A Little Dissat
26590,12,Very Satisfied
26591,10,Mod. Satisfied
26592,14,Mod. Satisfied
26593,17,Very Satisfied
26594,12,Mod. Satisfied
26595,14,Very Satisfied
26596,13,Mod. Satisfied
26597,12,Mod. Satisfied
26598,12,Very Satisfied
26599,13,Mod. Satisfied
26600,9,NA
26601,9,NA
26602,14,NA
26603,14,Mod. Satisfied
26604,16,Mod. Satisfied
26605,13,NA
26606,12,NA
26607,16,Very Satisfied
26608,15,Very Satisfied
26609,16,Mod. Satisfied
26610,16,Very Dissatisfied
26611,14,Very Satisfied
26612,14,Very Satisfied
26613,17,Very Satisfied
26614,16,A Little Dissat
26615,14,Very Satisfied
26616,12,Very Satisfied
26617,12,A Little Dissat
26618,16,Very Satisfied
26619,20,Very Satisfied
26620,16,Very Satisfied
26621,13,Very Satisfied
26622,16,Very Satisfied
26623,16,Mod. Satisfied
26624,13,Very Satisfied
26625,14,Mod. Satisfied
26626,16,Mod. Satisfied
26627,16,Mod. Satisfied
26628,16,Very Dissatisfied
26629,12,NA
26630,12,Mod. Satisfied
26631,12,Very Satisfied
26632,12,A Little Dissat
26633,12,Very Satisfied
26634,12,Very Dissatisfied
26635,12,NA
26636,12,NA
26637,18,NA
26638,14,NA
26639,10,Very Satisfied
26640,13,Mod. Satisfied
26641,15,Very Satisfied
26642,12,NA
26643,12,Mod. Satisfied
26644,12,Mod. Satisfied
26645,14,Very Satisfied
26646,14,Mod. Satisfied
26647,13,A Little Dissat
26648,12,A Little Dissat
26649,17,Very Satisfied
26650,9,Mod. Satisfied
26651,12,NA
26652,15,NA
26653,12,Very Satisfied
26654,16,Very Satisfied
26655,12,Very Satisfied
26656,8,NA
26657,12,Mod. Satisfied
26658,16,Very Satisfied
26659,12,Very Satisfied
26660,7,NA
26661,12,Very Satisfied
26662,18,Very Satisfied
26663,11,A Little Dissat
26664,8,Mod. Satisfied
26665,16,Mod. Satisfied
26666,10,A Little Dissat
26667,12,Very Satisfied
26668,12,Very Satisfied
26669,16,Very Dissatisfied
26670,13,Very Satisfied
26671,13,A Little Dissat
26672,12,Mod. Satisfied
26673,16,Mod. Satisfied
26674,12,Mod. Satisfied
26675,12,A Little Dissat
26676,12,Very Satisfied
26677,11,NA
26678,20,Very Satisfied
26679,14,Very Satisfied
26680,12,Very Satisfied
26681,13,Very Dissatisfied
26682,12,NA
26683,12,Mod. Satisfied
26684,12,A Little Dissat
26685,10,NA
26686,12,Very Satisfied
26687,12,Very Satisfied
26688,9,NA
26689,20,Mod. Satisfied
26690,12,Mod. Satisfied
26691,12,NA
26692,12,NA
26693,13,Mod. Satisfied
26694,14,Mod. Satisfied
26695,10,Very Satisfied
26696,12,Very Dissatisfied
26697,14,NA
26698,16,Very Satisfied
26699,16,Very Satisfied
26700,13,NA
26701,12,NA
26702,16,Very Satisfied
26703,14,Mod. Satisfied
26704,12,Very Satisfied
26705,12,Mod. Satisfied
26706,8,NA
26707,17,Mod. Satisfied
26708,20,Mod. Satisfied
26709,13,Very Satisfied
26710,15,Mod. Satisfied
26711,15,Very Satisfied
26712,18,Very Satisfied
26713,17,Mod. Satisfied
26714,14,Very Satisfied
26715,NA,NA
26716,12,NA
26717,12,Very Satisfied
26718,15,Very Satisfied
26719,20,Very Satisfied
26720,16,Very Satisfied
26721,14,Very Dissatisfied
26722,12,A Little Dissat
26723,12,Very Dissatisfied
26724,12,Very Satisfied
26725,20,Very Satisfied
26726,12,Very Satisfied
26727,12,Very Satisfied
26728,17,NA
26729,9,NA
26730,12,Very Satisfied
26731,12,A Little Dissat
26732,12,Very Satisfied
26733,12,Mod. Satisfied
26734,12,Very Satisfied
26735,14,Mod. Satisfied
26736,12,Mod. Satisfied
26737,12,Very Satisfied
26738,12,Mod. Satisfied
26739,10,Very Satisfied
26740,10,NA
26741,12,Very Satisfied
26742,12,Very Satisfied
26743,12,NA
26744,12,A Little Dissat
26745,12,Mod. Satisfied
26746,12,NA
26747,10,NA
26748,14,Mod. Satisfied
26749,8,Mod. Satisfied
26750,16,NA
26751,19,Mod. Satisfied
26752,17,NA
26753,16,Mod. Satisfied
26754,16,Very Satisfied
26755,16,Very Satisfied
26756,16,Very Satisfied
26757,16,Mod. Satisfied
26758,12,Mod. Satisfied
26759,12,Mod. Satisfied
26760,16,Very Satisfied
26761,12,Mod. Satisfied
26762,12,Mod. Satisfied
26763,11,Mod. Satisfied
26764,12,Very Satisfied
26765,16,Very Satisfied
26766,12,A Little Dissat
26767,12,Mod. Satisfied
26768,11,NA
26769,12,NA
26770,12,NA
26771,11,NA
26772,12,NA
26773,12,NA
26774,13,NA
26775,11,A Little Dissat
26776,13,Very Satisfied
26777,11,Very Satisfied
26778,7,Mod. Satisfied
26779,10,NA
26780,13,Very Satisfied
26781,18,Mod. Satisfied
26782,14,NA
26783,15,Very Satisfied
26784,18,Very Dissatisfied
26785,15,A Little Dissat
26786,16,Mod. Satisfied
26787,15,Mod. Satisfied
26788,16,Very Satisfied
26789,12,Mod. Satisfied
26790,12,Mod. Satisfied
26791,11,Mod. Satisfied
26792,10,Very Satisfied
26793,10,NA
26794,7,NA
26795,7,Mod. Satisfied
26796,11,Very Satisfied
26797,10,Mod. Satisfied
26798,12,Very Satisfied
26799,14,Mod. Satisfied
26800,11,A Little Dissat
26801,12,NA
26802,10,Mod. Satisfied
26803,12,NA
26804,13,Mod. Satisfied
26805,12,A Little Dissat
26806,11,Mod. Satisfied
26807,13,Very Satisfied
26808,12,Very Satisfied
26809,12,Mod. Satisfied
26810,12,Mod. Satisfied
26811,10,Mod. Satisfied
26812,17,Mod. Satisfied
26813,14,Mod. Satisfied
26814,17,Very Satisfied
26815,12,Very Satisfied
26816,11,NA
26817,9,NA
26818,12,NA
26819,16,Very Satisfied
26820,19,Very Dissatisfied
26821,16,Mod. Satisfied
26822,12,NA
26823,12,Mod. Satisfied
26824,12,Mod. Satisfied
26825,12,Very Satisfied
26826,18,Very Satisfied
26827,16,Very Dissatisfied
26828,12,Mod. Satisfied
26829,16,Very Satisfied
26830,9,Mod. Satisfied
26831,17,A Little Dissat
26832,12,Mod. Satisfied
26833,12,NA
26834,16,NA
26835,9,Very Satisfied
26836,12,NA
26837,12,Mod. Satisfied
26838,12,NA
26839,14,Mod. Satisfied
26840,12,Mod. Satisfied
26841,13,Mod. Satisfied
26842,10,Very Satisfied
26843,15,Mod. Satisfied
26844,16,NA
26845,12,Mod. Satisfied
26846,12,Mod. Satisfied
26847,16,Mod. Satisfied
26848,13,Very Satisfied
26849,16,NA
26850,12,Mod. Satisfied
26851,14,Mod. Satisfied
26852,12,Very Satisfied
26853,12,Mod. Satisfied
26854,12,Very Satisfied
26855,12,A Little Dissat
26856,20,Very Satisfied
26857,20,Very Satisfied
26858,16,Mod. Satisfied
26859,14,A Little Dissat
26860,15,Very Satisfied
26861,3,NA
26862,11,Very Satisfied
26863,13,Very Satisfied
26864,16,Mod. Satisfied
26865,9,Very Satisfied
26866,12,NA
26867,12,Very Satisfied
26868,16,Very Satisfied
26869,20,Very Satisfied
26870,18,Very Satisfied
26871,13,Mod. Satisfied
26872,13,Very Satisfied
26873,15,Mod. Satisfied
26874,18,Very Satisfied
26875,10,Very Dissatisfied
26876,18,Mod. Satisfied
26877,16,NA
26878,14,Very Satisfied
26879,12,A Little Dissat
26880,14,Very Dissatisfied
26881,12,Very Satisfied
26882,8,Mod. Satisfied
26883,8,Mod. Satisfied
26884,12,Very Satisfied
26885,4,NA
26886,5,Very Satisfied
26887,8,NA
26888,12,Mod. Satisfied
26889,12,Very Satisfied
26890,16,Very Satisfied
26891,16,Very Satisfied
26892,10,Very Satisfied
26893,12,A Little Dissat
26894,12,Mod. Satisfied
26895,12,NA
26896,14,Mod. Satisfied
26897,12,Mod. Satisfied
26898,9,A Little Dissat
26899,20,Mod. Satisfied
26900,12,NA
26901,13,Very Dissatisfied
26902,11,Mod. Satisfied
26903,12,Mod. Satisfied
26904,13,Very Dissatisfied
26905,12,Mod. Satisfied
26906,13,Mod. Satisfied
26907,14,NA
26908,12,Very Satisfied
26909,12,NA
26910,18,Very Satisfied
26911,16,Mod. Satisfied
26912,17,NA
26913,12,Very Satisfied
26914,18,A Little Dissat
26915,12,Mod. Satisfied
26916,16,Very Satisfied
26917,20,Very Satisfied
26918,14,Mod. Satisfied
26919,12,Mod. Satisfied
26920,15,NA
26921,12,A Little Dissat
26922,15,NA
26923,16,Mod. Satisfied
26924,16,Very Satisfied
26925,16,Mod. Satisfied
26926,20,NA
26927,14,Very Satisfied
26928,12,Mod. Satisfied
26929,12,Mod. Satisfied
26930,17,Very Satisfied
26931,10,Mod. Satisfied
26932,12,A Little Dissat
26933,12,Mod. Satisfied
26934,12,Mod. Satisfied
26935,8,NA
26936,12,NA
26937,14,Very Satisfied
26938,15,Mod. Satisfied
26939,13,Mod. Satisfied
26940,12,Very Satisfied
26941,16,Very Satisfied
26942,16,Very Satisfied
26943,10,NA
26944,10,Mod. Satisfied
26945,9,Very Satisfied
26946,16,Very Satisfied
26947,20,NA
26948,16,Very Satisfied
26949,17,NA
26950,20,NA
26951,8,NA
26952,10,NA
26953,4,NA
26954,13,NA
26955,12,A Little Dissat
26956,7,Mod. Satisfied
26957,10,NA
26958,5,NA
26959,8,NA
26960,4,Very Dissatisfied
26961,8,NA
26962,11,Mod. Satisfied
26963,11,NA
26964,12,NA
26965,15,A Little Dissat
26966,14,Very Satisfied
26967,6,NA
26968,15,A Little Dissat
26969,12,Mod. Satisfied
26970,14,Very Satisfied
26971,12,Very Satisfied
26972,12,Very Satisfied
26973,12,Very Satisfied
26974,15,Mod. Satisfied
26975,16,Mod. Satisfied
26976,12,NA
26977,14,Mod. Satisfied
26978,8,Mod. Satisfied
26979,12,Mod. Satisfied
26980,12,Mod. Satisfied
26981,14,Very Dissatisfied
26982,14,Mod. Satisfied
26983,18,A Little Dissat
26984,12,Very Satisfied
26985,16,A Little Dissat
26986,13,Very Dissatisfied
26987,16,A Little Dissat
26988,12,A Little Dissat
26989,11,Very Satisfied
26990,12,Very Satisfied
26991,12,Mod. Satisfied
26992,12,Mod. Satisfied
26993,16,Mod. Satisfied
26994,14,NA
26995,16,NA
26996,18,NA
26997,16,Very Satisfied
26998,11,Mod. Satisfied
26999,12,Very Satisfied
27000,0,Very Satisfied
27001,12,Mod. Satisfied
27002,8,Mod. Satisfied
27003,14,Very Satisfied
27004,14,Mod. Satisfied
27005,9,Very Satisfied
27006,19,NA
27007,16,NA
27008,10,Mod. Satisfied
27009,12,Mod. Satisfied
27010,16,A Little Dissat
27011,12,NA
27012,14,NA
27013,16,NA
27014,13,Very Satisfied
27015,16,Mod. Satisfied
27016,14,Very Dissatisfied
27017,12,Very Satisfied
27018,12,Very Satisfied
27019,12,Mod. Satisfied
27020,13,Very Satisfied
27021,17,Very Satisfied
27022,20,Very Satisfied
27023,14,A Little Dissat
27024,12,NA
27025,12,Very Dissatisfied
27026,15,Very Satisfied
27027,11,NA
27028,NA,Mod. Satisfied
27029,NA,Very Satisfied
27030,3,NA
27031,13,A Little Dissat
27032,12,Mod. Satisfied
27033,12,NA
27034,12,NA
27035,8,NA
27036,8,Mod. Satisfied
27037,8,NA
27038,13,A Little Dissat
27039,10,NA
27040,12,Very Satisfied
27041,11,NA
27042,12,Very Satisfied
27043,12,Mod. Satisfied
27044,14,Very Satisfied
27045,15,Mod. Satisfied
27046,17,Very Satisfied
27047,16,Mod. Satisfied
27048,12,Very Satisfied
27049,19,NA
27050,12,NA
27051,16,Mod. Satisfied
27052,12,NA
27053,12,Very Satisfied
27054,16,Mod. Satisfied
27055,10,NA
27056,12,NA
27057,12,Mod. Satisfied
27058,15,NA
27059,11,Mod. Satisfied
27060,12,Mod. Satisfied
27061,12,Very Satisfied
27062,7,A Little Dissat
27063,15,NA
27064,14,NA
27065,14,Very Satisfied
27066,9,Very Satisfied
27067,7,Very Satisfied
27068,13,Mod. Satisfied
27069,6,NA
27070,16,Very Satisfied
27071,9,NA
27072,11,Mod. Satisfied
27073,10,Very Satisfied
27074,15,Mod. Satisfied
27075,13,Very Satisfied
27076,8,Very Satisfied
27077,8,NA
27078,13,Very Satisfied
27079,12,Mod. Satisfied
27080,10,Very Satisfied
27081,12,Very Satisfied
27082,12,NA
27083,15,NA
27084,7,NA
27085,12,A Little Dissat
27086,3,Very Satisfied
27087,8,Mod. Satisfied
27088,9,Very Dissatisfied
27089,9,Very Dissatisfied
27090,8,NA
27091,9,Mod. Satisfied
27092,10,Very Satisfied
27093,0,Mod. Satisfied
27094,12,Mod. Satisfied
27095,8,Very Satisfied
27096,13,Mod. Satisfied
27097,12,Very Satisfied
27098,10,Very Satisfied
27099,3,NA
27100,7,NA
27101,7,NA
27102,8,Very Satisfied
27103,10,NA
27104,12,Mod. Satisfied
27105,9,Very Dissatisfied
27106,10,Very Dissatisfied
27107,12,NA
27108,9,Very Satisfied
27109,9,Mod. Satisfied
27110,12,Mod. Satisfied
27111,12,Very Satisfied
27112,16,Very Satisfied
27113,12,Very Satisfied
27114,12,Mod. Satisfied
27115,12,NA
27116,12,Mod. Satisfied
27117,13,Very Satisfied
27118,13,Mod. Satisfied
27119,12,Mod. Satisfied
27120,12,NA
27121,17,Very Satisfied
27122,17,Very Satisfied
27123,12,Very Satisfied
27124,15,Very Satisfied
27125,12,A Little Dissat
27126,17,NA
27127,9,A Little Dissat
27128,13,A Little Dissat
27129,10,NA
27130,8,Mod. Satisfied
27131,18,Very Satisfied
27132,12,Very Satisfied
27133,16,Very Satisfied
27134,14,NA
27135,16,Very Satisfied
27136,15,Very Satisfied
27137,16,Mod. Satisfied
27138,14,Very Satisfied
27139,17,Mod. Satisfied
27140,16,NA
27141,20,Very Satisfied
27142,13,Very Satisfied
27143,12,Mod. Satisfied
27144,15,Very Satisfied
27145,14,Very Satisfied
27146,13,Very Satisfied
27147,14,Mod. Satisfied
27148,11,Mod. Satisfied
27149,16,Mod. Satisfied
27150,14,Very Satisfied
27151,7,Very Satisfied
27152,12,Very Satisfied
27153,12,Mod. Satisfied
27154,11,Very Dissatisfied
27155,12,Mod. Satisfied
27156,12,Mod. Satisfied
27157,12,NA
27158,16,NA
27159,12,Mod. Satisfied
27160,13,Mod. Satisfied
27161,14,Very Dissatisfied
27162,6,Mod. Satisfied
27163,16,Mod. Satisfied
27164,20,Mod. Satisfied
27165,16,Very Satisfied
27166,16,Very Satisfied
27167,14,Very Dissatisfied
27168,15,Very Satisfied
27169,12,Very Satisfied
27170,14,Very Satisfied
27171,10,NA
27172,14,Very Satisfied
27173,12,Very Satisfied
27174,12,Mod. Satisfied
27175,6,NA
27176,8,NA
27177,11,Mod. Satisfied
27178,12,Very Satisfied
27179,19,Mod. Satisfied
27180,12,NA
27181,16,Very Satisfied
27182,16,Very Satisfied
27183,11,Mod. Satisfied
27184,12,NA
27185,13,NA
27186,NA,Very Satisfied
27187,14,NA
27188,16,Mod. Satisfied
27189,10,Very Satisfied
27190,16,Mod. Satisfied
27191,14,Very Satisfied
27192,14,NA
27193,13,Very Satisfied
27194,13,Very Satisfied
27195,13,Mod. Satisfied
27196,14,Very Satisfied
27197,18,A Little Dissat
27198,14,Mod. Satisfied
27199,14,A Little Dissat
27200,16,A Little Dissat
27201,16,Mod. Satisfied
27202,12,Very Satisfied
27203,9,Very Satisfied
27204,14,NA
27205,16,Very Satisfied
27206,12,Mod. Satisfied
27207,18,Very Satisfied
27208,12,Very Satisfied
27209,18,A Little Dissat
27210,17,Very Satisfied
27211,17,Mod. Satisfied
27212,12,NA
27213,14,Very Satisfied
27214,14,Very Satisfied
27215,15,Very Satisfied
27216,17,Mod. Satisfied
27217,12,Mod. Satisfied
27218,11,Very Satisfied
27219,13,Very Satisfied
27220,12,Mod. Satisfied
27221,11,Very Satisfied
27222,16,Very Satisfied
27223,14,Mod. Satisfied
27224,8,Very Satisfied
27225,19,Mod. Satisfied
27226,18,Very Satisfied
27227,12,Very Satisfied
27228,18,Mod. Satisfied
27229,16,NA
27230,12,Mod. Satisfied
27231,13,Very Satisfied
27232,13,NA
27233,18,Very Satisfied
27234,14,Mod. Satisfied
27235,13,Mod. Satisfied
27236,17,Very Satisfied
27237,11,NA
27238,11,Very Satisfied
27239,12,NA
27240,13,Very Satisfied
27241,8,Very Dissatisfied
27242,13,Mod. Satisfied
27243,11,NA
27244,10,NA
27245,12,Very Satisfied
27246,12,Mod. Satisfied
27247,13,NA
27248,17,NA
27249,18,Very Satisfied
27250,16,NA
27251,11,NA
27252,16,NA
27253,12,Very Satisfied
27254,10,NA
27255,14,Very Satisfied
27256,14,NA
27257,15,Very Satisfied
27258,18,Very Satisfied
27259,14,Very Satisfied
27260,13,NA
27261,12,Mod. Satisfied
27262,14,NA
27263,18,NA
27264,16,Very Satisfied
27265,14,Mod. Satisfied
27266,12,Very Satisfied
27267,14,Very Satisfied
27268,16,Very Satisfied
27269,11,Very Satisfied
27270,12,Mod. Satisfied
27271,14,NA
27272,12,Very Satisfied
27273,14,Very Satisfied
27274,13,Mod. Satisfied
27275,16,A Little Dissat
27276,13,Mod. Satisfied
27277,12,Very Satisfied
27278,14,NA
27279,13,A Little Dissat
27280,14,Very Satisfied
27281,18,NA
27282,18,Very Satisfied
27283,13,Very Satisfied
27284,16,Mod. Satisfied
27285,16,Very Satisfied
27286,16,Mod. Satisfied
27287,14,NA
27288,13,Mod. Satisfied
27289,20,Mod. Satisfied
27290,14,Very Satisfied
27291,12,Very Satisfied
27292,16,NA
27293,12,Very Satisfied
27294,12,Very Satisfied
27295,14,Very Satisfied
27296,18,Mod. Satisfied
27297,14,Very Satisfied
27298,16,Mod. Satisfied
27299,13,NA
27300,13,Mod. Satisfied
27301,12,NA
27302,16,Mod. Satisfied
27303,10,NA
27304,8,Mod. Satisfied
27305,14,Mod. Satisfied
27306,8,NA
27307,12,Mod. Satisfied
27308,12,Very Satisfied
27309,16,Very Satisfied
27310,14,Mod. Satisfied
27311,13,Very Satisfied
27312,16,A Little Dissat
27313,14,Mod. Satisfied
27314,16,Mod. Satisfied
27315,16,Very Satisfied
27316,10,NA
27317,11,Mod. Satisfied
27318,11,NA
27319,6,NA
27320,12,Very Satisfied
27321,12,Mod. Satisfied
27322,12,NA
27323,19,Very Satisfied
27324,12,NA
27325,12,Mod. Satisfied
27326,14,NA
27327,9,NA
27328,12,A Little Dissat
27329,13,Mod. Satisfied
27330,14,Very Satisfied
27331,14,Mod. Satisfied
27332,12,Mod. Satisfied
27333,14,Very Satisfied
27334,12,NA
27335,16,Very Satisfied
27336,15,Very Satisfied
27337,14,Very Satisfied
27338,13,A Little Dissat
27339,7,A Little Dissat
27340,12,Mod. Satisfied
27341,12,NA
27342,14,NA
27343,12,NA
27344,8,NA
27345,13,Very Satisfied
27346,18,Very Satisfied
27347,12,Mod. Satisfied
27348,12,Mod. Satisfied
27349,13,NA
27350,16,Mod. Satisfied
27351,13,Mod. Satisfied
27352,12,Very Satisfied
27353,19,Mod. Satisfied
27354,16,Very Satisfied
27355,14,NA
27356,15,Very Satisfied
27357,16,Very Satisfied
27358,15,NA
27359,14,NA
27360,15,Mod. Satisfied
27361,16,Very Satisfied
27362,17,Very Satisfied
27363,16,A Little Dissat
27364,14,Very Satisfied
27365,16,Mod. Satisfied
27366,13,NA
27367,12,Very Dissatisfied
27368,16,Very Satisfied
27369,16,Very Satisfied
27370,NA,NA
27371,12,Very Satisfied
27372,16,Mod. Satisfied
27373,15,Very Satisfied
27374,15,Very Satisfied
27375,8,Mod. Satisfied
27376,15,Very Dissatisfied
27377,12,Very Satisfied
27378,12,Very Satisfied
27379,7,NA
27380,8,NA
27381,12,A Little Dissat
27382,12,Very Satisfied
27383,10,Mod. Satisfied
27384,8,Very Satisfied
27385,11,NA
27386,17,Very Satisfied
27387,18,Mod. Satisfied
27388,12,Very Satisfied
27389,13,Very Satisfied
27390,11,Very Satisfied
27391,12,A Little Dissat
27392,12,Very Satisfied
27393,13,Very Satisfied
27394,11,Very Satisfied
27395,12,Mod. Satisfied
27396,12,Mod. Satisfied
27397,12,Very Satisfied
27398,12,Mod. Satisfied
27399,11,Very Satisfied
27400,12,Mod. Satisfied
27401,9,NA
27402,15,Mod. Satisfied
27403,12,Mod. Satisfied
27404,14,NA
27405,14,Very Satisfied
27406,12,NA
27407,12,Mod. Satisfied
27408,10,A Little Dissat
27409,9,A Little Dissat
27410,11,Mod. Satisfied
27411,12,Very Satisfied
27412,15,Very Satisfied
27413,16,Very Satisfied
27414,6,NA
27415,14,Very Satisfied
27416,13,Mod. Satisfied
27417,12,Very Satisfied
27418,14,Very Satisfied
27419,15,Very Satisfied
27420,16,Mod. Satisfied
27421,9,Mod. Satisfied
27422,12,NA
27423,12,Mod. Satisfied
27424,12,Very Satisfied
27425,14,Mod. Satisfied
27426,12,Very Satisfied
27427,16,Mod. Satisfied
27428,12,Very Satisfied
27429,11,Mod. Satisfied
27430,8,NA
27431,12,Mod. Satisfied
27432,12,Mod. Satisfied
27433,13,NA
27434,16,Very Satisfied
27435,14,Mod. Satisfied
27436,13,Very Satisfied
27437,11,Very Satisfied
27438,12,Mod. Satisfied
27439,14,Mod. Satisfied
27440,14,Mod. Satisfied
27441,18,Mod. Satisfied
27442,14,Mod. Satisfied
27443,13,NA
27444,13,Very Satisfied
27445,12,Very Satisfied
27446,16,Very Satisfied
27447,7,NA
27448,12,Very Dissatisfied
27449,16,Mod. Satisfied
27450,11,Mod. Satisfied
27451,12,Mod. Satisfied
27452,13,Very Satisfied
27453,8,NA
27454,5,NA
27455,14,Mod. Satisfied
27456,9,Very Satisfied
27457,13,Mod. Satisfied
27458,14,A Little Dissat
27459,16,Mod. Satisfied
27460,14,Very Satisfied
27461,18,Very Satisfied
27462,8,NA
27463,9,Very Satisfied
27464,14,Mod. Satisfied
27465,13,Very Satisfied
27466,10,Very Satisfied
27467,12,NA
27468,14,NA
27469,17,Mod. Satisfied
27470,12,NA
27471,16,NA
27472,16,NA
27473,12,Very Satisfied
27474,12,NA
27475,12,Very Satisfied
27476,13,NA
27477,12,Very Satisfied
27478,14,Mod. Satisfied
27479,18,Very Satisfied
27480,12,A Little Dissat
27481,16,Mod. Satisfied
27482,16,Mod. Satisfied
27483,12,Very Satisfied
27484,12,NA
27485,8,Very Satisfied
27486,12,Very Satisfied
27487,12,NA
27488,8,Mod. Satisfied
27489,11,Very Satisfied
27490,14,A Little Dissat
27491,16,Mod. Satisfied
27492,13,Mod. Satisfied
27493,14,NA
27494,16,Mod. Satisfied
27495,12,Mod. Satisfied
27496,12,NA
27497,13,Mod. Satisfied
27498,11,NA
27499,12,Very Satisfied
27500,8,A Little Dissat
27501,8,Mod. Satisfied
27502,14,Mod. Satisfied
27503,7,NA
27504,12,Very Satisfied
27505,12,Mod. Satisfied
27506,8,NA
27507,12,Mod. Satisfied
27508,14,NA
27509,15,Very Satisfied
27510,16,Very Satisfied
27511,14,NA
27512,14,Mod. Satisfied
27513,12,A Little Dissat
27514,13,Mod. Satisfied
27515,12,NA
27516,12,Very Satisfied
27517,13,A Little Dissat
27518,14,Very Satisfied
27519,12,A Little Dissat
27520,12,Very Satisfied
27521,13,Mod. Satisfied
27522,16,NA
27523,8,Mod. Satisfied
27524,12,Mod. Satisfied
27525,12,A Little Dissat
27526,9,Very Satisfied
27527,12,Very Satisfied
27528,13,NA
27529,12,Mod. Satisfied
27530,10,Mod. Satisfied
27531,9,Mod. Satisfied
27532,9,A Little Dissat
27533,12,Mod. Satisfied
27534,12,NA
27535,13,A Little Dissat
27536,14,Very Satisfied
27537,16,Very Satisfied
27538,12,A Little Dissat
27539,16,Mod. Satisfied
27540,8,NA
27541,7,NA
27542,12,Very Satisfied
27543,12,Mod. Satisfied
27544,10,Very Satisfied
27545,16,Very Satisfied
27546,9,Very Satisfied
27547,12,NA
27548,12,Mod. Satisfied
27549,9,Very Satisfied
27550,15,Very Satisfied
27551,8,NA
27552,12,Mod. Satisfied
27553,13,Mod. Satisfied
27554,12,NA
27555,12,Mod. Satisfied
27556,16,Mod. Satisfied
27557,12,Mod. Satisfied
27558,16,Mod. Satisfied
27559,7,Mod. Satisfied
27560,12,Mod. Satisfied
27561,13,NA
27562,16,Very Satisfied
27563,18,A Little Dissat
27564,17,Mod. Satisfied
27565,20,Very Satisfied
27566,12,NA
27567,12,Mod. Satisfied
27568,14,Mod. Satisfied
27569,12,Mod. Satisfied
27570,15,NA
27571,20,Mod. Satisfied
27572,9,A Little Dissat
27573,12,A Little Dissat
27574,16,NA
27575,12,A Little Dissat
27576,11,Mod. Satisfied
27577,12,Mod. Satisfied
27578,13,NA
27579,6,NA
27580,12,Very Satisfied
27581,12,Mod. Satisfied
27582,12,Mod. Satisfied
27583,15,Mod. Satisfied
27584,12,Mod. Satisfied
27585,12,Mod. Satisfied
27586,12,Mod. Satisfied
27587,12,Very Satisfied
27588,12,Mod. Satisfied
27589,10,Mod. Satisfied
27590,9,A Little Dissat
27591,12,NA
27592,8,Very Satisfied
27593,14,Mod. Satisfied
27594,12,Very Satisfied
27595,14,Mod. Satisfied
27596,8,NA
27597,12,Mod. Satisfied
27598,14,A Little Dissat
27599,12,NA
27600,12,NA
27601,14,NA
27602,12,NA
27603,19,Mod. Satisfied
27604,8,NA
27605,12,NA
27606,12,A Little Dissat
27607,8,NA
27608,12,NA
27609,12,A Little Dissat
27610,10,Very Satisfied
27611,14,NA
27612,12,Very Dissatisfied
27613,12,Very Satisfied
27614,12,Very Satisfied
27615,11,NA
27616,8,NA
27617,12,Very Satisfied
27618,12,Mod. Satisfied
27619,11,NA
27620,11,Very Satisfied
27621,11,Mod. Satisfied
27622,10,Very Satisfied
27623,12,Very Satisfied
27624,12,Very Satisfied
27625,10,NA
27626,11,NA
27627,16,NA
27628,12,NA
27629,17,Very Satisfied
27630,8,NA
27631,6,Mod. Satisfied
27632,12,Very Satisfied
27633,12,Very Satisfied
27634,12,Mod. Satisfied
27635,8,Mod. Satisfied
27636,12,NA
27637,11,NA
27638,13,Very Satisfied
27639,12,Mod. Satisfied
27640,12,Mod. Satisfied
27641,12,Mod. Satisfied
27642,13,Very Dissatisfied
27643,8,Very Satisfied
27644,12,Very Satisfied
27645,9,NA
27646,16,Mod. Satisfied
27647,7,NA
27648,6,NA
27649,8,Very Satisfied
27650,14,Mod. Satisfied
27651,11,Mod. Satisfied
27652,4,Very Satisfied
27653,11,Mod. Satisfied
27654,8,NA
27655,16,Very Satisfied
27656,16,Very Satisfied
27657,16,NA
27658,11,Very Satisfied
27659,15,Mod. Satisfied
27660,12,Mod. Satisfied
27661,11,Mod. Satisfied
27662,19,Very Satisfied
27663,6,A Little Dissat
27664,12,Mod. Satisfied
27665,16,Very Satisfied
27666,13,Very Satisfied
27667,12,Mod. Satisfied
27668,12,Very Satisfied
27669,8,Mod. Satisfied
27670,9,Mod. Satisfied
27671,10,Mod. Satisfied
27672,8,NA
27673,12,Mod. Satisfied
27674,12,Mod. Satisfied
27675,16,NA
27676,13,Mod. Satisfied
27677,8,Very Satisfied
27678,13,A Little Dissat
27679,7,Mod. Satisfied
27680,13,Mod. Satisfied
27681,9,Very Satisfied
27682,11,NA
27683,15,NA
27684,15,NA
27685,14,NA
27686,14,NA
27687,15,NA
27688,16,NA
27689,15,NA
27690,14,NA
27691,8,Mod. Satisfied
27692,7,Very Satisfied
27693,15,NA
27694,14,NA
27695,16,NA
27696,19,Mod. Satisfied
27697,14,Mod. Satisfied
27698,13,NA
27699,15,NA
27700,16,Very Dissatisfied
27701,15,NA
27702,15,NA
27703,16,Mod. Satisfied
27704,14,Very Satisfied
27705,17,NA
27706,20,Very Satisfied
27707,7,NA
27708,7,NA
27709,17,NA
27710,14,Very Satisfied
27711,10,Very Satisfied
27712,10,Mod. Satisfied
27713,5,NA
27714,12,Mod. Satisfied
27715,8,Mod. Satisfied
27716,15,Very Satisfied
27717,8,Very Satisfied
27718,5,A Little Dissat
27719,NA,NA
27720,11,Mod. Satisfied
27721,13,Mod. Satisfied
27722,12,Mod. Satisfied
27723,12,Mod. Satisfied
27724,13,Mod. Satisfied
27725,16,Very Satisfied
27726,12,Mod. Satisfied
27727,12,Mod. Satisfied
27728,10,Mod. Satisfied
27729,11,A Little Dissat
27730,12,Mod. Satisfied
27731,12,NA
27732,11,Mod. Satisfied
27733,12,Very Satisfied
27734,7,Mod. Satisfied
27735,6,Very Satisfied
27736,11,Very Satisfied
27737,13,Mod. Satisfied
27738,11,NA
27739,10,A Little Dissat
27740,10,NA
27741,3,NA
27742,14,Very Satisfied
27743,13,Very Satisfied
27744,12,Very Satisfied
27745,12,NA
27746,14,Very Satisfied
27747,12,NA
27748,13,Very Satisfied
27749,14,Mod. Satisfied
27750,12,Very Satisfied
27751,12,Very Satisfied
27752,12,Very Satisfied
27753,19,Very Satisfied
27754,16,NA
27755,12,Very Satisfied
27756,11,Mod. Satisfied
27757,16,NA
27758,6,NA
27759,14,Very Satisfied
27760,10,Very Satisfied
27761,14,Mod. Satisfied
27762,12,Mod. Satisfied
27763,12,Mod. Satisfied
27764,10,Very Satisfied
27765,13,NA
27766,14,Very Dissatisfied
27767,14,Mod. Satisfied
27768,19,Very Satisfied
27769,12,Very Satisfied
27770,12,NA
27771,12,Very Satisfied
27772,12,Very Satisfied
27773,12,Mod. Satisfied
27774,13,Mod. Satisfied
27775,7,Mod. Satisfied
27776,10,Very Satisfied
27777,12,Mod. Satisfied
27778,12,A Little Dissat
27779,12,NA
27780,9,Mod. Satisfied
27781,12,Very Satisfied
27782,12,Very Satisfied
27783,11,Mod. Satisfied
27784,16,Very Dissatisfied
27785,16,Very Satisfied
27786,15,A Little Dissat
27787,17,NA
27788,11,NA
27789,12,Very Satisfied
27790,12,NA
27791,18,Very Satisfied
27792,18,Very Satisfied
27793,18,Mod. Satisfied
27794,15,Mod. Satisfied
27795,12,Mod. Satisfied
27796,4,NA
27797,10,Mod. Satisfied
27798,14,A Little Dissat
27799,8,Mod. Satisfied
27800,15,Mod. Satisfied
27801,16,A Little Dissat
27802,16,Mod. Satisfied
27803,14,Very Satisfied
27804,18,Very Satisfied
27805,18,NA
27806,16,Mod. Satisfied
27807,5,Very Satisfied
27808,13,Very Satisfied
27809,16,Mod. Satisfied
27810,16,Mod. Satisfied
27811,18,Mod. Satisfied
27812,16,Very Satisfied
27813,16,Mod. Satisfied
27814,14,Mod. Satisfied
27815,16,A Little Dissat
27816,11,Mod. Satisfied
27817,12,NA
27818,14,Very Dissatisfied
27819,12,Very Satisfied
27820,12,A Little Dissat
27821,6,Mod. Satisfied
27822,14,Very Satisfied
27823,12,Mod. Satisfied
27824,16,Very Satisfied
27825,18,Very Satisfied
27826,13,Very Satisfied
27827,14,Very Satisfied
27828,14,NA
27829,18,Mod. Satisfied
27830,18,Mod. Satisfied
27831,13,Very Satisfied
27832,16,Very Satisfied
27833,16,Very Satisfied
27834,13,Very Satisfied
27835,19,Mod. Satisfied
27836,13,NA
27837,15,A Little Dissat
27838,12,Mod. Satisfied
27839,15,NA
27840,12,Very Satisfied
27841,16,Mod. Satisfied
27842,16,Mod. Satisfied
27843,12,Mod. Satisfied
27844,11,Mod. Satisfied
27845,12,Very Satisfied
27846,16,Very Satisfied
27847,15,Very Satisfied
27848,14,Mod. Satisfied
27849,20,Mod. Satisfied
27850,16,Mod. Satisfied
27851,16,Mod. Satisfied
27852,13,Very Satisfied
27853,16,A Little Dissat
27854,16,Very Satisfied
27855,14,Very Satisfied
27856,16,NA
27857,13,Very Dissatisfied
27858,12,Very Satisfied
27859,8,NA
27860,12,Mod. Satisfied
27861,12,Very Satisfied
27862,12,NA
27863,12,Mod. Satisfied
27864,9,Very Satisfied
27865,14,Mod. Satisfied
27866,13,Mod. Satisfied
27867,16,Very Satisfied
27868,14,Mod. Satisfied
27869,12,Mod. Satisfied
27870,18,Mod. Satisfied
27871,12,Mod. Satisfied
27872,12,Very Satisfied
27873,15,Mod. Satisfied
27874,12,Mod. Satisfied
27875,18,NA
27876,13,Mod. Satisfied
27877,15,NA
27878,18,Mod. Satisfied
27879,16,NA
27880,16,NA
27881,11,NA
27882,16,Mod. Satisfied
27883,11,Mod. Satisfied
27884,15,Mod. Satisfied
27885,16,Very Satisfied
27886,20,Mod. Satisfied
27887,13,Mod. Satisfied
27888,14,Mod. Satisfied
27889,7,NA
27890,12,Mod. Satisfied
27891,16,Mod. Satisfied
27892,14,Mod. Satisfied
27893,14,Mod. Satisfied
27894,17,Very Satisfied
27895,12,Very Satisfied
27896,12,Very Satisfied
27897,19,Very Satisfied
27898,17,Mod. Satisfied
27899,16,A Little Dissat
27900,18,Mod. Satisfied
27901,18,Mod. Satisfied
27902,15,NA
27903,9,Mod. Satisfied
27904,15,Very Satisfied
27905,7,NA
27906,16,Mod. Satisfied
27907,16,NA
27908,12,Mod. Satisfied
27909,8,Very Satisfied
27910,6,A Little Dissat
27911,18,Very Satisfied
27912,12,NA
27913,14,NA
27914,13,Very Satisfied
27915,16,Very Satisfied
27916,13,Very Dissatisfied
27917,12,Mod. Satisfied
27918,15,Mod. Satisfied
27919,12,A Little Dissat
27920,16,Mod. Satisfied
27921,16,Very Satisfied
27922,20,Very Satisfied
27923,18,Mod. Satisfied
27924,13,Mod. Satisfied
27925,12,Very Satisfied
27926,14,Mod. Satisfied
27927,14,Very Satisfied
27928,12,Very Satisfied
27929,20,Very Satisfied
27930,12,Very Satisfied
27931,14,Mod. Satisfied
27932,14,Very Satisfied
27933,16,Very Satisfied
27934,12,Very Satisfied
27935,12,NA
27936,16,NA
27937,16,Mod. Satisfied
27938,17,Very Satisfied
27939,20,Mod. Satisfied
27940,18,A Little Dissat
27941,20,Very Satisfied
27942,20,A Little Dissat
27943,16,Very Satisfied
27944,17,Very Satisfied
27945,16,Very Satisfied
27946,16,A Little Dissat
27947,16,Very Satisfied
27948,15,NA
27949,12,Very Satisfied
27950,15,NA
27951,12,Very Satisfied
27952,12,Very Satisfied
27953,12,Very Satisfied
27954,15,Mod. Satisfied
27955,12,Very Satisfied
27956,14,Very Satisfied
27957,16,Mod. Satisfied
27958,17,A Little Dissat
27959,16,Mod. Satisfied
27960,12,Mod. Satisfied
27961,15,NA
27962,13,Very Satisfied
27963,16,Mod. Satisfied
27964,12,Very Dissatisfied
27965,20,NA
27966,12,A Little Dissat
27967,8,Mod. Satisfied
27968,8,A Little Dissat
27969,6,NA
27970,14,A Little Dissat
27971,16,Very Satisfied
27972,12,Very Satisfied
27973,12,Very Satisfied
27974,12,NA
27975,16,Very Satisfied
27976,19,A Little Dissat
27977,13,Mod. Satisfied
27978,12,NA
27979,12,NA
27980,14,NA
27981,12,Very Satisfied
27982,12,Very Satisfied
27983,16,NA
27984,12,Very Satisfied
27985,20,Very Satisfied
27986,16,NA
27987,14,Very Satisfied
27988,18,Very Satisfied
27989,11,Very Satisfied
27990,14,NA
27991,17,Very Satisfied
27992,18,Mod. Satisfied
27993,18,Very Satisfied
27994,14,NA
27995,13,Very Satisfied
27996,17,Very Satisfied
27997,14,Very Satisfied
27998,13,Mod. Satisfied
27999,10,NA
28000,6,NA
28001,18,Very Satisfied
28002,13,Mod. Satisfied
28003,11,Very Dissatisfied
28004,12,Very Satisfied
28005,17,Very Satisfied
28006,13,Mod. Satisfied
28007,15,Mod. Satisfied
28008,6,Very Satisfied
28009,12,Mod. Satisfied
28010,14,Very Dissatisfied
28011,12,Very Satisfied
28012,14,Mod. Satisfied
28013,12,Mod. Satisfied
28014,12,NA
28015,17,Mod. Satisfied
28016,16,Mod. Satisfied
28017,12,Very Satisfied
28018,10,Very Satisfied
28019,12,Very Satisfied
28020,12,NA
28021,16,Mod. Satisfied
28022,13,Very Satisfied
28023,16,A Little Dissat
28024,12,Mod. Satisfied
28025,14,Very Satisfied
28026,19,Very Satisfied
28027,8,NA
28028,14,Very Satisfied
28029,17,Very Satisfied
28030,14,Very Satisfied
28031,16,Mod. Satisfied
28032,14,Mod. Satisfied
28033,16,Very Dissatisfied
28034,16,Very Dissatisfied
28035,12,Very Satisfied
28036,9,Very Satisfied
28037,11,Mod. Satisfied
28038,15,Mod. Satisfied
28039,12,A Little Dissat
28040,12,A Little Dissat
28041,16,Mod. Satisfied
28042,16,Very Satisfied
28043,15,Very Satisfied
28044,15,Very Satisfied
28045,16,Very Satisfied
28046,14,Very Satisfied
28047,15,Very Satisfied
28048,18,Very Satisfied
28049,9,Mod. Satisfied
28050,10,Very Satisfied
28051,12,NA
28052,12,Mod. Satisfied
28053,14,Very Satisfied
28054,12,Mod. Satisfied
28055,15,Very Dissatisfied
28056,9,A Little Dissat
28057,10,Very Satisfied
28058,12,Mod. Satisfied
28059,13,Very Satisfied
28060,14,Very Satisfied
28061,8,Very Satisfied
28062,12,Mod. Satisfied
28063,13,Very Satisfied
28064,15,Mod. Satisfied
28065,12,Very Satisfied
28066,12,Very Dissatisfied
28067,12,Very Satisfied
28068,16,Very Satisfied
28069,14,Very Satisfied
28070,12,Mod. Satisfied
28071,18,NA
28072,16,Mod. Satisfied
28073,12,A Little Dissat
28074,12,NA
28075,12,A Little Dissat
28076,12,Very Dissatisfied
28077,8,NA
28078,12,A Little Dissat
28079,13,Very Satisfied
28080,12,NA
28081,16,NA
28082,20,A Little Dissat
28083,12,NA
28084,18,Mod. Satisfied
28085,14,Very Satisfied
28086,16,Mod. Satisfied
28087,17,Mod. Satisfied
28088,14,Mod. Satisfied
28089,13,NA
28090,12,Mod. Satisfied
28091,19,Very Satisfied
28092,13,Mod. Satisfied
28093,12,Very Satisfied
28094,13,NA
28095,12,Very Satisfied
28096,15,Mod. Satisfied
28097,12,A Little Dissat
28098,12,NA
28099,14,Mod. Satisfied
28100,12,Very Satisfied
28101,12,NA
28102,17,Very Satisfied
28103,16,Very Satisfied
28104,16,Mod. Satisfied
28105,11,Mod. Satisfied
28106,18,Very Dissatisfied
28107,13,Mod. Satisfied
28108,12,Very Satisfied
28109,12,Very Satisfied
28110,12,Very Satisfied
28111,12,A Little Dissat
28112,15,A Little Dissat
28113,12,Very Satisfied
28114,12,A Little Dissat
28115,16,Very Satisfied
28116,12,Mod. Satisfied
28117,12,Mod. Satisfied
28118,12,Mod. Satisfied
28119,17,Very Satisfied
28120,15,Very Dissatisfied
28121,11,Very Satisfied
28122,14,Mod. Satisfied
28123,12,Very Dissatisfied
28124,15,Mod. Satisfied
28125,15,NA
28126,15,Very Satisfied
28127,15,Very Satisfied
28128,13,NA
28129,13,Mod. Satisfied
28130,11,Very Satisfied
28131,12,Mod. Satisfied
28132,12,Very Satisfied
28133,12,NA
28134,12,Mod. Satisfied
28135,16,Mod. Satisfied
28136,12,Very Satisfied
28137,13,Mod. Satisfied
28138,14,Mod. Satisfied
28139,8,NA
28140,16,Mod. Satisfied
28141,12,Very Satisfied
28142,12,Very Satisfied
28143,10,Very Satisfied
28144,12,Mod. Satisfied
28145,13,NA
28146,12,Mod. Satisfied
28147,12,Very Satisfied
28148,12,Mod. Satisfied
28149,12,Very Satisfied
28150,6,Very Satisfied
28151,16,Mod. Satisfied
28152,12,Mod. Satisfied
28153,12,Very Satisfied
28154,12,Very Satisfied
28155,14,Very Satisfied
28156,12,Mod. Satisfied
28157,11,Very Satisfied
28158,14,A Little Dissat
28159,8,Mod. Satisfied
28160,12,NA
28161,14,NA
28162,11,NA
28163,11,NA
28164,14,Mod. Satisfied
28165,16,Very Satisfied
28166,11,NA
28167,9,Very Satisfied
28168,13,Mod. Satisfied
28169,11,NA
28170,11,Very Dissatisfied
28171,12,Very Satisfied
28172,11,Very Satisfied
28173,11,Very Satisfied
28174,14,Very Satisfied
28175,18,Very Satisfied
28176,13,Very Satisfied
28177,12,Mod. Satisfied
28178,12,A Little Dissat
28179,14,A Little Dissat
28180,16,Mod. Satisfied
28181,14,Very Satisfied
28182,16,Very Satisfied
28183,13,Very Satisfied
28184,12,NA
28185,13,Very Satisfied
28186,12,Very Satisfied
28187,12,Mod. Satisfied
28188,13,NA
28189,8,A Little Dissat
28190,12,Very Satisfied
28191,13,Very Satisfied
28192,13,Very Satisfied
28193,14,Very Satisfied
28194,16,NA
28195,12,Mod. Satisfied
28196,14,Mod. Satisfied
28197,16,Mod. Satisfied
28198,14,Mod. Satisfied
28199,14,NA
28200,8,Very Satisfied
28201,12,NA
28202,12,NA
28203,14,NA
28204,12,Very Satisfied
28205,13,Mod. Satisfied
28206,12,Mod. Satisfied
28207,9,Mod. Satisfied
28208,14,NA
28209,14,Very Satisfied
28210,12,NA
28211,12,Very Satisfied
28212,0,Very Satisfied
28213,18,Very Satisfied
28214,12,A Little Dissat
28215,12,Very Dissatisfied
28216,19,Mod. Satisfied
28217,16,Very Satisfied
28218,12,NA
28219,14,Very Satisfied
28220,13,Mod. Satisfied
28221,12,Very Satisfied
28222,12,Very Satisfied
28223,11,Very Satisfied
28224,7,NA
28225,12,Very Satisfied
28226,12,Very Satisfied
28227,12,Mod. Satisfied
28228,7,NA
28229,8,NA
28230,6,NA
28231,11,NA
28232,12,NA
28233,12,NA
28234,12,NA
28235,12,Very Dissatisfied
28236,12,Mod. Satisfied
28237,16,Very Satisfied
28238,17,Mod. Satisfied
28239,12,Mod. Satisfied
28240,8,NA
28241,16,Very Dissatisfied
28242,16,Very Satisfied
28243,14,Very Satisfied
28244,12,NA
28245,10,NA
28246,16,NA
28247,8,NA
28248,4,NA
28249,12,Very Satisfied
28250,12,NA
28251,12,NA
28252,8,NA
28253,12,NA
28254,13,NA
28255,12,Very Satisfied
28256,14,Very Dissatisfied
28257,14,Mod. Satisfied
28258,9,Very Dissatisfied
28259,20,Mod. Satisfied
28260,20,Very Satisfied
28261,17,Very Satisfied
28262,12,Very Satisfied
28263,16,NA
28264,20,Very Satisfied
28265,18,Mod. Satisfied
28266,16,Very Satisfied
28267,14,NA
28268,14,Very Dissatisfied
28269,16,Very Satisfied
28270,12,Mod. Satisfied
28271,14,NA
28272,19,Mod. Satisfied
28273,16,Very Dissatisfied
28274,16,Very Satisfied
28275,12,Very Satisfied
28276,16,Mod. Satisfied
28277,6,Very Satisfied
28278,NA,Very Satisfied
28279,8,Very Satisfied
28280,12,Very Satisfied
28281,12,Very Satisfied
28282,12,Very Dissatisfied
28283,4,NA
28284,13,NA
28285,17,Very Satisfied
28286,17,Mod. Satisfied
28287,18,Very Satisfied
28288,17,Very Satisfied
28289,13,A Little Dissat
28290,14,A Little Dissat
28291,NA,Very Satisfied
28292,14,Very Satisfied
28293,13,Mod. Satisfied
28294,12,Very Satisfied
28295,14,A Little Dissat
28296,18,Very Satisfied
28297,14,NA
28298,10,NA
28299,14,Very Satisfied
28300,11,Very Satisfied
28301,15,Very Dissatisfied
28302,12,Mod. Satisfied
28303,16,Very Satisfied
28304,13,Very Satisfied
28305,11,Mod. Satisfied
28306,13,A Little Dissat
28307,16,NA
28308,12,A Little Dissat
28309,19,Mod. Satisfied
28310,15,Very Dissatisfied
28311,14,NA
28312,12,NA
28313,14,Mod. Satisfied
28314,20,NA
28315,19,Very Satisfied
28316,14,Very Satisfied
28317,14,Mod. Satisfied
28318,13,Mod. Satisfied
28319,10,NA
28320,12,NA
28321,16,NA
28322,17,Mod. Satisfied
28323,16,NA
28324,18,Mod. Satisfied
28325,12,Very Satisfied
28326,12,Very Satisfied
28327,12,Mod. Satisfied
28328,18,Very Satisfied
28329,12,A Little Dissat
28330,13,Mod. Satisfied
28331,13,NA
28332,19,NA
28333,13,NA
28334,12,NA
28335,16,Very Satisfied
28336,11,NA
28337,15,Mod. Satisfied
28338,12,Very Satisfied
28339,12,NA
28340,16,NA
28341,9,Mod. Satisfied
28342,12,Mod. Satisfied
28343,12,Mod. Satisfied
28344,13,A Little Dissat
28345,12,NA
28346,16,NA
28347,14,Mod. Satisfied
28348,16,Mod. Satisfied
28349,7,NA
28350,11,NA
28351,12,NA
28352,12,Very Satisfied
28353,18,A Little Dissat
28354,13,Very Satisfied
28355,14,Very Satisfied
28356,8,NA
28357,13,Mod. Satisfied
28358,12,NA
28359,13,Very Satisfied
28360,12,Mod. Satisfied
28361,11,NA
28362,11,Very Satisfied
28363,10,Mod. Satisfied
28364,16,NA
28365,13,NA
28366,14,Mod. Satisfied
28367,14,Mod. Satisfied
28368,15,Very Satisfied
28369,9,Very Satisfied
28370,9,Mod. Satisfied
28371,12,Very Satisfied
28372,7,NA
28373,9,Mod. Satisfied
28374,7,A Little Dissat
28375,12,NA
28376,12,Mod. Satisfied
28377,8,NA
28378,12,NA
28379,13,NA
28380,12,Mod. Satisfied
28381,12,Very Satisfied
28382,12,Very Satisfied
28383,12,Very Satisfied
28384,12,Mod. Satisfied
28385,14,A Little Dissat
28386,14,A Little Dissat
28387,9,NA
28388,16,Mod. Satisfied
28389,15,Very Satisfied
28390,12,Mod. Satisfied
28391,12,Mod. Satisfied
28392,15,NA
28393,16,Mod. Satisfied
28394,12,Mod. Satisfied
28395,16,Mod. Satisfied
28396,13,Very Satisfied
28397,12,Very Satisfied
28398,11,NA
28399,12,Mod. Satisfied
28400,10,NA
28401,12,Very Satisfied
28402,11,Mod. Satisfied
28403,10,Very Satisfied
28404,12,Mod. Satisfied
28405,12,Mod. Satisfied
28406,10,Mod. Satisfied
28407,12,Mod. Satisfied
28408,11,NA
28409,10,Very Dissatisfied
28410,6,Very Satisfied
28411,14,Very Satisfied
28412,16,Very Satisfied
28413,13,Mod. Satisfied
28414,9,Mod. Satisfied
28415,13,NA
28416,12,NA
28417,8,Mod. Satisfied
28418,13,A Little Dissat
28419,8,Mod. Satisfied
28420,8,NA
28421,12,Mod. Satisfied
28422,16,Very Satisfied
28423,12,Mod. Satisfied
28424,14,Mod. Satisfied
28425,14,Very Satisfied
28426,12,Mod. Satisfied
28427,16,A Little Dissat
28428,12,Mod. Satisfied
28429,12,A Little Dissat
28430,11,Very Satisfied
28431,10,Mod. Satisfied
28432,12,Very Satisfied
28433,16,Mod. Satisfied
28434,16,Mod. Satisfied
28435,12,Very Satisfied
28436,12,Mod. Satisfied
28437,12,A Little Dissat
28438,10,Mod. Satisfied
28439,12,Mod. Satisfied
28440,17,Mod. Satisfied
28441,12,Very Satisfied
28442,10,A Little Dissat
28443,12,Very Satisfied
28444,12,Very Satisfied
28445,12,Mod. Satisfied
28446,12,Very Satisfied
28447,13,Mod. Satisfied
28448,12,Very Satisfied
28449,13,Mod. Satisfied
28450,11,Mod. Satisfied
28451,12,NA
28452,14,NA
28453,7,NA
28454,6,NA
28455,5,Mod. Satisfied
28456,2,NA
28457,6,NA
28458,9,Very Satisfied
28459,14,Very Satisfied
28460,12,Very Satisfied
28461,9,Mod. Satisfied
28462,12,Mod. Satisfied
28463,11,Very Dissatisfied
28464,12,Very Satisfied
28465,11,NA
28466,10,NA
28467,8,Mod. Satisfied
28468,8,NA
28469,7,NA
28470,11,Very Satisfied
28471,4,NA
28472,12,Very Satisfied
28473,8,NA
28474,20,Very Satisfied
28475,16,Very Satisfied
28476,16,NA
28477,13,Mod. Satisfied
28478,12,Very Satisfied
28479,16,NA
28480,14,Mod. Satisfied
28481,14,NA
28482,2,NA
28483,14,Very Satisfied
28484,13,Very Satisfied
28485,14,Very Satisfied
28486,12,Mod. Satisfied
28487,7,NA
28488,8,NA
28489,9,A Little Dissat
28490,12,Mod. Satisfied
28491,4,NA
28492,13,NA
28493,14,Mod. Satisfied
28494,12,Mod. Satisfied
28495,10,A Little Dissat
28496,8,Mod. Satisfied
28497,10,NA
28498,12,Mod. Satisfied
28499,18,Very Satisfied
28500,16,Mod. Satisfied
28501,14,Very Satisfied
28502,16,NA
28503,12,NA
28504,10,Very Dissatisfied
28505,9,Mod. Satisfied
28506,12,NA
28507,9,Mod. Satisfied
28508,18,Mod. Satisfied
28509,12,Mod. Satisfied
28510,16,Very Satisfied
28511,18,A Little Dissat
28512,12,Very Dissatisfied
28513,16,Very Satisfied
28514,7,NA
28515,11,NA
28516,13,Mod. Satisfied
28517,9,Very Dissatisfied
28518,12,Mod. Satisfied
28519,12,Very Satisfied
28520,2,Mod. Satisfied
28521,12,Very Satisfied
28522,11,Mod. Satisfied
28523,13,Mod. Satisfied
28524,12,A Little Dissat
28525,12,Mod. Satisfied
28526,14,Very Satisfied
28527,14,Very Satisfied
28528,10,NA
28529,8,NA
28530,16,Very Satisfied
28531,7,NA
28532,13,Mod. Satisfied
28533,12,NA
28534,0,NA
28535,13,NA
28536,7,NA
28537,14,A Little Dissat
28538,17,Very Satisfied
28539,13,Mod. Satisfied
28540,6,Mod. Satisfied
28541,12,Very Satisfied
28542,10,NA
28543,7,Mod. Satisfied
28544,14,NA
28545,12,NA
28546,4,NA
28547,12,Very Satisfied
28548,11,Very Dissatisfied
28549,15,Mod. Satisfied
28550,13,NA
28551,16,Mod. Satisfied
28552,13,Very Satisfied
28553,12,NA
28554,14,Very Satisfied
28555,12,Mod. Satisfied
28556,7,NA
28557,12,Mod. Satisfied
28558,16,Mod. Satisfied
28559,7,Very Satisfied
28560,13,A Little Dissat
28561,10,NA
28562,13,NA
28563,13,NA
28564,16,Very Satisfied
28565,13,Very Satisfied
28566,14,Mod. Satisfied
28567,12,Very Satisfied
28568,16,Very Satisfied
28569,14,Very Satisfied
28570,16,Mod. Satisfied
28571,13,Very Satisfied
28572,19,NA
28573,19,Very Satisfied
28574,14,Very Satisfied
28575,13,Mod. Satisfied
28576,17,NA
28577,16,Very Satisfied
28578,12,NA
28579,7,NA
28580,13,Mod. Satisfied
28581,10,A Little Dissat
28582,14,Very Satisfied
28583,15,NA
28584,14,NA
28585,18,Very Satisfied
28586,17,Very Satisfied
28587,12,NA
28588,12,NA
28589,9,NA
28590,5,NA
28591,18,Very Satisfied
28592,15,Mod. Satisfied
28593,16,Mod. Satisfied
28594,20,Mod. Satisfied
28595,20,Very Satisfied
28596,18,Very Satisfied
28597,14,NA
28598,10,NA
28599,10,Very Satisfied
28600,8,Mod. Satisfied
28601,6,Mod. Satisfied
28602,12,Very Satisfied
28603,16,A Little Dissat
28604,16,Very Satisfied
28605,10,NA
28606,16,Very Satisfied
28607,16,Mod. Satisfied
28608,18,Very Satisfied
28609,16,Mod. Satisfied
28610,12,Mod. Satisfied
28611,12,NA
28612,12,NA
28613,15,Mod. Satisfied
28614,16,Very Satisfied
28615,12,Mod. Satisfied
28616,16,NA
28617,14,Very Satisfied
28618,10,NA
28619,10,Mod. Satisfied
28620,16,Very Dissatisfied
28621,14,Very Satisfied
28622,16,Very Satisfied
28623,20,Very Satisfied
28624,12,Very Dissatisfied
28625,13,Very Satisfied
28626,13,NA
28627,12,Mod. Satisfied
28628,12,Mod. Satisfied
28629,13,NA
28630,16,Mod. Satisfied
28631,20,A Little Dissat
28632,16,NA
28633,15,A Little Dissat
28634,18,Mod. Satisfied
28635,18,Mod. Satisfied
28636,12,NA
28637,13,NA
28638,12,NA
28639,16,Mod. Satisfied
28640,11,Mod. Satisfied
28641,16,Mod. Satisfied
28642,12,Very Satisfied
28643,19,NA
28644,16,Very Satisfied
28645,15,A Little Dissat
28646,17,NA
28647,14,Very Dissatisfied
28648,16,Very Satisfied
28649,12,Very Satisfied
28650,14,Very Satisfied
28651,16,Mod. Satisfied
28652,11,Mod. Satisfied
28653,13,Very Satisfied
28654,14,A Little Dissat
28655,15,Mod. Satisfied
28656,14,Very Dissatisfied
28657,14,Very Satisfied
28658,17,Mod. Satisfied
28659,16,Very Satisfied
28660,18,Mod. Satisfied
28661,14,Mod. Satisfied
28662,10,Very Satisfied
28663,14,Very Satisfied
28664,12,Mod. Satisfied
28665,15,Very Dissatisfied
28666,14,Mod. Satisfied
28667,12,Mod. Satisfied
28668,16,Mod. Satisfied
28669,13,Mod. Satisfied
28670,15,A Little Dissat
28671,9,NA
28672,12,Mod. Satisfied
28673,11,A Little Dissat
28674,12,A Little Dissat
28675,12,NA
28676,12,Very Satisfied
28677,13,Very Satisfied
28678,10,Mod. Satisfied
28679,14,Mod. Satisfied
28680,13,Very Satisfied
28681,7,NA
28682,16,Very Satisfied
28683,14,NA
28684,19,Very Satisfied
28685,13,NA
28686,16,Mod. Satisfied
28687,11,A Little Dissat
28688,12,Very Satisfied
28689,13,NA
28690,14,Mod. Satisfied
28691,12,NA
28692,18,Mod. Satisfied
28693,14,Mod. Satisfied
28694,19,Very Dissatisfied
28695,12,Very Satisfied
28696,12,A Little Dissat
28697,13,A Little Dissat
28698,15,Very Satisfied
28699,12,Very Satisfied
28700,12,Very Satisfied
28701,13,Very Satisfied
28702,12,Mod. Satisfied
28703,15,NA
28704,9,A Little Dissat
28705,12,Mod. Satisfied
28706,8,NA
28707,12,Very Satisfied
28708,12,Very Dissatisfied
28709,6,Very Satisfied
28710,8,Mod. Satisfied
28711,11,Mod. Satisfied
28712,16,Mod. Satisfied
28713,16,Very Satisfied
28714,18,Mod. Satisfied
28715,16,NA
28716,12,Mod. Satisfied
28717,16,Very Satisfied
28718,14,NA
28719,16,Very Satisfied
28720,16,Mod. Satisfied
28721,12,Very Satisfied
28722,12,Very Satisfied
28723,12,A Little Dissat
28724,11,Very Dissatisfied
28725,12,NA
28726,9,Very Satisfied
28727,15,NA
28728,14,Very Dissatisfied
28729,15,Very Satisfied
28730,14,Very Satisfied
28731,12,Mod. Satisfied
28732,16,Very Satisfied
28733,19,Very Satisfied
28734,17,Very Satisfied
28735,12,NA
28736,14,Mod. Satisfied
28737,10,Mod. Satisfied
28738,5,NA
28739,11,NA
28740,10,Mod. Satisfied
28741,15,A Little Dissat
28742,11,Mod. Satisfied
28743,12,Mod. Satisfied
28744,19,Very Satisfied
28745,18,Very Dissatisfied
28746,16,Mod. Satisfied
28747,19,A Little Dissat
28748,12,Very Satisfied
28749,12,Very Satisfied
28750,12,NA
28751,14,Mod. Satisfied
28752,5,NA
28753,12,Very Satisfied
28754,11,Very Satisfied
28755,12,Mod. Satisfied
28756,13,NA
28757,12,Mod. Satisfied
28758,19,Mod. Satisfied
28759,13,Mod. Satisfied
28760,14,Very Satisfied
28761,18,Very Satisfied
28762,9,NA
28763,12,Mod. Satisfied
28764,13,Very Dissatisfied
28765,13,NA
28766,14,Very Satisfied
28767,18,Very Dissatisfied
28768,16,Mod. Satisfied
28769,16,Mod. Satisfied
28770,14,Mod. Satisfied
28771,12,Mod. Satisfied
28772,17,Very Satisfied
28773,18,Mod. Satisfied
28774,12,Very Satisfied
28775,12,Very Satisfied
28776,13,Very Satisfied
28777,20,NA
28778,19,Very Satisfied
28779,17,A Little Dissat
28780,13,Mod. Satisfied
28781,15,NA
28782,14,Very Satisfied
28783,16,Very Satisfied
28784,16,Very Satisfied
28785,16,Mod. Satisfied
28786,18,Very Dissatisfied
28787,14,A Little Dissat
28788,16,Mod. Satisfied
28789,16,Very Satisfied
28790,20,Very Satisfied
28791,14,Very Satisfied
28792,17,Very Satisfied
28793,16,Mod. Satisfied
28794,15,Very Satisfied
28795,20,NA
28796,13,Very Satisfied
28797,13,A Little Dissat
28798,14,Very Satisfied
28799,16,Very Satisfied
28800,16,Mod. Satisfied
28801,11,NA
28802,11,A Little Dissat
28803,14,Very Satisfied
28804,11,NA
28805,12,Mod. Satisfied
28806,12,NA
28807,12,Very Satisfied
28808,16,Mod. Satisfied
28809,19,NA
28810,13,A Little Dissat
28811,10,Mod. Satisfied
28812,16,Mod. Satisfied
28813,13,Mod. Satisfied
28814,8,NA
28815,12,Mod. Satisfied
28816,12,Mod. Satisfied
28817,13,Mod. Satisfied
28818,13,Mod. Satisfied
28819,14,Very Satisfied
28820,14,Very Satisfied
28821,16,Mod. Satisfied
28822,13,Mod. Satisfied
28823,15,Very Satisfied
28824,14,Very Satisfied
28825,16,Very Dissatisfied
28826,13,Very Satisfied
28827,11,A Little Dissat
28828,15,Mod. Satisfied
28829,14,NA
28830,9,Very Satisfied
28831,12,Mod. Satisfied
28832,12,Mod. Satisfied
28833,11,A Little Dissat
28834,14,Mod. Satisfied
28835,20,Mod. Satisfied
28836,12,Very Satisfied
28837,16,Mod. Satisfied
28838,14,Mod. Satisfied
28839,19,Mod. Satisfied
28840,18,Mod. Satisfied
28841,16,Very Satisfied
28842,13,Mod. Satisfied
28843,15,Very Dissatisfied
28844,16,Very Satisfied
28845,14,Mod. Satisfied
28846,12,Mod. Satisfied
28847,12,Mod. Satisfied
28848,11,NA
28849,16,Very Satisfied
28850,14,Very Satisfied
28851,16,Very Satisfied
28852,12,Mod. Satisfied
28853,12,Very Satisfied
28854,14,Mod. Satisfied
28855,12,Mod. Satisfied
28856,18,NA
28857,17,Mod. Satisfied
28858,14,Very Satisfied
28859,12,Mod. Satisfied
28860,14,Mod. Satisfied
28861,16,Very Satisfied
28862,16,Very Satisfied
28863,12,A Little Dissat
28864,13,Very Satisfied
28865,12,Very Satisfied
28866,12,Very Satisfied
28867,16,A Little Dissat
28868,12,Very Satisfied
28869,11,Mod. Satisfied
28870,15,Very Dissatisfied
28871,12,A Little Dissat
28872,12,Very Satisfied
28873,12,A Little Dissat
28874,9,Mod. Satisfied
28875,9,NA
28876,11,A Little Dissat
28877,16,Mod. Satisfied
28878,12,NA
28879,11,NA
28880,12,Mod. Satisfied
28881,12,Mod. Satisfied
28882,10,NA
28883,13,Mod. Satisfied
28884,10,Very Dissatisfied
28885,14,A Little Dissat
28886,16,A Little Dissat
28887,16,Very Satisfied
28888,12,Very Dissatisfied
28889,16,Mod. Satisfied
28890,8,A Little Dissat
28891,12,NA
28892,12,Mod. Satisfied
28893,12,NA
28894,12,Mod. Satisfied
28895,11,Mod. Satisfied
28896,11,A Little Dissat
28897,14,Very Satisfied
28898,15,Very Satisfied
28899,16,NA
28900,12,Very Satisfied
28901,12,NA
28902,12,Very Satisfied
28903,9,Mod. Satisfied
28904,9,Mod. Satisfied
28905,12,Very Satisfied
28906,12,A Little Dissat
28907,12,Very Satisfied
28908,8,NA
28909,14,Very Satisfied
28910,10,NA
28911,12,Very Satisfied
28912,12,Very Satisfied
28913,12,Mod. Satisfied
28914,16,Very Satisfied
28915,12,Mod. Satisfied
28916,12,Mod. Satisfied
28917,12,Very Satisfied
28918,8,Mod. Satisfied
28919,9,NA
28920,12,Very Satisfied
28921,12,A Little Dissat
28922,12,NA
28923,12,Mod. Satisfied
28924,15,Very Satisfied
28925,12,Mod. Satisfied
28926,12,Very Satisfied
28927,8,NA
28928,12,Mod. Satisfied
28929,13,Very Satisfied
28930,12,Very Satisfied
28931,13,NA
28932,12,Very Satisfied
28933,9,A Little Dissat
28934,11,Very Satisfied
28935,12,Very Satisfied
28936,12,NA
28937,4,A Little Dissat
28938,12,A Little Dissat
28939,17,Mod. Satisfied
28940,12,Mod. Satisfied
28941,12,Mod. Satisfied
28942,11,NA
28943,9,NA
28944,12,Very Satisfied
28945,12,NA
28946,14,Very Satisfied
28947,16,Mod. Satisfied
28948,16,Very Satisfied
28949,16,Very Satisfied
28950,16,Very Satisfied
28951,15,NA
28952,12,NA
28953,12,Mod. Satisfied
28954,14,Very Satisfied
28955,16,Very Dissatisfied
28956,12,NA
28957,13,A Little Dissat
28958,12,NA
28959,12,A Little Dissat
28960,12,Very Satisfied
28961,11,A Little Dissat
28962,12,Very Satisfied
28963,12,Very Satisfied
28964,16,Mod. Satisfied
28965,12,Very Satisfied
28966,12,Mod. Satisfied
28967,12,Mod. Satisfied
28968,8,NA
28969,13,A Little Dissat
28970,10,Mod. Satisfied
28971,9,A Little Dissat
28972,11,Very Satisfied
28973,13,Mod. Satisfied
28974,14,Mod. Satisfied
28975,14,Very Satisfied
28976,17,Mod. Satisfied
28977,12,Very Satisfied
28978,12,NA
28979,12,Very Satisfied
28980,7,NA
28981,12,NA
28982,18,Very Satisfied
28983,13,NA
28984,8,NA
28985,12,Very Satisfied
28986,16,Very Satisfied
28987,19,Very Satisfied
28988,16,Mod. Satisfied
28989,12,Mod. Satisfied
28990,12,Mod. Satisfied
28991,17,Mod. Satisfied
28992,14,NA
28993,16,Very Satisfied
28994,16,Very Satisfied
28995,12,NA
28996,10,NA
28997,12,Mod. Satisfied
28998,14,NA
28999,14,NA
29000,7,NA
29001,12,Very Satisfied
29002,8,A Little Dissat
29003,12,Mod. Satisfied
29004,7,Very Satisfied
29005,12,Very Satisfied
29006,12,Very Satisfied
29007,NA,NA
29008,16,Very Satisfied
29009,11,Mod. Satisfied
29010,10,Very Satisfied
29011,18,NA
29012,12,Mod. Satisfied
29013,16,NA
29014,16,NA
29015,12,Very Satisfied
29016,14,Mod. Satisfied
29017,18,NA
29018,13,Mod. Satisfied
29019,12,A Little Dissat
29020,14,Very Satisfied
29021,13,Very Satisfied
29022,16,Very Satisfied
29023,12,Very Satisfied
29024,7,NA
29025,17,Mod. Satisfied
29026,16,Very Satisfied
29027,14,Very Satisfied
29028,13,Mod. Satisfied
29029,16,Very Satisfied
29030,11,NA
29031,16,NA
29032,8,Very Satisfied
29033,11,NA
29034,10,Mod. Satisfied
29035,13,Very Satisfied
29036,9,Very Satisfied
29037,18,Very Satisfied
29038,13,A Little Dissat
29039,12,Mod. Satisfied
29040,14,Very Satisfied
29041,12,Mod. Satisfied
29042,12,Mod. Satisfied
29043,15,Very Satisfied
29044,16,A Little Dissat
29045,17,Very Satisfied
29046,13,Very Satisfied
29047,11,NA
29048,15,Very Satisfied
29049,16,NA
29050,13,A Little Dissat
29051,18,Mod. Satisfied
29052,6,NA
29053,12,NA
29054,6,NA
29055,9,A Little Dissat
29056,14,A Little Dissat
29057,18,Very Satisfied
29058,16,Mod. Satisfied
29059,12,A Little Dissat
29060,11,Mod. Satisfied
29061,NA,NA
29062,9,NA
29063,10,NA
29064,11,Mod. Satisfied
29065,12,Mod. Satisfied
29066,13,Very Satisfied
29067,16,Very Satisfied
29068,14,Very Satisfied
29069,12,Mod. Satisfied
29070,13,Very Satisfied
29071,14,Very Satisfied
29072,14,A Little Dissat
29073,13,Mod. Satisfied
29074,12,NA
29075,18,NA
29076,12,NA
29077,20,Very Satisfied
29078,16,NA
29079,17,NA
29080,16,NA
29081,18,Very Satisfied
29082,13,NA
29083,12,Mod. Satisfied
29084,12,Mod. Satisfied
29085,13,Mod. Satisfied
29086,12,Mod. Satisfied
29087,14,Very Satisfied
29088,16,Very Satisfied
29089,8,A Little Dissat
29090,6,NA
29091,10,Very Satisfied
29092,15,NA
29093,12,NA
29094,16,A Little Dissat
29095,15,Very Satisfied
29096,8,Very Satisfied
29097,12,Mod. Satisfied
29098,16,Very Satisfied
29099,13,NA
29100,10,NA
29101,12,Mod. Satisfied
29102,10,A Little Dissat
29103,12,A Little Dissat
29104,12,NA
29105,13,NA
29106,12,NA
29107,12,Mod. Satisfied
29108,12,A Little Dissat
29109,14,Mod. Satisfied
29110,9,NA
29111,12,Very Satisfied
29112,15,Very Satisfied
29113,20,Mod. Satisfied
29114,17,Very Satisfied
29115,16,Mod. Satisfied
29116,11,Mod. Satisfied
29117,12,Mod. Satisfied
29118,10,Mod. Satisfied
29119,12,Very Satisfied
29120,12,Mod. Satisfied
29121,12,NA
29122,10,Mod. Satisfied
29123,9,NA
29124,10,NA
29125,9,NA
29126,12,Mod. Satisfied
29127,16,NA
29128,5,NA
29129,15,Very Satisfied
29130,16,Very Dissatisfied
29131,14,Mod. Satisfied
29132,14,Mod. Satisfied
29133,16,NA
29134,12,Very Satisfied
29135,16,Very Satisfied
29136,19,Mod. Satisfied
29137,15,Mod. Satisfied
29138,16,NA
29139,13,Mod. Satisfied
29140,8,Very Satisfied
29141,13,Mod. Satisfied
29142,12,Very Dissatisfied
29143,12,A Little Dissat
29144,13,Mod. Satisfied
29145,12,Very Satisfied
29146,14,Mod. Satisfied
29147,12,NA
29148,12,Mod. Satisfied
29149,12,A Little Dissat
29150,18,Very Satisfied
29151,18,Mod. Satisfied
29152,9,Very Satisfied
29153,16,NA
29154,18,Very Satisfied
29155,16,Mod. Satisfied
29156,13,Mod. Satisfied
29157,13,Mod. Satisfied
29158,10,NA
29159,18,Mod. Satisfied
29160,18,Very Satisfied
29161,11,Mod. Satisfied
29162,12,NA
29163,14,Mod. Satisfied
29164,14,Very Dissatisfied
29165,16,Mod. Satisfied
29166,18,Mod. Satisfied
29167,13,Very Satisfied
29168,12,Mod. Satisfied
29169,12,A Little Dissat
29170,14,NA
29171,20,Very Satisfied
29172,12,Very Satisfied
29173,12,Mod. Satisfied
29174,16,Very Satisfied
29175,12,Very Satisfied
29176,13,Mod. Satisfied
29177,13,Very Satisfied
29178,8,NA
29179,17,Mod. Satisfied
29180,12,NA
29181,13,A Little Dissat
29182,12,Mod. Satisfied
29183,14,NA
29184,13,Mod. Satisfied
29185,12,Mod. Satisfied
29186,9,NA
29187,14,Very Satisfied
29188,12,Very Satisfied
29189,12,Mod. Satisfied
29190,12,NA
29191,18,NA
29192,17,A Little Dissat
29193,14,A Little Dissat
29194,12,Very Satisfied
29195,16,Very Satisfied
29196,13,Mod. Satisfied
29197,12,NA
29198,16,A Little Dissat
29199,12,NA
29200,16,Very Satisfied
29201,14,NA
29202,12,NA
29203,14,Mod. Satisfied
29204,11,NA
29205,17,Very Satisfied
29206,12,Mod. Satisfied
29207,14,NA
29208,2,NA
29209,13,Mod. Satisfied
29210,11,NA
29211,12,Very Dissatisfied
29212,12,Very Satisfied
29213,12,A Little Dissat
29214,16,Mod. Satisfied
29215,15,Mod. Satisfied
29216,8,NA
29217,11,Very Satisfied
29218,9,NA
29219,12,Mod. Satisfied
29220,11,Very Satisfied
29221,15,Very Satisfied
29222,8,Very Satisfied
29223,12,NA
29224,8,NA
29225,9,Mod. Satisfied
29226,12,Mod. Satisfied
29227,10,Very Satisfied
29228,10,NA
29229,13,A Little Dissat
29230,12,Very Satisfied
29231,13,Very Satisfied
29232,7,NA
29233,7,NA
29234,12,NA
29235,16,Mod. Satisfied
29236,17,Mod. Satisfied
29237,16,Very Satisfied
29238,14,Mod. Satisfied
29239,15,Very Satisfied
29240,12,NA
29241,18,Very Satisfied
29242,12,NA
29243,12,Mod. Satisfied
29244,12,Mod. Satisfied
29245,15,A Little Dissat
29246,16,NA
29247,17,Mod. Satisfied
29248,19,A Little Dissat
29249,12,Mod. Satisfied
29250,11,Mod. Satisfied
29251,13,NA
29252,12,Mod. Satisfied
29253,13,Very Satisfied
29254,11,Mod. Satisfied
29255,9,Very Satisfied
29256,12,Mod. Satisfied
29257,8,NA
29258,16,Very Satisfied
29259,8,NA
29260,14,Very Satisfied
29261,12,Mod. Satisfied
29262,15,Mod. Satisfied
29263,13,Mod. Satisfied
29264,16,Mod. Satisfied
29265,12,Mod. Satisfied
29266,12,NA
29267,12,Mod. Satisfied
29268,14,Very Satisfied
29269,12,NA
29270,15,NA
29271,12,Very Dissatisfied
29272,18,Very Satisfied
29273,12,Mod. Satisfied
29274,12,Mod. Satisfied
29275,14,Mod. Satisfied
29276,6,NA
29277,12,A Little Dissat
29278,9,Very Dissatisfied
29279,10,Very Satisfied
29280,12,Very Satisfied
29281,8,NA
29282,12,Mod. Satisfied
29283,12,Mod. Satisfied
29284,10,Mod. Satisfied
29285,12,NA
29286,14,Very Satisfied
29287,18,Very Satisfied
29288,8,NA
29289,12,Very Satisfied
29290,11,Very Satisfied
29291,8,Mod. Satisfied
29292,7,Very Satisfied
29293,12,Very Satisfied
29294,13,Mod. Satisfied
29295,8,Mod. Satisfied
29296,12,A Little Dissat
29297,9,Very Satisfied
29298,7,NA
29299,8,Very Satisfied
29300,8,Very Satisfied
29301,12,Very Satisfied
29302,12,Very Satisfied
29303,12,A Little Dissat
29304,8,NA
29305,8,Very Satisfied
29306,7,Very Satisfied
29307,10,Very Satisfied
29308,13,A Little Dissat
29309,16,Very Satisfied
29310,11,Mod. Satisfied
29311,12,Very Satisfied
29312,18,Very Satisfied
29313,6,Mod. Satisfied
29314,12,Mod. Satisfied
29315,13,A Little Dissat
29316,11,Mod. Satisfied
29317,12,NA
29318,10,Mod. Satisfied
29319,11,Very Satisfied
29320,8,NA
29321,12,Mod. Satisfied
29322,12,Very Satisfied
29323,12,A Little Dissat
29324,14,Very Satisfied
29325,12,Very Satisfied
29326,12,Mod. Satisfied
29327,12,Very Satisfied
29328,16,Very Satisfied
29329,15,Mod. Satisfied
29330,16,Mod. Satisfied
29331,12,Very Satisfied
29332,16,Very Satisfied
29333,12,NA
29334,8,Mod. Satisfied
29335,12,NA
29336,0,NA
29337,17,Mod. Satisfied
29338,12,Mod. Satisfied
29339,8,Very Dissatisfied
29340,13,Mod. Satisfied
29341,11,NA
29342,12,Mod. Satisfied
29343,12,Mod. Satisfied
29344,10,A Little Dissat
29345,12,Very Satisfied
29346,12,NA
29347,16,NA
29348,12,Mod. Satisfied
29349,5,NA
29350,12,Very Satisfied
29351,8,NA
29352,6,NA
29353,15,NA
29354,12,Mod. Satisfied
29355,18,Very Satisfied
29356,11,NA
29357,13,Mod. Satisfied
29358,11,NA
29359,12,NA
29360,16,Very Satisfied
29361,13,Very Satisfied
29362,11,Mod. Satisfied
29363,17,Mod. Satisfied
29364,13,NA
29365,17,NA
29366,12,NA
29367,17,Mod. Satisfied
29368,14,Very Satisfied
29369,12,Mod. Satisfied
29370,12,NA
29371,11,NA
29372,13,NA
29373,14,Very Satisfied
29374,16,Very Satisfied
29375,12,Very Satisfied
29376,10,A Little Dissat
29377,12,Mod. Satisfied
29378,15,Mod. Satisfied
29379,17,Very Satisfied
29380,12,Mod. Satisfied
29381,13,Very Satisfied
29382,12,Mod. Satisfied
29383,17,Mod. Satisfied
29384,16,Mod. Satisfied
29385,20,Very Satisfied
29386,17,Very Satisfied
29387,16,A Little Dissat
29388,18,NA
29389,12,Mod. Satisfied
29390,12,Very Satisfied
29391,12,Very Satisfied
29392,8,Mod. Satisfied
29393,13,Mod. Satisfied
29394,15,Very Dissatisfied
29395,9,Mod. Satisfied
29396,12,Very Satisfied
29397,12,A Little Dissat
29398,12,Very Satisfied
29399,0,Mod. Satisfied
29400,19,Very Satisfied
29401,16,Very Satisfied
29402,16,Mod. Satisfied
29403,18,Mod. Satisfied
29404,16,A Little Dissat
29405,18,Mod. Satisfied
29406,16,Very Satisfied
29407,12,NA
29408,16,Mod. Satisfied
29409,16,Very Satisfied
29410,20,Mod. Satisfied
29411,12,Very Satisfied
29412,16,NA
29413,16,Mod. Satisfied
29414,8,Very Satisfied
29415,12,NA
29416,8,Very Satisfied
29417,12,Mod. Satisfied
29418,17,Mod. Satisfied
29419,13,NA
29420,12,Mod. Satisfied
29421,12,Mod. Satisfied
29422,16,A Little Dissat
29423,16,Mod. Satisfied
29424,16,Very Satisfied
29425,16,Mod. Satisfied
29426,13,NA
29427,19,Very Satisfied
29428,18,Very Satisfied
29429,16,Very Satisfied
29430,18,Very Satisfied
29431,17,Very Satisfied
29432,12,NA
29433,13,Mod. Satisfied
29434,14,A Little Dissat
29435,12,Very Satisfied
29436,18,NA
29437,11,Mod. Satisfied
29438,12,Very Dissatisfied
29439,12,Very Satisfied
29440,15,Mod. Satisfied
29441,12,NA
29442,14,Mod. Satisfied
29443,13,Very Satisfied
29444,16,Very Satisfied
29445,13,Mod. Satisfied
29446,13,Mod. Satisfied
29447,19,Very Satisfied
29448,9,Very Satisfied
29449,12,Mod. Satisfied
29450,16,Mod. Satisfied
29451,12,Mod. Satisfied
29452,11,NA
29453,15,NA
29454,12,Mod. Satisfied
29455,12,Very Satisfied
29456,16,Very Satisfied
29457,16,Very Dissatisfied
29458,10,NA
29459,10,NA
29460,12,Mod. Satisfied
29461,8,Mod. Satisfied
29462,12,NA
29463,12,Mod. Satisfied
29464,12,Mod. Satisfied
29465,8,NA
29466,16,A Little Dissat
29467,19,Mod. Satisfied
29468,16,NA
29469,20,Very Satisfied
29470,16,Very Dissatisfied
29471,16,NA
29472,16,Very Satisfied
29473,16,Mod. Satisfied
29474,12,Very Satisfied
29475,13,Mod. Satisfied
29476,12,NA
29477,7,Very Satisfied
29478,8,A Little Dissat
29479,12,Mod. Satisfied
29480,8,NA
29481,14,Very Satisfied
29482,20,Very Satisfied
29483,20,A Little Dissat
29484,20,Mod. Satisfied
29485,12,NA
29486,12,Very Satisfied
29487,12,Mod. Satisfied
29488,12,Very Satisfied
29489,16,Mod. Satisfied
29490,14,Mod. Satisfied
29491,12,Very Satisfied
29492,12,Very Satisfied
29493,15,Mod. Satisfied
29494,11,A Little Dissat
29495,13,Mod. Satisfied
29496,12,Mod. Satisfied
29497,12,Very Satisfied
29498,16,NA
29499,14,NA
29500,20,NA
29501,10,Very Satisfied
29502,16,A Little Dissat
29503,20,Mod. Satisfied
29504,8,Very Satisfied
29505,8,Very Satisfied
29506,18,Very Satisfied
29507,12,NA
29508,10,Very Dissatisfied
29509,12,Very Satisfied
29510,15,Mod. Satisfied
29511,20,Very Dissatisfied
29512,16,Very Satisfied
29513,14,A Little Dissat
29514,14,Very Satisfied
29515,13,Mod. Satisfied
29516,12,Very Satisfied
29517,12,Very Satisfied
29518,13,Mod. Satisfied
29519,5,NA
29520,14,Mod. Satisfied
29521,12,Mod. Satisfied
29522,9,Very Satisfied
29523,13,Mod. Satisfied
29524,14,Mod. Satisfied
29525,11,Mod. Satisfied
29526,11,Mod. Satisfied
29527,16,Very Satisfied
29528,17,NA
29529,12,Very Satisfied
29530,12,Mod. Satisfied
29531,16,Mod. Satisfied
29532,12,Mod. Satisfied
29533,20,Very Satisfied
29534,12,NA
29535,20,Very Satisfied
29536,12,Very Satisfied
29537,12,Mod. Satisfied
29538,12,Mod. Satisfied
29539,16,Very Satisfied
29540,16,Mod. Satisfied
29541,16,Very Satisfied
29542,16,Very Satisfied
29543,17,Mod. Satisfied
29544,16,Mod. Satisfied
29545,12,Very Satisfied
29546,12,Very Satisfied
29547,16,A Little Dissat
29548,16,Mod. Satisfied
29549,16,NA
29550,17,Very Satisfied
29551,17,Mod. Satisfied
29552,20,Mod. Satisfied
29553,13,Mod. Satisfied
29554,16,Very Satisfied
29555,12,Very Satisfied
29556,8,NA
29557,NA,Mod. Satisfied
29558,8,NA
29559,13,Very Satisfied
29560,12,Mod. Satisfied
29561,12,Very Satisfied
29562,12,A Little Dissat
29563,16,Very Satisfied
29564,18,Very Satisfied
29565,9,A Little Dissat
29566,12,Very Satisfied
29567,17,Very Satisfied
29568,14,A Little Dissat
29569,19,Very Satisfied
29570,17,NA
29571,17,A Little Dissat
29572,16,Very Satisfied
29573,14,NA
29574,12,NA
29575,18,Very Satisfied
29576,16,Very Satisfied
29577,14,Mod. Satisfied
29578,12,A Little Dissat
29579,11,NA
29580,13,Mod. Satisfied
29581,16,A Little Dissat
29582,16,Mod. Satisfied
29583,18,NA
29584,14,Very Satisfied
29585,16,Very Satisfied
29586,12,Mod. Satisfied
29587,14,A Little Dissat
29588,14,Very Satisfied
29589,13,Very Satisfied
29590,12,Mod. Satisfied
29591,13,Very Satisfied
29592,16,Mod. Satisfied
29593,13,Mod. Satisfied
29594,16,Mod. Satisfied
29595,14,NA
29596,16,Very Satisfied
29597,13,Very Satisfied
29598,13,Mod. Satisfied
29599,13,NA
29600,14,Very Satisfied
29601,12,Very Satisfied
29602,16,NA
29603,12,Very Satisfied
29604,16,NA
29605,16,NA
29606,17,Mod. Satisfied
29607,14,Very Satisfied
29608,19,Very Satisfied
29609,13,Mod. Satisfied
29610,15,NA
29611,16,Very Satisfied
29612,16,Mod. Satisfied
29613,16,Very Satisfied
29614,12,NA
29615,14,Very Satisfied
29616,17,Mod. Satisfied
29617,12,A Little Dissat
29618,16,A Little Dissat
29619,12,A Little Dissat
29620,15,Mod. Satisfied
29621,17,A Little Dissat
29622,12,NA
29623,16,Very Satisfied
29624,16,Very Satisfied
29625,18,A Little Dissat
29626,16,Mod. Satisfied
29627,13,Very Satisfied
29628,14,Mod. Satisfied
29629,15,NA
29630,13,Mod. Satisfied
29631,15,Mod. Satisfied
29632,12,Very Satisfied
29633,16,Mod. Satisfied
29634,12,NA
29635,14,Very Satisfied
29636,16,Very Satisfied
29637,17,Mod. Satisfied
29638,13,Very Dissatisfied
29639,15,Very Satisfied
29640,11,NA
29641,19,Mod. Satisfied
29642,12,NA
29643,14,Mod. Satisfied
29644,16,Very Satisfied
29645,16,Very Satisfied
29646,14,NA
29647,12,Mod. Satisfied
29648,16,Very Satisfied
29649,19,Very Satisfied
29650,16,NA
29651,12,Very Satisfied
29652,14,Mod. Satisfied
29653,12,Mod. Satisfied
29654,16,Very Satisfied
29655,14,NA
29656,12,Very Satisfied
29657,17,Very Satisfied
29658,13,Very Dissatisfied
29659,12,Very Satisfied
29660,12,Mod. Satisfied
29661,12,Mod. Satisfied
29662,15,Mod. Satisfied
29663,13,Very Satisfied
29664,14,Very Satisfied
29665,14,Mod. Satisfied
29666,11,Mod. Satisfied
29667,13,Very Satisfied
29668,14,Mod. Satisfied
29669,15,Mod. Satisfied
29670,16,Mod. Satisfied
29671,12,NA
29672,10,Mod. Satisfied
29673,10,Mod. Satisfied
29674,11,NA
29675,12,Very Satisfied
29676,8,NA
29677,12,Mod. Satisfied
29678,11,Very Dissatisfied
29679,12,Very Satisfied
29680,14,NA
29681,14,Mod. Satisfied
29682,12,Mod. Satisfied
29683,16,NA
29684,13,Mod. Satisfied
29685,11,NA
29686,11,Very Satisfied
29687,12,NA
29688,12,NA
29689,14,Very Satisfied
29690,10,Very Satisfied
29691,12,Mod. Satisfied
29692,9,Very Satisfied
29693,12,Mod. Satisfied
29694,12,Mod. Satisfied
29695,14,Very Satisfied
29696,12,NA
29697,20,Very Satisfied
29698,12,A Little Dissat
29699,14,Very Satisfied
29700,14,A Little Dissat
29701,18,Very Satisfied
29702,16,Very Satisfied
29703,16,Mod. Satisfied
29704,12,Mod. Satisfied
29705,15,NA
29706,12,NA
29707,14,NA
29708,17,Very Satisfied
29709,13,Mod. Satisfied
29710,12,NA
29711,18,Very Satisfied
29712,12,Very Satisfied
29713,12,A Little Dissat
29714,15,NA
29715,8,Mod. Satisfied
29716,14,Very Satisfied
29717,14,Mod. Satisfied
29718,7,Very Satisfied
29719,12,NA
29720,18,Very Satisfied
29721,11,NA
29722,11,Mod. Satisfied
29723,12,A Little Dissat
29724,8,NA
29725,12,Mod. Satisfied
29726,12,Mod. Satisfied
29727,12,Mod. Satisfied
29728,12,NA
29729,12,Mod. Satisfied
29730,12,NA
29731,9,Mod. Satisfied
29732,12,NA
29733,11,Very Satisfied
29734,12,Very Satisfied
29735,12,Mod. Satisfied
29736,11,NA
29737,13,Very Satisfied
29738,12,Very Dissatisfied
29739,14,NA
29740,14,Mod. Satisfied
29741,11,NA
29742,9,NA
29743,12,Very Dissatisfied
29744,14,Mod. Satisfied
29745,15,Mod. Satisfied
29746,20,Very Satisfied
29747,18,NA
29748,16,Mod. Satisfied
29749,12,NA
29750,12,Very Satisfied
29751,13,Mod. Satisfied
29752,17,NA
29753,16,Mod. Satisfied
29754,16,Mod. Satisfied
29755,15,Very Satisfied
29756,16,Very Satisfied
29757,16,Very Satisfied
29758,19,Very Satisfied
29759,14,Mod. Satisfied
29760,16,Very Satisfied
29761,20,Very Satisfied
29762,14,Very Satisfied
29763,16,Very Satisfied
29764,16,Very Satisfied
29765,15,Very Satisfied
29766,12,A Little Dissat
29767,17,Very Dissatisfied
29768,13,Mod. Satisfied
29769,13,Mod. Satisfied
29770,18,Very Satisfied
29771,12,NA
29772,12,Mod. Satisfied
29773,9,Very Satisfied
29774,16,Very Satisfied
29775,16,Very Satisfied
29776,18,Mod. Satisfied
29777,16,Mod. Satisfied
29778,18,Very Satisfied
29779,12,Very Satisfied
29780,16,Mod. Satisfied
29781,5,NA
29782,20,Very Satisfied
29783,12,Very Satisfied
29784,16,NA
29785,12,Very Satisfied
29786,16,Mod. Satisfied
29787,15,Mod. Satisfied
29788,13,Mod. Satisfied
29789,12,NA
29790,14,A Little Dissat
29791,10,A Little Dissat
29792,19,Mod. Satisfied
29793,16,Mod. Satisfied
29794,11,Very Satisfied
29795,12,Mod. Satisfied
29796,12,Very Dissatisfied
29797,12,A Little Dissat
29798,10,NA
29799,16,A Little Dissat
29800,16,NA
29801,16,Mod. Satisfied
29802,16,Mod. Satisfied
29803,18,Mod. Satisfied
29804,12,Very Satisfied
29805,16,Very Dissatisfied
29806,12,Very Satisfied
29807,13,Mod. Satisfied
29808,11,Mod. Satisfied
29809,11,A Little Dissat
29810,14,NA
29811,8,Very Dissatisfied
29812,11,NA
29813,11,Mod. Satisfied
29814,15,NA
29815,14,Mod. Satisfied
29816,18,Mod. Satisfied
29817,12,Mod. Satisfied
29818,18,Mod. Satisfied
29819,15,NA
29820,20,NA
29821,16,NA
29822,18,Mod. Satisfied
29823,16,Very Satisfied
29824,12,Very Dissatisfied
29825,12,Mod. Satisfied
29826,10,Mod. Satisfied
29827,14,Very Satisfied
29828,12,A Little Dissat
29829,13,Very Satisfied
29830,12,Mod. Satisfied
29831,13,Mod. Satisfied
29832,14,NA
29833,14,A Little Dissat
29834,12,Mod. Satisfied
29835,14,Mod. Satisfied
29836,16,NA
29837,11,Mod. Satisfied
29838,12,Very Dissatisfied
29839,16,Very Satisfied
29840,14,A Little Dissat
29841,8,NA
29842,12,Mod. Satisfied
29843,14,NA
29844,14,Very Satisfied
29845,13,Mod. Satisfied
29846,20,Very Satisfied
29847,16,Very Satisfied
29848,16,Very Satisfied
29849,15,NA
29850,16,Very Satisfied
29851,11,Very Satisfied
29852,12,Very Satisfied
29853,13,Very Satisfied
29854,16,NA
29855,14,Mod. Satisfied
29856,12,Mod. Satisfied
29857,12,Very Satisfied
29858,12,Mod. Satisfied
29859,10,NA
29860,16,NA
29861,16,Very Satisfied
29862,18,Mod. Satisfied
29863,16,NA
29864,16,Mod. Satisfied
29865,8,Very Satisfied
29866,12,Very Satisfied
29867,13,Mod. Satisfied
29868,16,Very Satisfied
29869,11,NA
29870,12,Mod. Satisfied
29871,12,Very Satisfied
29872,12,A Little Dissat
29873,14,Very Satisfied
29874,14,Mod. Satisfied
29875,12,NA
29876,15,Mod. Satisfied
29877,12,Very Satisfied
29878,14,NA
29879,16,Very Satisfied
29880,12,Very Satisfied
29881,5,NA
29882,9,Mod. Satisfied
29883,10,Mod. Satisfied
29884,16,Mod. Satisfied
29885,12,Very Satisfied
29886,10,Very Satisfied
29887,19,NA
29888,11,NA
29889,9,Mod. Satisfied
29890,12,A Little Dissat
29891,12,Mod. Satisfied
29892,11,Very Satisfied
29893,10,Very Satisfied
29894,8,Very Satisfied
29895,12,A Little Dissat
29896,12,A Little Dissat
29897,14,Mod. Satisfied
29898,13,Mod. Satisfied
29899,13,A Little Dissat
29900,12,Very Satisfied
29901,13,Very Satisfied
29902,16,Very Satisfied
29903,14,Very Satisfied
29904,14,A Little Dissat
29905,12,NA
29906,9,NA
29907,16,Mod. Satisfied
29908,11,Mod. Satisfied
29909,12,A Little Dissat
29910,12,Mod. Satisfied
29911,16,Mod. Satisfied
29912,14,Very Satisfied
29913,16,Mod. Satisfied
29914,19,Very Satisfied
29915,12,Mod. Satisfied
29916,12,Very Satisfied
29917,13,Very Satisfied
29918,12,Very Satisfied
29919,19,Very Satisfied
29920,12,Mod. Satisfied
29921,16,Very Satisfied
29922,17,Very Satisfied
29923,16,Mod. Satisfied
29924,16,Very Satisfied
29925,18,Mod. Satisfied
29926,18,Mod. Satisfied
29927,15,Mod. Satisfied
29928,18,Very Satisfied
29929,13,Very Satisfied
29930,16,Very Satisfied
29931,16,Mod. Satisfied
29932,17,Mod. Satisfied
29933,16,Very Satisfied
29934,12,NA
29935,4,NA
29936,7,NA
29937,4,NA
29938,8,NA
29939,2,NA
29940,10,Mod. Satisfied
29941,13,Mod. Satisfied
29942,12,NA
29943,12,Very Dissatisfied
29944,13,Mod. Satisfied
29945,8,NA
29946,14,Mod. Satisfied
29947,11,Mod. Satisfied
29948,11,Very Satisfied
29949,12,Very Satisfied
29950,12,Mod. Satisfied
29951,14,Very Satisfied
29952,16,A Little Dissat
29953,12,Very Satisfied
29954,14,Very Satisfied
29955,11,Mod. Satisfied
29956,15,Very Satisfied
29957,12,Mod. Satisfied
29958,9,Mod. Satisfied
29959,12,NA
29960,12,A Little Dissat
29961,12,Mod. Satisfied
29962,16,Mod. Satisfied
29963,12,A Little Dissat
29964,12,Very Satisfied
29965,12,Very Satisfied
29966,15,Mod. Satisfied
29967,12,NA
29968,12,Very Satisfied
29969,16,Very Satisfied
29970,16,Very Satisfied
29971,16,Mod. Satisfied
29972,13,Very Satisfied
29973,17,Very Satisfied
29974,13,Very Satisfied
29975,13,Very Satisfied
29976,12,Mod. Satisfied
29977,12,Very Dissatisfied
29978,10,Very Satisfied
29979,14,Very Satisfied
29980,16,A Little Dissat
29981,14,Mod. Satisfied
29982,12,Very Satisfied
29983,16,Mod. Satisfied
29984,13,Very Satisfied
29985,14,Mod. Satisfied
29986,12,Mod. Satisfied
29987,9,Mod. Satisfied
29988,12,Very Dissatisfied
29989,16,Very Dissatisfied
29990,16,Mod. Satisfied
29991,15,NA
29992,16,A Little Dissat
29993,14,NA
29994,16,Mod. Satisfied
29995,12,NA
29996,12,Very Satisfied
29997,14,Very Satisfied
29998,10,Very Satisfied
29999,12,NA
30000,9,Mod. Satisfied
30001,11,Very Satisfied
30002,12,Mod. Satisfied
30003,12,Mod. Satisfied
30004,16,Very Satisfied
30005,12,A Little Dissat
30006,12,Very Satisfied
30007,12,Mod. Satisfied
30008,14,NA
30009,12,Mod. Satisfied
30010,12,Mod. Satisfied
30011,16,Mod. Satisfied
30012,16,Mod. Satisfied
30013,16,Very Satisfied
30014,15,Mod. Satisfied
30015,11,Very Satisfied
30016,14,Very Satisfied
30017,9,A Little Dissat
30018,12,NA
30019,12,Mod. Satisfied
30020,12,NA
30021,8,NA
30022,11,Mod. Satisfied
30023,12,Very Satisfied
30024,11,A Little Dissat
30025,13,Very Dissatisfied
30026,12,Very Satisfied
30027,13,Very Satisfied
30028,12,NA
30029,13,Mod. Satisfied
30030,18,Very Satisfied
30031,14,Mod. Satisfied
30032,11,NA
30033,13,Mod. Satisfied
30034,19,Very Satisfied
30035,12,NA
30036,14,Very Satisfied
30037,16,Mod. Satisfied
30038,17,Mod. Satisfied
30039,16,A Little Dissat
30040,13,NA
30041,18,Very Satisfied
30042,16,Mod. Satisfied
30043,12,Very Dissatisfied
30044,16,Very Satisfied
30045,10,Mod. Satisfied
30046,14,Very Satisfied
30047,15,A Little Dissat
30048,12,Very Satisfied
30049,16,Mod. Satisfied
30050,12,Very Satisfied
30051,10,Very Satisfied
30052,13,Very Satisfied
30053,18,Very Satisfied
30054,18,Very Satisfied
30055,20,Very Satisfied
30056,18,Mod. Satisfied
30057,16,Very Satisfied
30058,11,Very Satisfied
30059,15,Very Satisfied
30060,16,Very Satisfied
30061,14,NA
30062,12,NA
30063,15,A Little Dissat
30064,19,Mod. Satisfied
30065,20,Mod. Satisfied
30066,19,A Little Dissat
30067,14,Very Dissatisfied
30068,13,A Little Dissat
30069,12,NA
30070,11,Very Dissatisfied
30071,14,Mod. Satisfied
30072,18,Mod. Satisfied
30073,16,NA
30074,11,Mod. Satisfied
30075,12,A Little Dissat
30076,20,Mod. Satisfied
30077,13,Very Satisfied
30078,14,Mod. Satisfied
30079,8,NA
30080,12,Very Satisfied
30081,13,Mod. Satisfied
30082,6,NA
30083,17,Very Satisfied
30084,14,Mod. Satisfied
30085,14,NA
30086,12,Mod. Satisfied
30087,17,Very Satisfied
30088,17,Mod. Satisfied
30089,12,Very Satisfied
30090,8,Very Satisfied
30091,11,Mod. Satisfied
30092,13,Very Satisfied
30093,12,Very Satisfied
30094,15,Very Satisfied
30095,14,Very Satisfied
30096,6,Mod. Satisfied
30097,12,Mod. Satisfied
30098,12,Very Satisfied
30099,NA,Very Satisfied
30100,12,Very Satisfied
30101,14,Mod. Satisfied
30102,14,Very Satisfied
30103,12,Very Satisfied
30104,13,NA
30105,11,Mod. Satisfied
30106,12,Mod. Satisfied
30107,16,Mod. Satisfied
30108,20,Mod. Satisfied
30109,18,Very Satisfied
30110,12,Mod. Satisfied
30111,12,A Little Dissat
30112,16,Very Satisfied
30113,19,Very Satisfied
30114,16,Very Satisfied
30115,8,NA
30116,20,NA
30117,12,Mod. Satisfied
30118,12,NA
30119,13,NA
30120,12,NA
30121,7,NA
30122,8,NA
30123,7,NA
30124,0,NA
30125,15,Mod. Satisfied
30126,16,Very Satisfied
30127,12,NA
30128,13,Mod. Satisfied
30129,18,A Little Dissat
30130,12,NA
30131,18,Very Satisfied
30132,14,Mod. Satisfied
30133,13,A Little Dissat
30134,12,NA
30135,12,Mod. Satisfied
30136,17,NA
30137,12,NA
30138,16,Mod. Satisfied
30139,16,NA
30140,12,NA
30141,15,Mod. Satisfied
30142,15,Very Satisfied
30143,18,Very Satisfied
30144,16,Very Satisfied
30145,16,NA
30146,16,Very Satisfied
30147,20,Mod. Satisfied
30148,18,Mod. Satisfied
30149,13,Very Satisfied
30150,13,Mod. Satisfied
30151,14,NA
30152,16,Very Satisfied
30153,16,NA
30154,12,NA
30155,16,Very Satisfied
30156,12,Very Satisfied
30157,16,Very Satisfied
30158,18,Very Satisfied
30159,16,Mod. Satisfied
30160,15,Mod. Satisfied
30161,18,Very Satisfied
30162,17,Very Satisfied
30163,12,A Little Dissat
30164,12,NA
30165,14,A Little Dissat
30166,12,Mod. Satisfied
30167,13,Mod. Satisfied
30168,14,Mod. Satisfied
30169,13,Very Satisfied
30170,17,Very Satisfied
30171,15,Mod. Satisfied
30172,16,A Little Dissat
30173,16,Mod. Satisfied
30174,18,Mod. Satisfied
30175,16,Very Satisfied
30176,13,Very Satisfied
30177,16,Very Satisfied
30178,14,Very Satisfied
30179,15,Very Satisfied
30180,16,Mod. Satisfied
30181,13,Very Satisfied
30182,16,Very Satisfied
30183,13,A Little Dissat
30184,14,Very Satisfied
30185,20,Very Satisfied
30186,16,Very Satisfied
30187,16,NA
30188,15,Very Satisfied
30189,16,NA
30190,16,Very Satisfied
30191,17,Mod. Satisfied
30192,13,Very Satisfied
30193,16,NA
30194,18,A Little Dissat
30195,11,Very Satisfied
30196,16,A Little Dissat
30197,12,Very Satisfied
30198,14,A Little Dissat
30199,14,Very Satisfied
30200,19,Mod. Satisfied
30201,16,Very Satisfied
30202,14,Mod. Satisfied
30203,11,Mod. Satisfied
30204,16,Very Satisfied
30205,12,Very Dissatisfied
30206,12,Very Satisfied
30207,13,Very Dissatisfied
30208,12,NA
30209,11,Mod. Satisfied
30210,14,Mod. Satisfied
30211,18,Mod. Satisfied
30212,16,NA
30213,17,Very Satisfied
30214,17,Very Satisfied
30215,14,Very Satisfied
30216,18,Very Satisfied
30217,14,NA
30218,16,Very Satisfied
30219,16,Mod. Satisfied
30220,12,NA
30221,14,Mod. Satisfied
30222,15,Very Satisfied
30223,16,NA
30224,13,Very Dissatisfied
30225,16,Mod. Satisfied
30226,12,Mod. Satisfied
30227,13,Very Satisfied
30228,12,Mod. Satisfied
30229,11,Very Dissatisfied
30230,11,Very Satisfied
30231,12,A Little Dissat
30232,14,Mod. Satisfied
30233,12,Mod. Satisfied
30234,12,Very Satisfied
30235,16,NA
30236,16,Very Satisfied
30237,12,NA
30238,13,A Little Dissat
30239,8,NA
30240,13,Very Satisfied
30241,15,Very Satisfied
30242,12,Very Satisfied
30243,12,Mod. Satisfied
30244,13,NA
30245,10,Very Dissatisfied
30246,13,Very Satisfied
30247,14,NA
30248,8,NA
30249,14,NA
30250,12,NA
30251,12,NA
30252,12,Very Satisfied
30253,13,Very Satisfied
30254,11,Mod. Satisfied
30255,8,NA
30256,13,Very Satisfied
30257,14,A Little Dissat
30258,14,Mod. Satisfied
30259,13,Very Satisfied
30260,12,Very Satisfied
30261,14,Very Satisfied
30262,12,NA
30263,13,Mod. Satisfied
30264,12,Mod. Satisfied
30265,13,A Little Dissat
30266,13,Very Satisfied
30267,12,NA
30268,11,Mod. Satisfied
30269,13,Very Satisfied
30270,12,A Little Dissat
30271,14,Very Satisfied
30272,14,Mod. Satisfied
30273,12,Mod. Satisfied
30274,14,Mod. Satisfied
30275,9,Mod. Satisfied
30276,12,NA
30277,16,Very Satisfied
30278,17,Very Satisfied
30279,15,Mod. Satisfied
30280,12,Very Satisfied
30281,16,Mod. Satisfied
30282,16,Mod. Satisfied
30283,16,Mod. Satisfied
30284,12,Very Dissatisfied
30285,19,Very Satisfied
30286,12,Mod. Satisfied
30287,18,Very Satisfied
30288,14,Mod. Satisfied
30289,14,Very Satisfied
30290,16,Mod. Satisfied
30291,12,Very Satisfied
30292,19,Mod. Satisfied
30293,12,NA
30294,16,Very Satisfied
30295,12,Mod. Satisfied
30296,18,Mod. Satisfied
30297,12,Mod. Satisfied
30298,18,Very Satisfied
30299,12,A Little Dissat
30300,8,NA
30301,14,Very Satisfied
30302,19,A Little Dissat
30303,15,Mod. Satisfied
30304,15,Mod. Satisfied
30305,20,NA
30306,15,Mod. Satisfied
30307,16,Mod. Satisfied
30308,14,Mod. Satisfied
30309,13,Mod. Satisfied
30310,18,Very Satisfied
30311,12,NA
30312,18,Very Satisfied
30313,12,Mod. Satisfied
30314,12,A Little Dissat
30315,18,Very Satisfied
30316,14,Mod. Satisfied
30317,16,A Little Dissat
30318,14,Mod. Satisfied
30319,17,Very Satisfied
30320,16,Very Satisfied
30321,12,Very Satisfied
30322,12,Very Satisfied
30323,12,Very Satisfied
30324,12,Very Dissatisfied
30325,9,NA
30326,15,Very Satisfied
30327,15,Very Satisfied
30328,12,Mod. Satisfied
30329,13,Very Satisfied
30330,16,NA
30331,16,Very Satisfied
30332,14,Very Satisfied
30333,12,Very Satisfied
30334,15,NA
30335,16,Very Satisfied
30336,16,Very Satisfied
30337,13,Very Satisfied
30338,12,NA
30339,14,A Little Dissat
30340,15,NA
30341,20,NA
30342,16,A Little Dissat
30343,15,NA
30344,15,Very Satisfied
30345,15,NA
30346,15,NA
30347,16,NA
30348,16,NA
30349,12,Mod. Satisfied
30350,9,A Little Dissat
30351,14,Mod. Satisfied
30352,12,NA
30353,15,Very Satisfied
30354,17,Very Satisfied
30355,15,A Little Dissat
30356,12,Mod. Satisfied
30357,14,Very Satisfied
30358,14,Mod. Satisfied
30359,12,Mod. Satisfied
30360,16,A Little Dissat
30361,5,A Little Dissat
30362,12,Mod. Satisfied
30363,12,NA
30364,10,Mod. Satisfied
30365,12,Mod. Satisfied
30366,12,Very Satisfied
30367,16,NA
30368,12,NA
30369,16,Mod. Satisfied
30370,15,NA
30371,12,Mod. Satisfied
30372,14,Very Satisfied
30373,18,Mod. Satisfied
30374,15,Very Dissatisfied
30375,15,Very Satisfied
30376,12,Mod. Satisfied
30377,15,Mod. Satisfied
30378,12,Very Satisfied
30379,16,Very Dissatisfied
30380,16,Very Satisfied
30381,13,Very Satisfied
30382,14,Mod. Satisfied
30383,13,A Little Dissat
30384,15,Very Satisfied
30385,12,NA
30386,17,Mod. Satisfied
30387,10,Mod. Satisfied
30388,11,NA
30389,12,NA
30390,14,NA
30391,8,NA
30392,7,A Little Dissat
30393,14,Mod. Satisfied
30394,12,Mod. Satisfied
30395,13,Mod. Satisfied
30396,5,NA
30397,12,Mod. Satisfied
30398,16,Very Satisfied
30399,16,Very Satisfied
30400,12,Mod. Satisfied
30401,14,Very Satisfied
30402,13,Very Satisfied
30403,12,Very Satisfied
30404,12,Very Satisfied
30405,11,Very Satisfied
30406,17,Mod. Satisfied
30407,11,NA
30408,12,Mod. Satisfied
30409,16,NA
30410,10,Mod. Satisfied
30411,16,Very Satisfied
30412,8,NA
30413,12,Mod. Satisfied
30414,12,Mod. Satisfied
30415,14,Very Satisfied
30416,17,Very Satisfied
30417,12,NA
30418,13,Very Satisfied
30419,14,NA
30420,12,NA
30421,12,NA
30422,12,Mod. Satisfied
30423,8,NA
30424,16,Mod. Satisfied
30425,8,NA
30426,12,NA
30427,12,NA
30428,18,Mod. Satisfied
30429,12,A Little Dissat
30430,12,Very Satisfied
30431,12,Very Satisfied
30432,14,Very Satisfied
30433,13,Mod. Satisfied
30434,11,NA
30435,14,NA
30436,12,NA
30437,12,Mod. Satisfied
30438,16,Mod. Satisfied
30439,20,Very Satisfied
30440,12,NA
30441,16,Mod. Satisfied
30442,12,NA
30443,16,Very Satisfied
30444,20,Very Satisfied
30445,16,Very Satisfied
30446,15,Mod. Satisfied
30447,12,Very Satisfied
30448,13,Mod. Satisfied
30449,19,Very Satisfied
30450,16,Mod. Satisfied
30451,17,A Little Dissat
30452,12,Very Satisfied
30453,17,Mod. Satisfied
30454,15,NA
30455,16,Very Satisfied
30456,17,A Little Dissat
30457,13,A Little Dissat
30458,15,NA
30459,16,Very Satisfied
30460,16,Mod. Satisfied
30461,16,Mod. Satisfied
30462,12,A Little Dissat
30463,16,Mod. Satisfied
30464,12,Very Satisfied
30465,12,Mod. Satisfied
30466,14,Very Satisfied
30467,15,Mod. Satisfied
30468,14,Very Satisfied
30469,16,Mod. Satisfied
30470,14,Mod. Satisfied
30471,19,A Little Dissat
30472,14,A Little Dissat
30473,14,A Little Dissat
30474,10,NA
30475,13,Mod. Satisfied
30476,12,Mod. Satisfied
30477,12,NA
30478,7,NA
30479,19,Very Satisfied
30480,12,Mod. Satisfied
30481,18,Very Satisfied
30482,12,Mod. Satisfied
30483,12,Mod. Satisfied
30484,16,Mod. Satisfied
30485,12,Very Satisfied
30486,16,Mod. Satisfied
30487,16,Very Satisfied
30488,13,Mod. Satisfied
30489,12,Mod. Satisfied
30490,12,Very Satisfied
30491,12,NA
30492,15,Very Satisfied
30493,8,NA
30494,9,NA
30495,6,NA
30496,12,NA
30497,12,Very Satisfied
30498,6,NA
30499,16,Mod. Satisfied
30500,11,NA
30501,12,A Little Dissat
30502,13,Very Satisfied
30503,16,Very Satisfied
30504,12,Mod. Satisfied
30505,16,Mod. Satisfied
30506,12,NA
30507,12,Mod. Satisfied
30508,9,Mod. Satisfied
30509,12,Mod. Satisfied
30510,9,Very Satisfied
30511,12,NA
30512,12,Mod. Satisfied
30513,16,Very Satisfied
30514,7,Very Satisfied
30515,12,Mod. Satisfied
30516,19,Very Satisfied
30517,13,Very Satisfied
30518,8,Very Satisfied
30519,12,Very Satisfied
30520,15,NA
30521,14,NA
30522,7,A Little Dissat
30523,13,Mod. Satisfied
30524,16,Very Satisfied
30525,14,Very Satisfied
30526,10,NA
30527,8,NA
30528,17,Very Satisfied
30529,18,Very Satisfied
30530,16,NA
30531,18,Very Satisfied
30532,12,A Little Dissat
30533,16,Mod. Satisfied
30534,13,Very Satisfied
30535,16,Mod. Satisfied
30536,18,A Little Dissat
30537,12,Mod. Satisfied
30538,9,NA
30539,12,Mod. Satisfied
30540,16,Mod. Satisfied
30541,14,A Little Dissat
30542,13,Mod. Satisfied
30543,12,Very Satisfied
30544,12,Very Satisfied
30545,10,NA
30546,14,Very Satisfied
30547,14,Very Satisfied
30548,14,Mod. Satisfied
30549,14,Very Satisfied
30550,10,Very Satisfied
30551,15,Mod. Satisfied
30552,12,Mod. Satisfied
30553,12,Very Satisfied
30554,13,A Little Dissat
30555,11,Mod. Satisfied
30556,14,NA
30557,12,Very Satisfied
30558,12,NA
30559,14,Mod. Satisfied
30560,16,Very Satisfied
30561,16,Mod. Satisfied
30562,16,NA
30563,16,Very Satisfied
30564,12,Mod. Satisfied
30565,12,Mod. Satisfied
30566,13,Mod. Satisfied
30567,8,NA
30568,12,Very Dissatisfied
30569,8,Mod. Satisfied
30570,14,Mod. Satisfied
30571,10,NA
30572,13,Mod. Satisfied
30573,16,Very Satisfied
30574,13,Mod. Satisfied
30575,12,NA
30576,17,Very Satisfied
30577,14,NA
30578,12,Mod. Satisfied
30579,17,Mod. Satisfied
30580,12,NA
30581,19,Very Satisfied
30582,17,NA
30583,16,Very Satisfied
30584,12,Very Satisfied
30585,13,A Little Dissat
30586,16,A Little Dissat
30587,17,Mod. Satisfied
30588,18,Very Satisfied
30589,8,NA
30590,17,NA
30591,13,Mod. Satisfied
30592,12,Very Satisfied
30593,16,Mod. Satisfied
30594,12,Very Satisfied
30595,12,Mod. Satisfied
30596,12,Mod. Satisfied
30597,16,Very Satisfied
30598,12,A Little Dissat
30599,12,Mod. Satisfied
30600,14,NA
30601,14,Mod. Satisfied
30602,11,A Little Dissat
30603,16,NA
30604,12,Very Satisfied
30605,15,Mod. Satisfied
30606,6,NA
30607,12,Mod. Satisfied
30608,13,Mod. Satisfied
30609,12,NA
30610,15,Very Satisfied
30611,13,Very Satisfied
30612,19,Mod. Satisfied
30613,13,Mod. Satisfied
30614,14,Very Satisfied
30615,13,Very Satisfied
30616,16,NA
30617,13,A Little Dissat
30618,12,NA
30619,16,NA
30620,14,NA
30621,12,NA
30622,18,NA
30623,14,Mod. Satisfied
30624,12,NA
30625,12,Very Satisfied
30626,12,A Little Dissat
30627,13,Very Satisfied
30628,8,Very Dissatisfied
30629,12,A Little Dissat
30630,7,Very Satisfied
30631,18,Very Satisfied
30632,12,Very Satisfied
30633,12,Mod. Satisfied
30634,12,Very Satisfied
30635,12,A Little Dissat
30636,12,A Little Dissat
30637,18,Very Satisfied
30638,18,Mod. Satisfied
30639,12,Mod. Satisfied
30640,12,Very Satisfied
30641,12,Very Satisfied
30642,15,Mod. Satisfied
30643,12,Very Satisfied
30644,11,Very Satisfied
30645,13,NA
30646,12,Mod. Satisfied
30647,14,Very Satisfied
30648,14,A Little Dissat
30649,12,Very Satisfied
30650,8,NA
30651,13,NA
30652,12,Mod. Satisfied
30653,11,NA
30654,12,Very Satisfied
30655,11,NA
30656,10,NA
30657,16,Mod. Satisfied
30658,12,Mod. Satisfied
30659,10,Very Satisfied
30660,12,NA
30661,12,A Little Dissat
30662,16,A Little Dissat
30663,12,Mod. Satisfied
30664,12,Very Satisfied
30665,7,NA
30666,12,Mod. Satisfied
30667,12,A Little Dissat
30668,11,A Little Dissat
30669,13,Very Satisfied
30670,12,A Little Dissat
30671,16,NA
30672,16,Very Satisfied
30673,13,Very Satisfied
30674,14,Mod. Satisfied
30675,13,Mod. Satisfied
30676,12,Mod. Satisfied
30677,18,Mod. Satisfied
30678,12,Mod. Satisfied
30679,14,Mod. Satisfied
30680,12,NA
30681,12,Very Satisfied
30682,12,Very Satisfied
30683,12,Mod. Satisfied
30684,10,Very Satisfied
30685,16,Very Dissatisfied
30686,8,Very Satisfied
30687,14,Very Satisfied
30688,12,Mod. Satisfied
30689,12,NA
30690,12,A Little Dissat
30691,14,Very Satisfied
30692,14,Very Satisfied
30693,12,A Little Dissat
30694,12,Mod. Satisfied
30695,10,NA
30696,14,Very Satisfied
30697,17,Very Satisfied
30698,11,NA
30699,8,NA
30700,10,Mod. Satisfied
30701,16,Very Satisfied
30702,12,Very Satisfied
30703,12,Mod. Satisfied
30704,9,Mod. Satisfied
30705,15,Mod. Satisfied
30706,11,Very Satisfied
30707,11,A Little Dissat
30708,16,Mod. Satisfied
30709,12,Mod. Satisfied
30710,14,Very Satisfied
30711,9,A Little Dissat
30712,12,Mod. Satisfied
30713,12,NA
30714,12,Mod. Satisfied
30715,12,NA
30716,10,NA
30717,12,NA
30718,12,Mod. Satisfied
30719,9,Mod. Satisfied
30720,12,NA
30721,12,NA
30722,12,NA
30723,12,Very Satisfied
30724,12,Mod. Satisfied
30725,12,Very Satisfied
30726,12,Very Satisfied
30727,16,NA
30728,17,Mod. Satisfied
30729,13,NA
30730,12,NA
30731,18,Very Satisfied
30732,11,NA
30733,12,NA
30734,12,Very Satisfied
30735,13,Very Satisfied
30736,16,Mod. Satisfied
30737,16,Mod. Satisfied
30738,12,Mod. Satisfied
30739,15,Mod. Satisfied
30740,12,Very Satisfied
30741,14,Mod. Satisfied
30742,12,NA
30743,14,NA
30744,14,Mod. Satisfied
30745,12,Mod. Satisfied
30746,16,Very Satisfied
30747,10,Mod. Satisfied
30748,20,Mod. Satisfied
30749,18,Very Satisfied
30750,16,NA
30751,17,Very Satisfied
30752,13,Mod. Satisfied
30753,12,Mod. Satisfied
30754,15,NA
30755,8,Mod. Satisfied
30756,20,Very Dissatisfied
30757,16,Mod. Satisfied
30758,14,Very Satisfied
30759,16,Very Satisfied
30760,13,Mod. Satisfied
30761,12,Very Satisfied
30762,18,A Little Dissat
30763,12,Very Dissatisfied
30764,15,Very Satisfied
30765,16,Very Satisfied
30766,12,Mod. Satisfied
30767,10,Mod. Satisfied
30768,10,NA
30769,12,Very Satisfied
30770,12,Very Satisfied
30771,12,Mod. Satisfied
30772,13,Very Satisfied
30773,12,Very Satisfied
30774,12,Mod. Satisfied
30775,14,Mod. Satisfied
30776,12,Mod. Satisfied
30777,16,Mod. Satisfied
30778,17,Very Satisfied
30779,16,Very Dissatisfied
30780,13,Very Dissatisfied
30781,16,Very Satisfied
30782,14,Mod. Satisfied
30783,13,A Little Dissat
30784,12,NA
30785,12,Mod. Satisfied
30786,14,Mod. Satisfied
30787,14,Very Satisfied
30788,12,Very Satisfied
30789,13,Very Satisfied
30790,16,Very Satisfied
30791,12,Mod. Satisfied
30792,14,Mod. Satisfied
30793,18,NA
30794,13,Mod. Satisfied
30795,17,Very Satisfied
30796,12,NA
30797,16,Mod. Satisfied
30798,15,Very Satisfied
30799,12,Mod. Satisfied
30800,12,A Little Dissat
30801,12,Mod. Satisfied
30802,11,Very Satisfied
30803,12,Mod. Satisfied
30804,10,Very Satisfied
30805,19,Very Satisfied
30806,12,Mod. Satisfied
30807,12,Very Satisfied
30808,15,Mod. Satisfied
30809,12,Very Satisfied
30810,12,Mod. Satisfied
30811,15,Very Satisfied
30812,12,Very Satisfied
30813,16,Very Satisfied
30814,14,Mod. Satisfied
30815,20,Very Satisfied
30816,14,Very Satisfied
30817,12,Very Satisfied
30818,16,Mod. Satisfied
30819,13,Very Satisfied
30820,13,Mod. Satisfied
30821,12,Very Satisfied
30822,15,Mod. Satisfied
30823,17,Very Satisfied
30824,14,A Little Dissat
30825,13,A Little Dissat
30826,16,NA
30827,16,Mod. Satisfied
30828,16,Mod. Satisfied
30829,12,Very Satisfied
30830,12,Mod. Satisfied
30831,12,Mod. Satisfied
30832,11,Very Satisfied
30833,12,Mod. Satisfied
30834,15,Very Satisfied
30835,12,NA
30836,16,Very Satisfied
30837,16,Very Satisfied
30838,18,Very Satisfied
30839,15,Very Satisfied
30840,20,Very Satisfied
30841,12,A Little Dissat
30842,18,Very Satisfied
30843,12,NA
30844,12,Mod. Satisfied
30845,11,Very Satisfied
30846,14,Very Satisfied
30847,12,Very Satisfied
30848,16,Very Satisfied
30849,13,Very Satisfied
30850,12,Mod. Satisfied
30851,12,Very Satisfied
30852,12,NA
30853,10,Mod. Satisfied
30854,12,Very Satisfied
30855,12,A Little Dissat
30856,12,NA
30857,12,Very Satisfied
30858,12,NA
30859,12,Mod. Satisfied
30860,8,Mod. Satisfied
30861,13,Very Satisfied
30862,14,Very Satisfied
30863,12,NA
30864,13,Very Satisfied
30865,16,NA
30866,12,Very Satisfied
30867,13,Mod. Satisfied
30868,12,NA
30869,14,Mod. Satisfied
30870,12,Mod. Satisfied
30871,15,Mod. Satisfied
30872,20,Very Satisfied
30873,14,NA
30874,12,NA
30875,15,Very Satisfied
30876,16,Mod. Satisfied
30877,12,NA
30878,16,Mod. Satisfied
30879,20,Very Satisfied
30880,16,A Little Dissat
30881,12,Very Satisfied
30882,12,Very Satisfied
30883,14,Very Satisfied
30884,12,Mod. Satisfied
30885,10,Mod. Satisfied
30886,16,Very Satisfied
30887,12,Very Satisfied
30888,15,Very Satisfied
30889,12,NA
30890,12,NA
30891,12,Very Satisfied
30892,12,NA
30893,11,Mod. Satisfied
30894,12,NA
30895,8,NA
30896,12,Very Satisfied
30897,16,Mod. Satisfied
30898,12,A Little Dissat
30899,12,Very Dissatisfied
30900,12,Mod. Satisfied
30901,8,Very Satisfied
30902,13,Mod. Satisfied
30903,7,Very Satisfied
30904,13,Mod. Satisfied
30905,12,NA
30906,12,NA
30907,12,Very Satisfied
30908,17,A Little Dissat
30909,14,NA
30910,12,Very Satisfied
30911,12,Very Satisfied
30912,16,Mod. Satisfied
30913,12,A Little Dissat
30914,12,Very Satisfied
30915,18,Very Satisfied
30916,12,Mod. Satisfied
30917,14,Very Satisfied
30918,12,Very Satisfied
30919,12,Mod. Satisfied
30920,8,Very Satisfied
30921,12,Very Satisfied
30922,12,NA
30923,17,Very Satisfied
30924,16,A Little Dissat
30925,18,Mod. Satisfied
30926,12,Mod. Satisfied
30927,12,NA
30928,14,Very Satisfied
30929,13,Very Satisfied
30930,13,Mod. Satisfied
30931,13,NA
30932,15,NA
30933,16,NA
30934,11,Mod. Satisfied
30935,18,Very Satisfied
30936,10,Mod. Satisfied
30937,16,Very Satisfied
30938,18,Mod. Satisfied
30939,11,Very Satisfied
30940,8,NA
30941,16,Very Satisfied
30942,16,Very Satisfied
30943,16,Mod. Satisfied
30944,20,A Little Dissat
30945,8,A Little Dissat
30946,10,Mod. Satisfied
30947,8,Mod. Satisfied
30948,9,Very Satisfied
30949,7,Very Satisfied
30950,14,Very Satisfied
30951,12,Very Satisfied
30952,12,Mod. Satisfied
30953,14,Mod. Satisfied
30954,9,A Little Dissat
30955,8,Very Dissatisfied
30956,11,Very Satisfied
30957,7,Very Satisfied
30958,12,NA
30959,9,Very Satisfied
30960,7,Very Satisfied
30961,16,NA
30962,12,Mod. Satisfied
30963,17,NA
30964,11,Very Satisfied
30965,12,NA
30966,8,NA
30967,12,Very Satisfied
30968,15,Very Satisfied
30969,15,NA
30970,13,Mod. Satisfied
30971,15,Very Satisfied
30972,14,Very Satisfied
30973,12,Mod. Satisfied
30974,19,NA
30975,12,Mod. Satisfied
30976,16,Mod. Satisfied
30977,16,Very Satisfied
30978,12,NA
30979,18,Very Satisfied
30980,18,Mod. Satisfied
30981,16,Very Satisfied
30982,14,Mod. Satisfied
30983,16,Very Satisfied
30984,16,NA
30985,19,Very Dissatisfied
30986,12,A Little Dissat
30987,18,Mod. Satisfied
30988,8,NA
30989,9,Very Dissatisfied
30990,6,Mod. Satisfied
30991,12,A Little Dissat
30992,12,Very Satisfied
30993,20,Very Satisfied
30994,12,NA
30995,12,Mod. Satisfied
30996,10,Very Satisfied
30997,14,Very Satisfied
30998,13,Very Satisfied
30999,16,Very Satisfied
31000,11,A Little Dissat
31001,12,Very Satisfied
31002,14,A Little Dissat
31003,12,Very Satisfied
31004,17,Very Satisfied
31005,16,Mod. Satisfied
31006,6,A Little Dissat
31007,13,NA
31008,12,Very Satisfied
31009,14,Very Satisfied
31010,12,NA
31011,18,Very Satisfied
31012,20,Very Satisfied
31013,12,Mod. Satisfied
31014,12,Very Satisfied
31015,12,Very Satisfied
31016,14,Mod. Satisfied
31017,12,Mod. Satisfied
31018,12,Very Satisfied
31019,11,Mod. Satisfied
31020,11,Very Satisfied
31021,1,NA
31022,13,Mod. Satisfied
31023,12,A Little Dissat
31024,16,Mod. Satisfied
31025,11,NA
31026,16,Very Satisfied
31027,12,Very Satisfied
31028,11,Mod. Satisfied
31029,12,A Little Dissat
31030,11,Very Satisfied
31031,12,Very Satisfied
31032,16,A Little Dissat
31033,15,Very Satisfied
31034,14,A Little Dissat
31035,11,Very Satisfied
31036,9,Very Satisfied
31037,16,Mod. Satisfied
31038,14,Very Satisfied
31039,12,Very Satisfied
31040,13,Mod. Satisfied
31041,20,Mod. Satisfied
31042,18,Very Satisfied
31043,18,Very Satisfied
31044,10,Very Satisfied
31045,16,NA
31046,13,Very Satisfied
31047,12,NA
31048,14,NA
31049,13,NA
31050,19,Very Satisfied
31051,17,NA
31052,14,Mod. Satisfied
31053,16,NA
31054,13,NA
31055,14,Very Satisfied
31056,6,Mod. Satisfied
31057,12,Mod. Satisfied
31058,12,Very Dissatisfied
31059,14,Very Satisfied
31060,11,Mod. Satisfied
31061,11,Mod. Satisfied
31062,10,Very Satisfied
31063,12,A Little Dissat
31064,12,Very Satisfied
31065,8,Very Satisfied
31066,12,Mod. Satisfied
31067,12,Mod. Satisfied
31068,16,Mod. Satisfied
31069,13,Mod. Satisfied
31070,12,Very Satisfied
31071,10,A Little Dissat
31072,14,Very Satisfied
31073,14,Very Satisfied
31074,16,Very Satisfied
31075,4,Mod. Satisfied
31076,16,Mod. Satisfied
31077,20,Very Satisfied
31078,15,NA
31079,17,Very Satisfied
31080,16,Mod. Satisfied
31081,18,Mod. Satisfied
31082,12,NA
31083,18,NA
31084,11,NA
31085,13,Very Satisfied
31086,16,Very Satisfied
31087,17,NA
31088,16,Very Satisfied
31089,19,A Little Dissat
31090,13,Very Satisfied
31091,12,Very Satisfied
31092,12,A Little Dissat
31093,12,Mod. Satisfied
31094,10,Very Satisfied
31095,9,Very Satisfied
31096,11,Very Satisfied
31097,14,Mod. Satisfied
31098,14,A Little Dissat
31099,12,Mod. Satisfied
31100,17,Mod. Satisfied
31101,13,Mod. Satisfied
31102,13,NA
31103,12,Mod. Satisfied
31104,12,Very Dissatisfied
31105,17,Very Satisfied
31106,12,A Little Dissat
31107,12,Mod. Satisfied
31108,12,A Little Dissat
31109,8,NA
31110,17,Mod. Satisfied
31111,10,NA
31112,13,NA
31113,14,Mod. Satisfied
31114,20,Very Satisfied
31115,14,NA
31116,17,NA
31117,14,Very Satisfied
31118,12,Mod. Satisfied
31119,20,A Little Dissat
31120,16,Very Satisfied
31121,10,Very Satisfied
31122,13,A Little Dissat
31123,12,Very Satisfied
31124,12,Very Satisfied
31125,12,NA
31126,16,Mod. Satisfied
31127,8,Very Satisfied
31128,5,NA
31129,9,Very Satisfied
31130,18,Mod. Satisfied
31131,6,NA
31132,11,Very Satisfied
31133,9,Very Satisfied
31134,12,NA
31135,12,A Little Dissat
31136,7,NA
31137,16,Very Dissatisfied
31138,13,Very Satisfied
31139,12,Mod. Satisfied
31140,16,Mod. Satisfied
31141,16,Mod. Satisfied
31142,13,Very Satisfied
31143,12,Mod. Satisfied
31144,15,A Little Dissat
31145,12,Very Satisfied
31146,13,Very Satisfied
31147,12,NA
31148,12,Very Satisfied
31149,11,NA
31150,15,Mod. Satisfied
31151,13,Mod. Satisfied
31152,10,NA
31153,9,Mod. Satisfied
31154,14,Mod. Satisfied
31155,10,Very Dissatisfied
31156,14,Mod. Satisfied
31157,11,A Little Dissat
31158,11,Mod. Satisfied
31159,13,Mod. Satisfied
31160,14,Mod. Satisfied
31161,12,Mod. Satisfied
31162,16,Very Satisfied
31163,14,A Little Dissat
31164,13,NA
31165,12,Very Satisfied
31166,NA,NA
31167,18,Very Satisfied
31168,13,NA
31169,11,Very Satisfied
31170,12,NA
31171,NA,NA
31172,10,NA
31173,9,Mod. Satisfied
31174,9,NA
31175,11,NA
31176,12,Very Satisfied
31177,12,Very Satisfied
31178,17,Very Satisfied
31179,11,NA
31180,10,Very Satisfied
31181,18,Very Satisfied
31182,11,Very Satisfied
31183,16,Very Satisfied
31184,12,Very Satisfied
31185,13,A Little Dissat
31186,16,Very Satisfied
31187,12,Mod. Satisfied
31188,14,A Little Dissat
31189,14,Mod. Satisfied
31190,12,Mod. Satisfied
31191,8,Very Satisfied
31192,16,Mod. Satisfied
31193,12,Mod. Satisfied
31194,12,NA
31195,12,Very Satisfied
31196,16,Very Satisfied
31197,9,Very Satisfied
31198,20,Very Satisfied
31199,17,Very Satisfied
31200,12,NA
31201,12,Very Satisfied
31202,15,Mod. Satisfied
31203,16,Very Satisfied
31204,9,Very Satisfied
31205,16,Mod. Satisfied
31206,14,Very Satisfied
31207,13,Very Satisfied
31208,12,Mod. Satisfied
31209,11,NA
31210,12,Very Satisfied
31211,0,NA
31212,12,NA
31213,11,NA
31214,12,Mod. Satisfied
31215,9,NA
31216,4,NA
31217,14,Very Satisfied
31218,16,Very Satisfied
31219,12,NA
31220,14,NA
31221,19,NA
31222,10,Very Satisfied
31223,16,NA
31224,16,Mod. Satisfied
31225,20,A Little Dissat
31226,20,Very Satisfied
31227,16,NA
31228,10,Mod. Satisfied
31229,12,Very Satisfied
31230,16,NA
31231,15,Mod. Satisfied
31232,16,Very Satisfied
31233,16,Very Satisfied
31234,12,Very Satisfied
31235,13,Mod. Satisfied
31236,15,Very Satisfied
31237,10,A Little Dissat
31238,10,NA
31239,16,NA
31240,11,Very Satisfied
31241,11,NA
31242,13,Very Satisfied
31243,14,NA
31244,16,Very Satisfied
31245,14,Mod. Satisfied
31246,17,Very Satisfied
31247,18,Very Satisfied
31248,12,Very Satisfied
31249,14,NA
31250,15,Very Satisfied
31251,15,NA
31252,14,Very Satisfied
31253,8,Very Satisfied
31254,12,Very Satisfied
31255,9,Very Dissatisfied
31256,12,Mod. Satisfied
31257,15,A Little Dissat
31258,16,Very Satisfied
31259,9,A Little Dissat
31260,12,NA
31261,12,Very Satisfied
31262,12,NA
31263,15,Mod. Satisfied
31264,4,Mod. Satisfied
31265,11,NA
31266,13,Mod. Satisfied
31267,11,Very Dissatisfied
31268,9,Mod. Satisfied
31269,12,Mod. Satisfied
31270,12,Mod. Satisfied
31271,8,NA
31272,10,NA
31273,9,Very Satisfied
31274,8,Very Satisfied
31275,10,NA
31276,7,NA
31277,15,Very Satisfied
31278,12,A Little Dissat
31279,12,Mod. Satisfied
31280,9,Very Satisfied
31281,14,Mod. Satisfied
31282,15,Very Satisfied
31283,16,Very Satisfied
31284,13,Mod. Satisfied
31285,16,NA
31286,14,Very Satisfied
31287,13,A Little Dissat
31288,11,A Little Dissat
31289,12,NA
31290,20,Very Satisfied
31291,12,Very Dissatisfied
31292,12,Very Satisfied
31293,12,Very Satisfied
31294,20,Very Satisfied
31295,16,NA
31296,12,Mod. Satisfied
31297,10,Mod. Satisfied
31298,12,Mod. Satisfied
31299,6,NA
31300,12,Very Satisfied
31301,12,Mod. Satisfied
31302,8,NA
31303,6,Mod. Satisfied
31304,10,Very Satisfied
31305,12,Mod. Satisfied
31306,18,A Little Dissat
31307,15,Very Satisfied
31308,18,NA
31309,10,NA
31310,9,Mod. Satisfied
31311,12,Very Satisfied
31312,10,Very Satisfied
31313,16,Very Satisfied
31314,15,Very Satisfied
31315,12,NA
31316,16,A Little Dissat
31317,12,Very Satisfied
31318,16,Very Satisfied
31319,12,Very Satisfied
31320,9,Mod. Satisfied
31321,12,Very Satisfied
31322,8,NA
31323,12,NA
31324,12,NA
31325,12,Very Satisfied
31326,13,NA
31327,4,Very Satisfied
31328,16,Very Satisfied
31329,8,Very Satisfied
31330,12,Very Satisfied
31331,12,Very Satisfied
31332,12,NA
31333,12,A Little Dissat
31334,10,Very Satisfied
31335,12,Mod. Satisfied
31336,8,Very Dissatisfied
31337,8,Mod. Satisfied
31338,8,Mod. Satisfied
31339,8,Very Satisfied
31340,12,Mod. Satisfied
31341,14,Mod. Satisfied
31342,15,Very Satisfied
31343,16,Mod. Satisfied
31344,19,Very Satisfied
31345,NA,Mod. Satisfied
31346,14,Very Satisfied
31347,16,Very Satisfied
31348,12,Very Satisfied
31349,15,NA
31350,10,NA
31351,12,Very Satisfied
31352,14,NA
31353,8,NA
31354,18,NA
31355,12,NA
31356,13,Mod. Satisfied
31357,17,Very Satisfied
31358,12,NA
31359,12,Very Satisfied
31360,16,Mod. Satisfied
31361,13,Very Satisfied
31362,17,Mod. Satisfied
31363,16,Mod. Satisfied
31364,16,A Little Dissat
31365,13,Very Satisfied
31366,15,Very Satisfied
31367,16,Very Satisfied
31368,17,Mod. Satisfied
31369,20,Very Satisfied
31370,12,Very Satisfied
31371,12,Very Satisfied
31372,16,Very Satisfied
31373,14,NA
31374,11,Very Satisfied
31375,12,Very Dissatisfied
31376,13,Very Dissatisfied
31377,8,Very Satisfied
31378,12,Very Satisfied
31379,14,NA
31380,12,Very Satisfied
31381,14,Mod. Satisfied
31382,10,Very Satisfied
31383,12,Very Satisfied
31384,12,Very Satisfied
31385,4,Very Satisfied
31386,8,NA
31387,17,Very Satisfied
31388,20,Mod. Satisfied
31389,16,NA
31390,18,NA
31391,12,Mod. Satisfied
31392,18,Very Satisfied
31393,12,Mod. Satisfied
31394,18,Very Satisfied
31395,11,Mod. Satisfied
31396,14,Very Satisfied
31397,12,Mod. Satisfied
31398,13,NA
31399,14,NA
31400,16,Very Satisfied
31401,13,A Little Dissat
31402,16,A Little Dissat
31403,12,A Little Dissat
31404,12,Mod. Satisfied
31405,15,Mod. Satisfied
31406,12,Very Satisfied
31407,16,Mod. Satisfied
31408,12,Very Satisfied
31409,8,Very Satisfied
31410,18,Mod. Satisfied
31411,16,Very Satisfied
31412,16,NA
31413,18,Very Satisfied
31414,12,Very Satisfied
31415,12,Mod. Satisfied
31416,8,NA
31417,11,Very Dissatisfied
31418,7,NA
31419,16,Very Satisfied
31420,7,NA
31421,16,Very Satisfied
31422,16,Mod. Satisfied
31423,15,NA
31424,12,Very Satisfied
31425,13,Mod. Satisfied
31426,12,Mod. Satisfied
31427,14,A Little Dissat
31428,16,Very Dissatisfied
31429,16,Mod. Satisfied
31430,17,NA
31431,12,A Little Dissat
31432,16,Very Satisfied
31433,17,Very Satisfied
31434,14,Mod. Satisfied
31435,11,Mod. Satisfied
31436,16,Mod. Satisfied
31437,14,Mod. Satisfied
31438,17,Mod. Satisfied
31439,14,Mod. Satisfied
31440,15,NA
31441,13,Very Satisfied
31442,3,Very Satisfied
31443,14,Mod. Satisfied
31444,5,NA
31445,11,Very Satisfied
31446,11,Very Satisfied
31447,11,Very Satisfied
31448,9,Mod. Satisfied
31449,14,A Little Dissat
31450,8,Mod. Satisfied
31451,12,A Little Dissat
31452,12,Very Satisfied
31453,12,NA
31454,13,Mod. Satisfied
31455,14,Mod. Satisfied
31456,6,A Little Dissat
31457,12,NA
31458,13,Very Satisfied
31459,11,Mod. Satisfied
31460,12,Very Satisfied
31461,12,Mod. Satisfied
31462,12,Mod. Satisfied
31463,19,Very Satisfied
31464,12,Very Satisfied
31465,13,Mod. Satisfied
31466,14,A Little Dissat
31467,10,Very Satisfied
31468,11,NA
31469,12,NA
31470,15,NA
31471,12,A Little Dissat
31472,15,Mod. Satisfied
31473,12,A Little Dissat
31474,12,Mod. Satisfied
31475,12,Very Satisfied
31476,12,Very Satisfied
31477,16,A Little Dissat
31478,14,A Little Dissat
31479,14,Mod. Satisfied
31480,12,Very Satisfied
31481,13,Mod. Satisfied
31482,12,Mod. Satisfied
31483,12,NA
31484,11,NA
31485,10,NA
31486,16,Mod. Satisfied
31487,16,A Little Dissat
31488,12,Very Satisfied
31489,12,NA
31490,13,Very Satisfied
31491,18,Mod. Satisfied
31492,13,Mod. Satisfied
31493,4,NA
31494,18,Very Dissatisfied
31495,20,Very Satisfied
31496,14,Very Satisfied
31497,12,NA
31498,12,Very Satisfied
31499,8,Very Satisfied
31500,13,Mod. Satisfied
31501,13,Mod. Satisfied
31502,12,Very Satisfied
31503,13,Mod. Satisfied
31504,16,Very Satisfied
31505,10,Very Satisfied
31506,16,NA
31507,16,Mod. Satisfied
31508,11,NA
31509,16,NA
31510,12,Very Satisfied
31511,12,A Little Dissat
31512,12,NA
31513,12,Mod. Satisfied
31514,8,Mod. Satisfied
31515,14,A Little Dissat
31516,15,NA
31517,13,Very Satisfied
31518,13,Very Dissatisfied
31519,15,Very Dissatisfied
31520,13,Very Satisfied
31521,15,Very Satisfied
31522,19,NA
31523,12,Very Satisfied
31524,7,NA
31525,10,NA
31526,12,NA
31527,15,Mod. Satisfied
31528,12,Mod. Satisfied
31529,12,Mod. Satisfied
31530,13,Mod. Satisfied
31531,12,NA
31532,13,NA
31533,17,Very Satisfied
31534,12,Very Satisfied
31535,20,NA
31536,15,Very Satisfied
31537,10,NA
31538,16,Mod. Satisfied
31539,17,Mod. Satisfied
31540,16,Very Satisfied
31541,13,NA
31542,19,Mod. Satisfied
31543,15,NA
31544,18,NA
31545,12,A Little Dissat
31546,12,Very Satisfied
31547,15,Mod. Satisfied
31548,15,Very Dissatisfied
31549,17,Very Satisfied
31550,15,Very Dissatisfied
31551,16,Mod. Satisfied
31552,18,Very Satisfied
31553,20,Mod. Satisfied
31554,12,NA
31555,12,NA
31556,18,Very Satisfied
31557,18,Very Satisfied
31558,12,Mod. Satisfied
31559,20,Mod. Satisfied
31560,16,Mod. Satisfied
31561,19,Very Satisfied
31562,14,Mod. Satisfied
31563,13,Very Satisfied
31564,11,Mod. Satisfied
31565,12,NA
31566,13,Very Satisfied
31567,12,Very Satisfied
31568,13,Mod. Satisfied
31569,12,Mod. Satisfied
31570,12,NA
31571,13,Mod. Satisfied
31572,18,NA
31573,10,Mod. Satisfied
31574,9,NA
31575,12,Mod. Satisfied
31576,12,NA
31577,14,Very Satisfied
31578,17,Very Dissatisfied
31579,12,Very Satisfied
31580,16,Very Satisfied
31581,14,A Little Dissat
31582,8,Very Satisfied
31583,12,Mod. Satisfied
31584,12,NA
31585,11,Mod. Satisfied
31586,18,A Little Dissat
31587,12,Mod. Satisfied
31588,12,Very Satisfied
31589,13,Very Satisfied
31590,11,Mod. Satisfied
31591,12,Mod. Satisfied
31592,13,Mod. Satisfied
31593,12,Very Satisfied
31594,18,Mod. Satisfied
31595,16,Mod. Satisfied
31596,12,Very Dissatisfied
31597,15,Very Satisfied
31598,9,Mod. Satisfied
31599,19,Mod. Satisfied
31600,12,Mod. Satisfied
31601,12,NA
31602,13,A Little Dissat
31603,14,Mod. Satisfied
31604,12,Very Satisfied
31605,18,Very Satisfied
31606,12,Very Satisfied
31607,18,Very Satisfied
31608,12,Mod. Satisfied
31609,6,A Little Dissat
31610,10,A Little Dissat
31611,14,Mod. Satisfied
31612,16,Mod. Satisfied
31613,16,Very Satisfied
31614,14,A Little Dissat
31615,9,Mod. Satisfied
31616,14,Mod. Satisfied
31617,14,Mod. Satisfied
31618,9,Very Satisfied
31619,13,A Little Dissat
31620,7,NA
31621,12,Mod. Satisfied
31622,12,Mod. Satisfied
31623,17,Very Satisfied
31624,16,Very Satisfied
31625,15,Mod. Satisfied
31626,11,Very Satisfied
31627,17,A Little Dissat
31628,14,Mod. Satisfied
31629,11,Mod. Satisfied
31630,14,Very Satisfied
31631,16,Mod. Satisfied
31632,13,NA
31633,12,Mod. Satisfied
31634,13,Mod. Satisfied
31635,10,Mod. Satisfied
31636,13,Mod. Satisfied
31637,9,Mod. Satisfied
31638,12,A Little Dissat
31639,12,Very Dissatisfied
31640,12,Mod. Satisfied
31641,12,Very Satisfied
31642,20,Very Satisfied
31643,13,Very Satisfied
31644,14,Very Satisfied
31645,16,Very Satisfied
31646,19,Mod. Satisfied
31647,16,NA
31648,19,Very Satisfied
31649,12,NA
31650,16,Mod. Satisfied
31651,14,NA
31652,13,Mod. Satisfied
31653,14,Mod. Satisfied
31654,14,Very Satisfied
31655,18,A Little Dissat
31656,16,Mod. Satisfied
31657,16,Mod. Satisfied
31658,15,Very Satisfied
31659,17,Very Satisfied
31660,15,Very Satisfied
31661,12,Very Satisfied
31662,13,Very Satisfied
31663,16,Mod. Satisfied
31664,17,NA
31665,12,Mod. Satisfied
31666,12,Mod. Satisfied
31667,18,Mod. Satisfied
31668,14,Mod. Satisfied
31669,12,NA
31670,12,Very Satisfied
31671,12,NA
31672,8,NA
31673,12,Very Dissatisfied
31674,11,NA
31675,14,Mod. Satisfied
31676,10,Very Satisfied
31677,12,NA
31678,14,A Little Dissat
31679,12,Mod. Satisfied
31680,12,Very Satisfied
31681,12,A Little Dissat
31682,10,Very Dissatisfied
31683,14,Mod. Satisfied
31684,13,Very Satisfied
31685,17,Very Satisfied
31686,12,Very Satisfied
31687,14,Mod. Satisfied
31688,0,NA
31689,13,NA
31690,20,Mod. Satisfied
31691,11,Very Satisfied
31692,8,NA
31693,20,Very Satisfied
31694,9,Mod. Satisfied
31695,17,Very Satisfied
31696,14,Mod. Satisfied
31697,8,NA
31698,12,Very Satisfied
31699,12,Mod. Satisfied
31700,11,Mod. Satisfied
31701,9,NA
31702,12,Mod. Satisfied
31703,12,Mod. Satisfied
31704,13,Very Satisfied
31705,16,Mod. Satisfied
31706,10,A Little Dissat
31707,10,NA
31708,16,NA
31709,10,NA
31710,15,NA
31711,16,Mod. Satisfied
31712,12,A Little Dissat
31713,16,Mod. Satisfied
31714,12,Mod. Satisfied
31715,11,Mod. Satisfied
31716,12,Mod. Satisfied
31717,12,Mod. Satisfied
31718,8,NA
31719,12,Very Satisfied
31720,13,Mod. Satisfied
31721,12,A Little Dissat
31722,12,Very Satisfied
31723,12,Mod. Satisfied
31724,5,NA
31725,12,NA
31726,8,NA
31727,12,Mod. Satisfied
31728,12,Mod. Satisfied
31729,11,A Little Dissat
31730,9,Very Satisfied
31731,10,NA
31732,12,Very Satisfied
31733,16,Very Satisfied
31734,16,Very Satisfied
31735,16,Very Satisfied
31736,12,Very Satisfied
31737,16,Very Satisfied
31738,12,Very Satisfied
31739,13,Very Satisfied
31740,10,NA
31741,12,Very Satisfied
31742,12,Mod. Satisfied
31743,12,Mod. Satisfied
31744,10,Mod. Satisfied
31745,12,Mod. Satisfied
31746,12,NA
31747,12,Very Dissatisfied
31748,12,Very Satisfied
31749,13,Very Dissatisfied
31750,12,Very Satisfied
31751,18,Very Satisfied
31752,13,Very Satisfied
31753,14,NA
31754,12,Mod. Satisfied
31755,13,Mod. Satisfied
31756,12,Mod. Satisfied
31757,14,Very Satisfied
31758,12,NA
31759,7,NA
31760,12,Very Satisfied
31761,12,A Little Dissat
31762,10,Very Satisfied
31763,12,A Little Dissat
31764,9,NA
31765,13,Very Satisfied
31766,14,Very Satisfied
31767,12,NA
31768,12,A Little Dissat
31769,12,Mod. Satisfied
31770,11,NA
31771,6,A Little Dissat
31772,11,Mod. Satisfied
31773,12,Mod. Satisfied
31774,12,A Little Dissat
31775,12,Mod. Satisfied
31776,11,Very Satisfied
31777,16,Mod. Satisfied
31778,12,Mod. Satisfied
31779,12,Mod. Satisfied
31780,12,Very Satisfied
31781,14,Mod. Satisfied
31782,11,NA
31783,12,Very Satisfied
31784,12,NA
31785,5,NA
31786,16,Mod. Satisfied
31787,16,Mod. Satisfied
31788,18,Very Satisfied
31789,14,Very Satisfied
31790,12,Mod. Satisfied
31791,16,Very Satisfied
31792,16,Very Satisfied
31793,16,Mod. Satisfied
31794,14,Mod. Satisfied
31795,13,Mod. Satisfied
31796,18,Very Satisfied
31797,20,Mod. Satisfied
31798,14,Very Satisfied
31799,12,Very Satisfied
31800,15,NA
31801,13,A Little Dissat
31802,12,Very Dissatisfied
31803,15,Very Satisfied
31804,14,Mod. Satisfied
31805,17,Very Satisfied
31806,12,NA
31807,14,NA
31808,16,A Little Dissat
31809,18,Very Satisfied
31810,13,NA
31811,13,Very Dissatisfied
31812,12,Mod. Satisfied
31813,16,Very Satisfied
31814,14,A Little Dissat
31815,12,Very Satisfied
31816,12,Very Satisfied
31817,13,Very Satisfied
31818,12,Mod. Satisfied
31819,18,NA
31820,17,Mod. Satisfied
31821,12,NA
31822,12,Mod. Satisfied
31823,9,NA
31824,15,Mod. Satisfied
31825,12,Mod. Satisfied
31826,12,A Little Dissat
31827,12,Mod. Satisfied
31828,10,NA
31829,12,Mod. Satisfied
31830,16,Mod. Satisfied
31831,18,Very Satisfied
31832,12,Mod. Satisfied
31833,13,A Little Dissat
31834,12,Very Satisfied
31835,12,A Little Dissat
31836,13,Very Satisfied
31837,14,Very Satisfied
31838,13,Very Satisfied
31839,16,A Little Dissat
31840,12,Very Dissatisfied
31841,12,Very Satisfied
31842,13,Mod. Satisfied
31843,9,NA
31844,12,Mod. Satisfied
31845,16,Very Satisfied
31846,14,Mod. Satisfied
31847,12,Very Satisfied
31848,14,Very Satisfied
31849,8,NA
31850,16,Very Satisfied
31851,11,NA
31852,12,Very Satisfied
31853,12,Very Satisfied
31854,10,Mod. Satisfied
31855,8,NA
31856,12,Mod. Satisfied
31857,12,Very Satisfied
31858,12,Mod. Satisfied
31859,8,NA
31860,12,NA
31861,14,Mod. Satisfied
31862,12,Mod. Satisfied
31863,12,Mod. Satisfied
31864,13,Mod. Satisfied
31865,20,Very Satisfied
31866,12,NA
31867,12,NA
31868,13,A Little Dissat
31869,14,NA
31870,15,NA
31871,10,NA
31872,12,Very Satisfied
31873,14,Mod. Satisfied
31874,12,NA
31875,12,NA
31876,12,Mod. Satisfied
31877,12,Very Satisfied
31878,9,Mod. Satisfied
31879,14,Very Satisfied
31880,15,Very Satisfied
31881,12,Very Satisfied
31882,12,Mod. Satisfied
31883,14,Very Satisfied
31884,16,Mod. Satisfied
31885,14,Mod. Satisfied
31886,13,Very Satisfied
31887,12,Very Satisfied
31888,18,Very Satisfied
31889,12,Very Satisfied
31890,15,NA
31891,11,NA
31892,12,Very Dissatisfied
31893,13,Very Dissatisfied
31894,12,Mod. Satisfied
31895,14,Very Satisfied
31896,16,Very Satisfied
31897,13,Very Satisfied
31898,16,Mod. Satisfied
31899,20,Mod. Satisfied
31900,17,Mod. Satisfied
31901,19,Very Satisfied
31902,10,NA
31903,14,Very Satisfied
31904,16,A Little Dissat
31905,19,Mod. Satisfied
31906,18,Mod. Satisfied
31907,14,Mod. Satisfied
31908,12,Mod. Satisfied
31909,12,NA
31910,12,Very Dissatisfied
31911,12,Very Satisfied
31912,12,Very Satisfied
31913,15,Very Satisfied
31914,14,Very Satisfied
31915,12,Very Satisfied
31916,12,Mod. Satisfied
31917,12,NA
31918,18,Mod. Satisfied
31919,13,Mod. Satisfied
31920,15,Mod. Satisfied
31921,8,NA
31922,14,Mod. Satisfied
31923,13,A Little Dissat
31924,12,Very Satisfied
31925,14,Very Satisfied
31926,14,Mod. Satisfied
31927,12,Very Satisfied
31928,12,NA
31929,14,NA
31930,12,Very Satisfied
31931,15,Mod. Satisfied
31932,8,NA
31933,16,Very Satisfied
31934,14,Very Satisfied
31935,12,Very Satisfied
31936,16,Very Satisfied
31937,16,Mod. Satisfied
31938,12,Mod. Satisfied
31939,8,Very Satisfied
31940,12,Mod. Satisfied
31941,12,Very Satisfied
31942,12,A Little Dissat
31943,12,NA
31944,12,NA
31945,16,NA
31946,12,Very Satisfied
31947,9,Mod. Satisfied
31948,8,NA
31949,14,Mod. Satisfied
31950,12,Very Satisfied
31951,12,Mod. Satisfied
31952,9,Mod. Satisfied
31953,12,NA
31954,16,Very Satisfied
31955,12,NA
31956,16,A Little Dissat
31957,13,Mod. Satisfied
31958,9,NA
31959,14,Very Satisfied
31960,11,Mod. Satisfied
31961,12,Very Satisfied
31962,14,Very Satisfied
31963,12,Very Satisfied
31964,8,Mod. Satisfied
31965,9,Very Satisfied
31966,12,Mod. Satisfied
31967,8,NA
31968,14,Mod. Satisfied
31969,11,Very Satisfied
31970,12,Mod. Satisfied
31971,12,Mod. Satisfied
31972,12,Very Dissatisfied
31973,12,NA
31974,13,Very Satisfied
31975,4,NA
31976,16,Very Satisfied
31977,12,NA
31978,10,NA
31979,13,Mod. Satisfied
31980,11,NA
31981,9,Mod. Satisfied
31982,13,Very Satisfied
31983,13,Very Satisfied
31984,14,Very Satisfied
31985,12,NA
31986,5,NA
31987,14,Very Satisfied
31988,14,Very Satisfied
31989,6,NA
31990,12,Very Satisfied
31991,13,NA
31992,14,NA
31993,12,Very Satisfied
31994,12,NA
31995,15,Very Satisfied
31996,12,Mod. Satisfied
31997,13,NA
31998,13,Very Satisfied
31999,17,Very Dissatisfied
32000,9,Mod. Satisfied
32001,6,Mod. Satisfied
32002,9,Mod. Satisfied
32003,3,NA
32004,11,Very Satisfied
32005,2,NA
32006,14,Very Satisfied
32007,9,Very Satisfied
32008,18,Very Satisfied
32009,4,NA
32010,9,NA
32011,13,Mod. Satisfied
32012,12,Mod. Satisfied
32013,14,Very Satisfied
32014,12,Mod. Satisfied
32015,11,NA
32016,8,NA
32017,13,Very Satisfied
32018,13,Very Dissatisfied
32019,5,NA
32020,13,Very Satisfied
32021,7,Very Satisfied
32022,3,Very Satisfied
32023,13,Very Satisfied
32024,10,A Little Dissat
32025,11,NA
32026,10,Mod. Satisfied
32027,16,NA
32028,15,Very Satisfied
32029,16,Very Satisfied
32030,12,Mod. Satisfied
32031,19,Very Satisfied
32032,16,Very Satisfied
32033,16,Mod. Satisfied
32034,17,NA
32035,16,A Little Dissat
32036,12,Mod. Satisfied
32037,8,NA
32038,13,Mod. Satisfied
32039,12,A Little Dissat
32040,9,A Little Dissat
32041,10,Mod. Satisfied
32042,11,NA
32043,13,Mod. Satisfied
32044,12,NA
32045,7,NA
32046,4,Mod. Satisfied
32047,10,Mod. Satisfied
32048,11,Mod. Satisfied
32049,13,Very Satisfied
32050,14,Mod. Satisfied
32051,10,NA
32052,8,NA
32053,12,Mod. Satisfied
32054,5,NA
32055,13,Very Satisfied
32056,16,Very Satisfied
32057,13,Mod. Satisfied
32058,12,A Little Dissat
32059,13,NA
32060,20,Very Satisfied
32061,17,Very Satisfied
32062,14,Very Satisfied
32063,11,NA
32064,13,Very Satisfied
32065,16,Very Satisfied
32066,8,Mod. Satisfied
32067,12,Very Satisfied
32068,12,NA
32069,11,Very Satisfied
32070,18,Very Satisfied
32071,12,Very Satisfied
32072,12,NA
32073,8,NA
32074,12,Mod. Satisfied
32075,3,NA
32076,9,Very Satisfied
32077,14,Very Satisfied
32078,12,NA
32079,16,Very Satisfied
32080,16,Very Satisfied
32081,12,Mod. Satisfied
32082,15,Very Satisfied
32083,13,Very Satisfied
32084,NA,Mod. Satisfied
32085,10,Very Satisfied
32086,12,Very Satisfied
32087,13,NA
32088,14,Mod. Satisfied
32089,11,NA
32090,11,Very Satisfied
32091,12,Very Satisfied
32092,11,A Little Dissat
32093,12,Very Satisfied
32094,12,Mod. Satisfied
32095,12,Very Satisfied
32096,11,NA
32097,12,Very Satisfied
32098,13,Very Satisfied
32099,14,Very Satisfied
32100,11,Very Satisfied
32101,12,Very Satisfied
32102,11,A Little Dissat
32103,12,A Little Dissat
32104,11,Mod. Satisfied
32105,11,NA
32106,12,Mod. Satisfied
32107,14,Mod. Satisfied
32108,11,Mod. Satisfied
32109,14,Mod. Satisfied
32110,12,Very Satisfied
32111,9,Very Satisfied
32112,11,Very Satisfied
32113,6,NA
32114,16,Mod. Satisfied
32115,10,Mod. Satisfied
32116,12,Very Satisfied
32117,11,Mod. Satisfied
32118,13,Very Satisfied
32119,13,NA
32120,6,NA
32121,12,Very Satisfied
32122,12,Very Satisfied
32123,5,NA
32124,12,Very Satisfied
32125,9,Very Satisfied
32126,12,Very Satisfied
32127,12,Mod. Satisfied
32128,12,NA
32129,16,NA
32130,9,NA
32131,16,Very Satisfied
32132,12,A Little Dissat
32133,12,Mod. Satisfied
32134,11,Very Satisfied
32135,11,A Little Dissat
32136,9,NA
32137,13,A Little Dissat
32138,12,NA
32139,12,Very Satisfied
32140,13,Mod. Satisfied
32141,12,Very Satisfied
32142,12,Very Satisfied
32143,7,Very Satisfied
32144,10,NA
32145,16,Mod. Satisfied
32146,12,NA
32147,8,NA
32148,11,NA
32149,7,A Little Dissat
32150,12,NA
32151,8,NA
32152,14,Mod. Satisfied
32153,12,Very Dissatisfied
32154,8,A Little Dissat
32155,8,NA
32156,11,Mod. Satisfied
32157,12,NA
32158,10,NA
32159,8,NA
32160,7,Very Satisfied
32161,8,Very Satisfied
32162,12,Mod. Satisfied
32163,12,Very Satisfied
32164,12,Mod. Satisfied
32165,12,NA
32166,10,Mod. Satisfied
32167,12,Mod. Satisfied
32168,12,Very Satisfied
32169,12,Very Satisfied
32170,11,NA
32171,16,Mod. Satisfied
32172,17,Very Satisfied
32173,11,Very Satisfied
32174,9,Very Satisfied
32175,8,Very Satisfied
32176,14,A Little Dissat
32177,13,Very Satisfied
32178,16,Mod. Satisfied
32179,16,Very Satisfied
32180,9,Very Satisfied
32181,10,NA
32182,11,Very Satisfied
32183,14,Very Satisfied
32184,15,Mod. Satisfied
32185,12,Mod. Satisfied
32186,12,Mod. Satisfied
32187,11,Very Satisfied
32188,12,Mod. Satisfied
32189,13,Very Satisfied
32190,16,Mod. Satisfied
32191,12,Very Satisfied
32192,18,Very Satisfied
32193,12,A Little Dissat
32194,17,Very Satisfied
32195,16,Very Satisfied
32196,17,Very Satisfied
32197,12,A Little Dissat
32198,12,Very Satisfied
32199,11,Very Satisfied
32200,14,A Little Dissat
32201,11,Very Satisfied
32202,12,Mod. Satisfied
32203,16,Very Satisfied
32204,13,Very Satisfied
32205,11,Very Dissatisfied
32206,9,Very Satisfied
32207,16,Very Satisfied
32208,3,NA
32209,NA,Mod. Satisfied
32210,5,NA
32211,8,NA
32212,9,A Little Dissat
32213,3,Mod. Satisfied
32214,8,NA
32215,12,A Little Dissat
32216,11,NA
32217,12,Very Satisfied
32218,11,Very Satisfied
32219,12,Mod. Satisfied
32220,12,Mod. Satisfied
32221,14,NA
32222,9,Mod. Satisfied
32223,12,Mod. Satisfied
32224,15,Very Satisfied
32225,12,Mod. Satisfied
32226,17,A Little Dissat
32227,16,Mod. Satisfied
32228,12,Very Satisfied
32229,14,NA
32230,15,NA
32231,16,NA
32232,12,Mod. Satisfied
32233,14,Mod. Satisfied
32234,12,Mod. Satisfied
32235,20,Mod. Satisfied
32236,12,Mod. Satisfied
32237,14,Very Satisfied
32238,14,Very Satisfied
32239,5,NA
32240,13,Very Satisfied
32241,4,NA
32242,12,Mod. Satisfied
32243,7,Mod. Satisfied
32244,6,NA
32245,12,Mod. Satisfied
32246,12,Very Satisfied
32247,10,Very Satisfied
32248,12,Very Dissatisfied
32249,18,Very Satisfied
32250,11,Mod. Satisfied
32251,9,NA
32252,11,NA
32253,20,Very Satisfied
32254,16,Very Satisfied
32255,14,Mod. Satisfied
32256,15,Mod. Satisfied
32257,16,Mod. Satisfied
32258,20,Very Satisfied
32259,12,Mod. Satisfied
32260,15,Very Satisfied
32261,15,Very Satisfied
32262,14,Mod. Satisfied
32263,11,Mod. Satisfied
32264,15,Mod. Satisfied
32265,12,NA
32266,14,Mod. Satisfied
32267,19,Very Satisfied
32268,13,Very Satisfied
32269,12,Very Satisfied
32270,14,Mod. Satisfied
32271,12,NA
32272,12,Very Satisfied
32273,12,Mod. Satisfied
32274,14,A Little Dissat
32275,12,Mod. Satisfied
32276,17,Very Satisfied
32277,13,Mod. Satisfied
32278,18,Mod. Satisfied
32279,11,Mod. Satisfied
32280,15,Very Satisfied
32281,14,Mod. Satisfied
32282,12,A Little Dissat
32283,15,Mod. Satisfied
32284,7,NA
32285,12,Very Satisfied
32286,16,Very Satisfied
32287,12,NA
32288,8,NA
32289,14,NA
32290,20,Mod. Satisfied
32291,16,Very Satisfied
32292,12,A Little Dissat
32293,11,Very Satisfied
32294,11,Very Satisfied
32295,16,Very Satisfied
32296,12,Very Satisfied
32297,14,Very Satisfied
32298,12,Very Satisfied
32299,12,Very Satisfied
32300,8,NA
32301,12,NA
32302,12,Mod. Satisfied
32303,12,NA
32304,9,Mod. Satisfied
32305,12,Very Satisfied
32306,17,Mod. Satisfied
32307,12,NA
32308,11,NA
32309,19,Very Satisfied
32310,12,Very Satisfied
32311,16,Very Satisfied
32312,12,NA
32313,12,Very Satisfied
32314,14,NA
32315,12,Mod. Satisfied
32316,17,NA
32317,9,Very Satisfied
32318,12,Mod. Satisfied
32319,14,NA
32320,11,NA
32321,9,Very Satisfied
32322,8,NA
32323,12,Very Satisfied
32324,17,NA
32325,13,Very Satisfied
32326,9,NA
32327,12,NA
32328,12,Mod. Satisfied
32329,12,NA
32330,12,Mod. Satisfied
32331,12,Very Satisfied
32332,8,NA
32333,16,Very Satisfied
32334,14,NA
32335,18,Very Satisfied
32336,13,A Little Dissat
32337,12,Very Satisfied
32338,18,Very Satisfied
32339,12,Very Satisfied
32340,14,Mod. Satisfied
32341,16,Very Satisfied
32342,9,NA
32343,17,Mod. Satisfied
32344,11,Very Satisfied
32345,12,Mod. Satisfied
32346,14,A Little Dissat
32347,16,Very Satisfied
32348,13,NA
32349,11,NA
32350,20,NA
32351,16,NA
32352,10,A Little Dissat
32353,13,NA
32354,12,Mod. Satisfied
32355,13,Mod. Satisfied
32356,15,Very Satisfied
32357,14,A Little Dissat
32358,13,Mod. Satisfied
32359,14,Mod. Satisfied
32360,16,Very Satisfied
32361,14,A Little Dissat
32362,10,NA
32363,12,Very Satisfied
32364,2,Very Satisfied
32365,12,Mod. Satisfied
32366,12,Mod. Satisfied
32367,12,Mod. Satisfied
32368,16,Very Satisfied
32369,13,NA
32370,16,NA
32371,15,A Little Dissat
32372,16,Very Satisfied
32373,12,NA
32374,13,Very Satisfied
32375,14,Very Satisfied
32376,12,Very Satisfied
32377,12,NA
32378,12,Mod. Satisfied
32379,12,A Little Dissat
32380,16,Mod. Satisfied
32381,12,NA
32382,17,Mod. Satisfied
32383,18,Very Satisfied
32384,6,Very Satisfied
32385,8,Very Satisfied
32386,17,Mod. Satisfied
32387,12,Mod. Satisfied
32388,13,Very Satisfied
32389,13,Mod. Satisfied
32390,13,NA
32391,19,A Little Dissat
32392,16,Mod. Satisfied
32393,16,Very Satisfied
32394,13,A Little Dissat
32395,16,Very Dissatisfied
32396,16,Mod. Satisfied
32397,15,Mod. Satisfied
32398,19,Very Satisfied
32399,13,Very Satisfied
32400,12,Mod. Satisfied
32401,12,NA
32402,4,Very Satisfied
32403,15,A Little Dissat
32404,12,A Little Dissat
32405,11,Very Satisfied
32406,16,Very Satisfied
32407,20,Mod. Satisfied
32408,17,Very Satisfied
32409,16,Mod. Satisfied
32410,16,Mod. Satisfied
32411,20,Very Satisfied
32412,3,Very Satisfied
32413,15,Very Satisfied
32414,16,Very Satisfied
32415,16,Mod. Satisfied
32416,14,Mod. Satisfied
32417,9,Very Satisfied
32418,17,A Little Dissat
32419,10,NA
32420,16,Mod. Satisfied
32421,14,Mod. Satisfied
32422,8,NA
32423,18,Very Satisfied
32424,12,NA
32425,10,A Little Dissat
32426,16,A Little Dissat
32427,7,Mod. Satisfied
32428,9,A Little Dissat
32429,12,Mod. Satisfied
32430,12,Very Dissatisfied
32431,13,Mod. Satisfied
32432,18,A Little Dissat
32433,12,A Little Dissat
32434,12,A Little Dissat
32435,20,Very Satisfied
32436,16,Mod. Satisfied
32437,16,Very Satisfied
32438,12,Mod. Satisfied
32439,13,Very Satisfied
32440,11,A Little Dissat
32441,12,Very Satisfied
32442,17,Very Dissatisfied
32443,12,Very Satisfied
32444,12,Mod. Satisfied
32445,16,Very Satisfied
32446,16,Mod. Satisfied
32447,14,Very Satisfied
32448,6,NA
32449,12,NA
32450,12,NA
32451,8,Very Satisfied
32452,16,Mod. Satisfied
32453,10,NA
32454,15,A Little Dissat
32455,10,A Little Dissat
32456,10,Mod. Satisfied
32457,18,Mod. Satisfied
32458,15,A Little Dissat
32459,10,Very Satisfied
32460,12,Mod. Satisfied
32461,12,Mod. Satisfied
32462,13,NA
32463,16,Mod. Satisfied
32464,12,A Little Dissat
32465,12,Very Satisfied
32466,16,Very Satisfied
32467,16,Very Satisfied
32468,16,A Little Dissat
32469,16,Mod. Satisfied
32470,20,Very Satisfied
32471,11,NA
32472,16,Very Satisfied
32473,16,A Little Dissat
32474,13,Mod. Satisfied
32475,16,NA
32476,15,NA
32477,12,Mod. Satisfied
32478,13,Very Dissatisfied
32479,7,Mod. Satisfied
32480,11,NA
32481,14,Very Satisfied
32482,10,Mod. Satisfied
32483,12,Very Satisfied
32484,14,Mod. Satisfied
32485,NA,NA
32486,9,Mod. Satisfied
32487,8,Mod. Satisfied
32488,11,NA
32489,16,A Little Dissat
32490,13,Mod. Satisfied
32491,13,Very Dissatisfied
32492,12,A Little Dissat
32493,16,Mod. Satisfied
32494,15,Very Satisfied
32495,11,Very Satisfied
32496,13,NA
32497,9,Very Satisfied
32498,20,NA
32499,14,Mod. Satisfied
32500,16,NA
32501,14,NA
32502,14,Mod. Satisfied
32503,14,Very Satisfied
32504,16,Very Satisfied
32505,14,Mod. Satisfied
32506,13,Mod. Satisfied
32507,12,NA
32508,14,Mod. Satisfied
32509,13,Very Dissatisfied
32510,10,Mod. Satisfied
32511,12,Mod. Satisfied
32512,12,Mod. Satisfied
32513,8,NA
32514,12,Mod. Satisfied
32515,20,A Little Dissat
32516,13,Mod. Satisfied
32517,12,Very Satisfied
32518,11,NA
32519,14,A Little Dissat
32520,14,Mod. Satisfied
32521,14,Mod. Satisfied
32522,14,Mod. Satisfied
32523,12,NA
32524,10,Very Satisfied
32525,12,A Little Dissat
32526,13,Very Satisfied
32527,16,Mod. Satisfied
32528,15,NA
32529,12,Mod. Satisfied
32530,14,Mod. Satisfied
32531,14,Mod. Satisfied
32532,10,A Little Dissat
32533,18,Very Dissatisfied
32534,14,Mod. Satisfied
32535,12,NA
32536,14,NA
32537,12,Mod. Satisfied
32538,13,Very Satisfied
32539,20,Very Satisfied
32540,11,Mod. Satisfied
32541,14,Very Satisfied
32542,20,Mod. Satisfied
32543,18,Mod. Satisfied
32544,13,Mod. Satisfied
32545,11,Mod. Satisfied
32546,16,Mod. Satisfied
32547,14,Mod. Satisfied
32548,19,Very Satisfied
32549,12,Mod. Satisfied
32550,12,NA
32551,12,Very Satisfied
32552,14,Mod. Satisfied
32553,11,Very Satisfied
32554,19,Very Satisfied
32555,15,NA
32556,14,Mod. Satisfied
32557,13,Very Satisfied
32558,20,Very Satisfied
32559,16,Mod. Satisfied
32560,12,Very Satisfied
32561,16,Very Satisfied
32562,12,Very Satisfied
32563,20,Mod. Satisfied
32564,16,NA
32565,16,Mod. Satisfied
32566,12,Mod. Satisfied
32567,16,NA
32568,19,Very Satisfied
32569,12,NA
32570,16,A Little Dissat
32571,17,Very Satisfied
32572,16,NA
32573,12,NA
32574,15,Very Satisfied
32575,14,Very Satisfied
32576,16,Mod. Satisfied
32577,17,Mod. Satisfied
32578,14,Mod. Satisfied
32579,14,Mod. Satisfied
32580,12,Mod. Satisfied
32581,13,Very Satisfied
32582,12,Very Satisfied
32583,14,NA
32584,13,Mod. Satisfied
32585,18,Very Satisfied
32586,12,NA
32587,16,Mod. Satisfied
32588,11,Very Satisfied
32589,12,Very Satisfied
32590,12,Mod. Satisfied
32591,17,A Little Dissat
32592,12,Very Satisfied
32593,16,Very Satisfied
32594,13,Mod. Satisfied
32595,13,A Little Dissat
32596,18,Very Satisfied
32597,16,Mod. Satisfied
32598,16,Very Satisfied
32599,15,NA
32600,16,Very Satisfied
32601,13,Very Satisfied
32602,20,NA
32603,18,A Little Dissat
32604,16,Very Dissatisfied
32605,14,NA
32606,16,Mod. Satisfied
32607,18,Mod. Satisfied
32608,16,A Little Dissat
32609,17,Mod. Satisfied
32610,17,Very Satisfied
32611,16,Mod. Satisfied
32612,14,Mod. Satisfied
32613,12,Very Satisfied
32614,14,NA
32615,16,Mod. Satisfied
32616,18,Very Satisfied
32617,16,Very Satisfied
32618,17,Very Satisfied
32619,14,Mod. Satisfied
32620,19,A Little Dissat
32621,17,Very Satisfied
32622,20,Mod. Satisfied
32623,15,Mod. Satisfied
32624,11,Mod. Satisfied
32625,13,NA
32626,7,NA
32627,13,Mod. Satisfied
32628,14,NA
32629,12,Mod. Satisfied
32630,11,Mod. Satisfied
32631,10,NA
32632,16,A Little Dissat
32633,15,Very Dissatisfied
32634,NA,Very Satisfied
32635,16,Mod. Satisfied
32636,13,Very Satisfied
32637,14,NA
32638,13,Very Satisfied
32639,14,Mod. Satisfied
32640,16,Very Satisfied
32641,14,Very Satisfied
32642,17,A Little Dissat
32643,16,A Little Dissat
32644,13,NA
32645,20,Very Satisfied
32646,14,Very Satisfied
32647,16,Very Satisfied
32648,12,NA
32649,12,Very Satisfied
32650,18,NA
32651,16,Very Satisfied
32652,14,NA
32653,12,Mod. Satisfied
32654,13,Mod. Satisfied
32655,14,Very Satisfied
32656,12,NA
32657,16,Mod. Satisfied
32658,9,NA
32659,12,Very Satisfied
32660,16,Mod. Satisfied
32661,11,A Little Dissat
32662,12,Mod. Satisfied
32663,14,Mod. Satisfied
32664,12,A Little Dissat
32665,13,Mod. Satisfied
32666,16,Mod. Satisfied
32667,14,Very Satisfied
32668,13,A Little Dissat
32669,13,Very Satisfied
32670,14,Mod. Satisfied
32671,12,Very Satisfied
32672,15,Mod. Satisfied
32673,13,Mod. Satisfied
32674,17,Very Satisfied
32675,8,NA
32676,6,NA
32677,14,Very Dissatisfied
32678,13,A Little Dissat
32679,8,NA
32680,12,Very Dissatisfied
32681,14,Very Satisfied
32682,13,Mod. Satisfied
32683,13,Mod. Satisfied
32684,12,Mod. Satisfied
32685,12,Mod. Satisfied
32686,14,NA
32687,8,NA
32688,14,NA
32689,12,NA
32690,15,Very Dissatisfied
32691,10,Very Satisfied
32692,13,Very Satisfied
32693,16,Mod. Satisfied
32694,12,Mod. Satisfied
32695,10,Very Satisfied
32696,17,Very Satisfied
32697,12,Very Dissatisfied
32698,12,A Little Dissat
32699,12,NA
32700,16,Mod. Satisfied
32701,11,Very Satisfied
32702,16,Mod. Satisfied
32703,13,NA
32704,13,Mod. Satisfied
32705,20,Very Satisfied
32706,16,Very Satisfied
32707,12,NA
32708,12,NA
32709,10,NA
32710,10,NA
32711,12,NA
32712,12,NA
32713,16,Mod. Satisfied
32714,12,Very Satisfied
32715,12,Mod. Satisfied
32716,14,Very Satisfied
32717,12,Very Satisfied
32718,12,Mod. Satisfied
32719,16,Mod. Satisfied
32720,15,Very Satisfied
32721,17,Mod. Satisfied
32722,12,Very Dissatisfied
32723,12,Mod. Satisfied
32724,8,Very Satisfied
32725,12,Very Satisfied
32726,9,Mod. Satisfied
32727,10,Very Dissatisfied
32728,13,Mod. Satisfied
32729,10,Very Satisfied
32730,14,Very Satisfied
32731,17,NA
32732,16,Very Satisfied
32733,12,Very Satisfied
32734,14,Very Satisfied
32735,11,Very Dissatisfied
32736,12,Mod. Satisfied
32737,7,Very Satisfied
32738,15,Very Satisfied
32739,10,NA
32740,12,A Little Dissat
32741,11,NA
32742,12,Very Satisfied
32743,13,Very Satisfied
32744,12,Mod. Satisfied
32745,15,NA
32746,16,Mod. Satisfied
32747,12,A Little Dissat
32748,16,Mod. Satisfied
32749,17,A Little Dissat
32750,12,Very Satisfied
32751,16,Very Satisfied
32752,19,Mod. Satisfied
32753,18,Very Satisfied
32754,16,Very Dissatisfied
32755,16,A Little Dissat
32756,14,Mod. Satisfied
32757,13,Very Satisfied
32758,16,NA
32759,12,NA
32760,12,A Little Dissat
32761,17,Very Satisfied
32762,16,Very Satisfied
32763,18,Mod. Satisfied
32764,12,NA
32765,12,NA
32766,17,Very Satisfied
32767,14,Very Satisfied
32768,12,NA
32769,12,Very Dissatisfied
32770,14,Mod. Satisfied
32771,13,Very Dissatisfied
32772,12,NA
32773,12,Very Dissatisfied
32774,12,Very Satisfied
32775,12,NA
32776,16,Very Satisfied
32777,16,Very Satisfied
32778,14,Mod. Satisfied
32779,14,Mod. Satisfied
32780,10,Very Satisfied
32781,14,A Little Dissat
32782,12,Mod. Satisfied
32783,9,Mod. Satisfied
32784,11,Mod. Satisfied
32785,16,Mod. Satisfied
32786,9,Very Satisfied
32787,16,Mod. Satisfied
32788,16,Very Satisfied
32789,13,Mod. Satisfied
32790,12,Very Satisfied
32791,12,Very Satisfied
32792,10,NA
32793,16,Mod. Satisfied
32794,10,Mod. Satisfied
32795,12,Mod. Satisfied
32796,12,Very Satisfied
32797,16,Very Satisfied
32798,14,Mod. Satisfied
32799,13,Very Satisfied
32800,18,Very Satisfied
32801,15,NA
32802,15,Mod. Satisfied
32803,17,Very Satisfied
32804,16,Mod. Satisfied
32805,16,NA
32806,16,Mod. Satisfied
32807,12,NA
32808,13,Mod. Satisfied
32809,10,Very Satisfied
32810,14,A Little Dissat
32811,13,Very Satisfied
32812,11,Very Dissatisfied
32813,12,Very Satisfied
32814,12,Mod. Satisfied
32815,15,A Little Dissat
32816,15,Mod. Satisfied
32817,10,Very Satisfied
32818,15,Mod. Satisfied
32819,12,Mod. Satisfied
32820,5,Mod. Satisfied
32821,13,A Little Dissat
32822,20,A Little Dissat
32823,14,Mod. Satisfied
32824,11,Very Satisfied
32825,10,NA
32826,12,Mod. Satisfied
32827,14,Very Satisfied
32828,18,Mod. Satisfied
32829,17,Mod. Satisfied
32830,19,Very Satisfied
32831,17,Very Dissatisfied
32832,11,Very Satisfied
32833,12,NA
32834,11,NA
32835,13,Mod. Satisfied
32836,NA,Very Dissatisfied
32837,16,Mod. Satisfied
32838,17,Very Satisfied
32839,11,Very Satisfied
32840,12,Very Satisfied
32841,14,A Little Dissat
32842,15,Very Satisfied
32843,0,Mod. Satisfied
32844,17,NA
32845,16,Very Satisfied
32846,18,NA
32847,14,Very Satisfied
32848,14,Mod. Satisfied
32849,13,NA
32850,14,Mod. Satisfied
32851,12,Mod. Satisfied
32852,12,Very Satisfied
32853,16,Very Satisfied
32854,13,NA
32855,14,A Little Dissat
32856,14,Very Satisfied
32857,12,NA
32858,12,Very Satisfied
32859,16,Very Satisfied
32860,5,Very Satisfied
32861,10,NA
32862,10,NA
32863,12,Very Satisfied
32864,13,NA
32865,13,NA
32866,20,Very Satisfied
32867,10,Very Satisfied
32868,14,Very Satisfied
32869,16,Very Satisfied
32870,14,Very Satisfied
32871,20,Very Dissatisfied
32872,13,Mod. Satisfied
32873,11,NA
32874,10,NA
32875,14,NA
32876,13,NA
32877,12,NA
32878,9,NA
32879,6,NA
32880,8,NA
32881,17,NA
32882,5,NA
32883,10,Very Satisfied
32884,12,A Little Dissat
32885,13,Mod. Satisfied
32886,12,Very Satisfied
32887,12,NA
32888,9,Mod. Satisfied
32889,13,Very Satisfied
32890,16,Very Satisfied
32891,12,Very Satisfied
32892,12,Mod. Satisfied
32893,12,Mod. Satisfied
32894,17,Very Satisfied
32895,12,Very Satisfied
32896,16,Very Satisfied
32897,12,Mod. Satisfied
32898,12,NA
32899,16,NA
32900,12,NA
32901,12,NA
32902,16,A Little Dissat
32903,12,Mod. Satisfied
32904,10,A Little Dissat
32905,12,A Little Dissat
32906,20,Very Satisfied
32907,10,NA
32908,16,A Little Dissat
32909,14,Mod. Satisfied
32910,12,Mod. Satisfied
32911,8,A Little Dissat
32912,16,Very Satisfied
32913,9,NA
32914,7,Very Satisfied
32915,16,Very Satisfied
32916,12,Very Satisfied
32917,16,Very Satisfied
32918,16,Very Satisfied
32919,19,Very Satisfied
32920,17,Very Satisfied
32921,14,NA
32922,14,NA
32923,20,Very Satisfied
32924,14,Very Satisfied
32925,16,Mod. Satisfied
32926,14,A Little Dissat
32927,18,Mod. Satisfied
32928,14,NA
32929,17,Very Satisfied
32930,11,Mod. Satisfied
32931,12,NA
32932,4,NA
32933,11,NA
32934,14,NA
32935,11,NA
32936,15,Very Satisfied
32937,12,Mod. Satisfied
32938,12,A Little Dissat
32939,8,NA
32940,11,NA
32941,10,Very Satisfied
32942,5,Mod. Satisfied
32943,14,Very Satisfied
32944,12,Very Satisfied
32945,14,Very Satisfied
32946,12,NA
32947,13,Mod. Satisfied
32948,16,Very Satisfied
32949,12,Very Satisfied
32950,16,Mod. Satisfied
32951,13,Very Satisfied
32952,16,Mod. Satisfied
32953,20,Very Satisfied
32954,20,Very Satisfied
32955,20,Very Satisfied
32956,18,A Little Dissat
32957,14,Mod. Satisfied
32958,16,Very Satisfied
32959,20,A Little Dissat
32960,16,Mod. Satisfied
32961,12,Very Satisfied
32962,14,NA
32963,10,Mod. Satisfied
32964,14,Very Satisfied
32965,14,Mod. Satisfied
32966,12,NA
32967,12,A Little Dissat
32968,15,Mod. Satisfied
32969,18,Very Satisfied
32970,12,Very Satisfied
32971,18,Mod. Satisfied
32972,18,Mod. Satisfied
32973,13,Very Satisfied
32974,15,Very Satisfied
32975,19,A Little Dissat
32976,12,Very Satisfied
32977,16,NA
32978,13,Mod. Satisfied
32979,14,A Little Dissat
32980,13,A Little Dissat
32981,12,Mod. Satisfied
32982,16,Mod. Satisfied
32983,16,Very Satisfied
32984,14,Very Satisfied
32985,16,NA
32986,11,Very Satisfied
32987,16,Very Satisfied
32988,16,NA
32989,13,Mod. Satisfied
32990,18,Very Satisfied
32991,18,Mod. Satisfied
32992,16,Very Satisfied
32993,16,Very Satisfied
32994,20,Mod. Satisfied
32995,16,A Little Dissat
32996,17,Mod. Satisfied
32997,18,Mod. Satisfied
32998,15,NA
32999,17,Mod. Satisfied
33000,15,Mod. Satisfied
33001,12,NA
33002,9,Very Satisfied
33003,20,Very Satisfied
33004,16,Mod. Satisfied
33005,17,Very Satisfied
33006,20,NA
33007,18,Very Satisfied
33008,16,A Little Dissat
33009,12,Very Satisfied
33010,14,Very Dissatisfied
33011,16,Mod. Satisfied
33012,18,Mod. Satisfied
33013,18,NA
33014,12,NA
33015,8,NA
33016,7,NA
33017,11,NA
33018,18,Very Dissatisfied
33019,15,Very Satisfied
33020,18,Mod. Satisfied
33021,17,Very Satisfied
33022,12,Mod. Satisfied
33023,20,Mod. Satisfied
33024,18,Very Dissatisfied
33025,16,A Little Dissat
33026,11,Very Satisfied
33027,12,Mod. Satisfied
33028,16,Very Satisfied
33029,13,Mod. Satisfied
33030,16,Mod. Satisfied
33031,18,NA
33032,13,Mod. Satisfied
33033,11,A Little Dissat
33034,12,A Little Dissat
33035,16,Mod. Satisfied
33036,16,Mod. Satisfied
33037,20,NA
33038,17,Mod. Satisfied
33039,14,Very Satisfied
33040,20,NA
33041,12,Very Satisfied
33042,12,Mod. Satisfied
33043,17,A Little Dissat
33044,12,A Little Dissat
33045,12,A Little Dissat
33046,5,A Little Dissat
33047,10,NA
33048,15,Very Satisfied
33049,13,Very Satisfied
33050,14,Mod. Satisfied
33051,16,Mod. Satisfied
33052,13,Very Satisfied
33053,20,Very Satisfied
33054,19,Mod. Satisfied
33055,12,Very Satisfied
33056,17,Mod. Satisfied
33057,13,Mod. Satisfied
33058,16,Very Satisfied
33059,16,Mod. Satisfied
33060,12,NA
33061,12,NA
33062,10,NA
33063,14,NA
33064,10,NA
33065,19,NA
33066,13,NA
33067,16,A Little Dissat
33068,12,Mod. Satisfied
33069,16,Very Satisfied
33070,14,Very Satisfied
33071,17,A Little Dissat
33072,13,Very Satisfied
33073,17,Very Satisfied
33074,18,Mod. Satisfied
33075,17,Mod. Satisfied
33076,11,Mod. Satisfied
33077,8,Very Satisfied
33078,12,NA
33079,16,NA
33080,14,Very Satisfied
33081,16,NA
33082,19,Very Dissatisfied
33083,10,NA
33084,12,Mod. Satisfied
33085,12,NA
33086,18,Very Satisfied
33087,14,Mod. Satisfied
33088,14,Very Satisfied
33089,9,A Little Dissat
33090,16,Very Satisfied
33091,15,Mod. Satisfied
33092,12,Very Satisfied
33093,14,Mod. Satisfied
33094,13,Very Satisfied
33095,18,Very Satisfied
33096,12,Very Dissatisfied
33097,9,Very Satisfied
33098,17,Very Dissatisfied
33099,12,Mod. Satisfied
33100,12,A Little Dissat
33101,13,A Little Dissat
33102,13,Very Satisfied
33103,11,Very Satisfied
33104,15,Mod. Satisfied
33105,12,Very Satisfied
33106,14,Mod. Satisfied
33107,16,Very Satisfied
33108,16,Mod. Satisfied
33109,14,Mod. Satisfied
33110,14,Mod. Satisfied
33111,12,Mod. Satisfied
33112,16,Very Satisfied
33113,18,Very Satisfied
33114,16,Very Satisfied
33115,16,Very Satisfied
33116,16,Mod. Satisfied
33117,12,Very Satisfied
33118,15,Very Satisfied
33119,15,Very Satisfied
33120,16,Very Satisfied
33121,16,NA
33122,16,Very Satisfied
33123,16,NA
33124,16,Mod. Satisfied
33125,16,Mod. Satisfied
33126,16,Very Satisfied
33127,12,A Little Dissat
33128,17,Mod. Satisfied
33129,16,Very Satisfied
33130,10,Mod. Satisfied
33131,16,Very Satisfied
33132,13,Very Satisfied
33133,12,Mod. Satisfied
33134,16,Mod. Satisfied
33135,14,Very Satisfied
33136,16,Very Satisfied
33137,16,Mod. Satisfied
33138,16,A Little Dissat
33139,16,Mod. Satisfied
33140,12,Very Satisfied
33141,12,Mod. Satisfied
33142,10,Mod. Satisfied
33143,11,Very Satisfied
33144,16,Mod. Satisfied
33145,16,Very Satisfied
33146,19,NA
33147,7,Very Satisfied
33148,13,Very Satisfied
33149,7,Mod. Satisfied
33150,14,Very Satisfied
33151,14,Mod. Satisfied
33152,12,Very Satisfied
33153,14,NA
33154,13,A Little Dissat
33155,11,Very Satisfied
33156,15,Very Satisfied
33157,16,NA
33158,14,Very Satisfied
33159,14,Very Satisfied
33160,20,Mod. Satisfied
33161,10,NA
33162,12,Mod. Satisfied
33163,18,Very Satisfied
33164,16,Very Satisfied
33165,14,NA
33166,13,Mod. Satisfied
33167,14,A Little Dissat
33168,12,Mod. Satisfied
33169,13,Mod. Satisfied
33170,11,Very Satisfied
33171,10,Mod. Satisfied
33172,14,Mod. Satisfied
33173,8,NA
33174,16,A Little Dissat
33175,12,Mod. Satisfied
33176,8,Very Satisfied
33177,8,Very Satisfied
33178,16,A Little Dissat
33179,12,Very Satisfied
33180,10,Mod. Satisfied
33181,14,Mod. Satisfied
33182,14,NA
33183,15,NA
33184,17,NA
33185,12,NA
33186,15,Very Satisfied
33187,9,Mod. Satisfied
33188,12,A Little Dissat
33189,14,Mod. Satisfied
33190,NA,NA
33191,15,Mod. Satisfied
33192,12,Mod. Satisfied
33193,13,Mod. Satisfied
33194,11,A Little Dissat
33195,12,Very Satisfied
33196,12,NA
33197,13,Very Satisfied
33198,13,Very Satisfied
33199,12,Mod. Satisfied
33200,13,Very Satisfied
33201,13,Mod. Satisfied
33202,12,Mod. Satisfied
33203,12,Very Satisfied
33204,6,Very Dissatisfied
33205,0,NA
33206,11,NA
33207,13,Very Satisfied
33208,12,Very Satisfied
33209,12,NA
33210,18,Very Satisfied
33211,16,Very Satisfied
33212,12,A Little Dissat
33213,12,NA
33214,14,Very Satisfied
33215,16,Mod. Satisfied
33216,16,Mod. Satisfied
33217,12,Mod. Satisfied
33218,11,Very Satisfied
33219,14,Mod. Satisfied
33220,14,Very Satisfied
33221,16,Very Satisfied
33222,10,NA
33223,12,Mod. Satisfied
33224,12,Very Satisfied
33225,14,Very Satisfied
33226,12,NA
33227,12,Very Satisfied
33228,12,NA
33229,16,Mod. Satisfied
33230,20,Very Satisfied
33231,14,Mod. Satisfied
33232,20,Very Satisfied
33233,16,Mod. Satisfied
33234,16,A Little Dissat
33235,12,Mod. Satisfied
33236,15,NA
33237,13,Very Satisfied
33238,17,Very Satisfied
33239,12,Mod. Satisfied
33240,16,Mod. Satisfied
33241,15,A Little Dissat
33242,12,Mod. Satisfied
33243,13,Mod. Satisfied
33244,16,Very Satisfied
33245,16,Very Satisfied
33246,12,Mod. Satisfied
33247,20,A Little Dissat
33248,17,Mod. Satisfied
33249,13,A Little Dissat
33250,20,Mod. Satisfied
33251,13,Mod. Satisfied
33252,17,Very Satisfied
33253,18,Very Satisfied
33254,15,Mod. Satisfied
33255,12,Mod. Satisfied
33256,17,Mod. Satisfied
33257,14,Mod. Satisfied
33258,14,Very Satisfied
33259,12,Mod. Satisfied
33260,13,Mod. Satisfied
33261,13,Mod. Satisfied
33262,15,Very Satisfied
33263,13,Very Satisfied
33264,15,Mod. Satisfied
33265,16,Very Dissatisfied
33266,16,Mod. Satisfied
33267,15,Mod. Satisfied
33268,16,Mod. Satisfied
33269,12,Mod. Satisfied
33270,15,NA
33271,12,Mod. Satisfied
33272,12,A Little Dissat
33273,16,Very Satisfied
33274,16,NA
33275,17,Mod. Satisfied
33276,12,Mod. Satisfied
33277,13,Very Satisfied
33278,13,A Little Dissat
33279,12,Very Satisfied
33280,6,Very Satisfied
33281,12,Mod. Satisfied
33282,18,Mod. Satisfied
33283,20,Very Satisfied
33284,20,Very Satisfied
33285,15,Mod. Satisfied
33286,13,NA
33287,12,Very Satisfied
33288,13,Mod. Satisfied
33289,12,Mod. Satisfied
33290,12,Very Dissatisfied
33291,14,NA
33292,14,Mod. Satisfied
33293,12,Very Satisfied
33294,20,Very Satisfied
33295,12,Mod. Satisfied
33296,12,Very Satisfied
33297,15,Very Satisfied
33298,20,Mod. Satisfied
33299,18,Mod. Satisfied
33300,18,Very Dissatisfied
33301,20,Very Satisfied
33302,20,Very Satisfied
33303,18,Very Satisfied
33304,14,Mod. Satisfied
33305,16,Mod. Satisfied
33306,16,Mod. Satisfied
33307,12,Very Satisfied
33308,11,Mod. Satisfied
33309,12,Mod. Satisfied
33310,13,Very Satisfied
33311,12,Very Satisfied
33312,10,A Little Dissat
33313,10,A Little Dissat
33314,8,NA
33315,14,Mod. Satisfied
33316,12,Mod. Satisfied
33317,18,Mod. Satisfied
33318,12,NA
33319,16,Very Satisfied
33320,14,NA
33321,12,Very Satisfied
33322,16,Very Satisfied
33323,18,Very Satisfied
33324,12,Mod. Satisfied
33325,18,Mod. Satisfied
33326,16,Mod. Satisfied
33327,16,Very Satisfied
33328,15,Mod. Satisfied
33329,12,A Little Dissat
33330,12,NA
33331,17,Mod. Satisfied
33332,12,Very Satisfied
33333,12,NA
33334,16,Mod. Satisfied
33335,16,Mod. Satisfied
33336,13,Very Satisfied
33337,12,NA
33338,12,Mod. Satisfied
33339,12,A Little Dissat
33340,4,NA
33341,12,Mod. Satisfied
33342,12,Very Satisfied
33343,14,A Little Dissat
33344,9,Mod. Satisfied
33345,20,A Little Dissat
33346,14,NA
33347,19,Mod. Satisfied
33348,12,NA
33349,13,Mod. Satisfied
33350,16,Mod. Satisfied
33351,16,Mod. Satisfied
33352,17,NA
33353,14,A Little Dissat
33354,18,Very Satisfied
33355,16,Mod. Satisfied
33356,14,Very Dissatisfied
33357,17,Very Satisfied
33358,16,NA
33359,13,A Little Dissat
33360,16,NA
33361,12,Very Satisfied
33362,12,Very Satisfied
33363,17,Mod. Satisfied
33364,16,NA
33365,16,Mod. Satisfied
33366,17,Very Satisfied
33367,12,Mod. Satisfied
33368,17,Very Satisfied
33369,12,NA
33370,16,Mod. Satisfied
33371,18,NA
33372,14,Mod. Satisfied
33373,12,Mod. Satisfied
33374,13,Very Satisfied
33375,14,Very Satisfied
33376,12,Very Satisfied
33377,16,Very Satisfied
33378,14,A Little Dissat
33379,9,A Little Dissat
33380,12,NA
33381,16,Very Satisfied
33382,16,Very Dissatisfied
33383,15,Very Satisfied
33384,12,Mod. Satisfied
33385,11,Mod. Satisfied
33386,13,Mod. Satisfied
33387,12,Very Satisfied
33388,13,Mod. Satisfied
33389,17,Mod. Satisfied
33390,13,A Little Dissat
33391,16,Mod. Satisfied
33392,16,Very Satisfied
33393,12,Very Satisfied
33394,20,Very Satisfied
33395,15,NA
33396,13,NA
33397,15,Mod. Satisfied
33398,6,NA
33399,8,NA
33400,12,NA
33401,12,Mod. Satisfied
33402,9,NA
33403,12,NA
33404,12,Very Satisfied
33405,14,Very Satisfied
33406,12,Mod. Satisfied
33407,10,Very Dissatisfied
33408,12,Mod. Satisfied
33409,16,Very Satisfied
33410,14,Very Satisfied
33411,12,NA
33412,11,Very Satisfied
33413,11,Mod. Satisfied
33414,18,Very Satisfied
33415,15,Very Satisfied
33416,11,A Little Dissat
33417,12,Mod. Satisfied
33418,17,Mod. Satisfied
33419,17,Very Satisfied
33420,12,NA
33421,16,Very Satisfied
33422,12,Mod. Satisfied
33423,14,Mod. Satisfied
33424,12,Very Satisfied
33425,13,A Little Dissat
33426,16,A Little Dissat
33427,16,Mod. Satisfied
33428,12,Very Satisfied
33429,12,Very Satisfied
33430,16,Very Satisfied
33431,12,Very Satisfied
33432,12,Mod. Satisfied
33433,17,Mod. Satisfied
33434,13,A Little Dissat
33435,13,Very Satisfied
33436,12,A Little Dissat
33437,12,Very Satisfied
33438,12,Mod. Satisfied
33439,18,Very Satisfied
33440,16,Very Satisfied
33441,20,Very Satisfied
33442,17,A Little Dissat
33443,13,Mod. Satisfied
33444,10,Very Dissatisfied
33445,11,NA
33446,12,Very Satisfied
33447,17,Mod. Satisfied
33448,13,Mod. Satisfied
33449,9,Very Satisfied
33450,12,Mod. Satisfied
33451,9,NA
33452,15,Very Satisfied
33453,8,Very Satisfied
33454,12,A Little Dissat
33455,11,Very Satisfied
33456,12,Mod. Satisfied
33457,13,Very Satisfied
33458,14,Very Satisfied
33459,14,Very Satisfied
33460,14,Very Satisfied
33461,12,NA
33462,13,NA
33463,10,NA
33464,12,Very Satisfied
33465,18,Very Satisfied
33466,12,Mod. Satisfied
33467,18,Very Satisfied
33468,20,Very Satisfied
33469,18,Very Satisfied
33470,12,Mod. Satisfied
33471,14,Very Satisfied
33472,12,Very Satisfied
33473,14,Mod. Satisfied
33474,12,NA
33475,12,NA
33476,12,Very Satisfied
33477,12,Very Satisfied
33478,13,Mod. Satisfied
33479,10,NA
33480,12,Very Satisfied
33481,12,Mod. Satisfied
33482,11,A Little Dissat
33483,17,NA
33484,15,NA
33485,12,Very Satisfied
33486,12,Very Satisfied
33487,12,NA
33488,16,NA
33489,15,NA
33490,12,NA
33491,16,Mod. Satisfied
33492,9,Very Dissatisfied
33493,13,A Little Dissat
33494,12,Very Satisfied
33495,8,NA
33496,14,Mod. Satisfied
33497,14,Mod. Satisfied
33498,19,Very Satisfied
33499,12,Very Satisfied
33500,15,Mod. Satisfied
33501,5,NA
33502,10,NA
33503,9,Mod. Satisfied
33504,10,NA
33505,12,Mod. Satisfied
33506,14,Very Satisfied
33507,8,Mod. Satisfied
33508,14,Very Satisfied
33509,12,Mod. Satisfied
33510,14,Very Satisfied
33511,9,NA
33512,13,Very Satisfied
33513,15,Mod. Satisfied
33514,13,Very Satisfied
33515,12,NA
33516,14,Mod. Satisfied
33517,16,Very Satisfied
33518,13,Mod. Satisfied
33519,18,Mod. Satisfied
33520,13,Mod. Satisfied
33521,12,NA
33522,12,Very Satisfied
33523,16,Very Satisfied
33524,12,Mod. Satisfied
33525,16,Mod. Satisfied
33526,12,NA
33527,14,Mod. Satisfied
33528,16,Very Satisfied
33529,12,Very Satisfied
33530,13,Very Satisfied
33531,14,NA
33532,14,A Little Dissat
33533,12,Very Satisfied
33534,12,A Little Dissat
33535,10,Mod. Satisfied
33536,14,Very Satisfied
33537,14,Very Satisfied
33538,12,Very Satisfied
33539,8,Mod. Satisfied
33540,11,Very Satisfied
33541,12,Very Satisfied
33542,13,A Little Dissat
33543,12,Very Satisfied
33544,9,Mod. Satisfied
33545,13,Mod. Satisfied
33546,12,Mod. Satisfied
33547,12,A Little Dissat
33548,15,Very Satisfied
33549,12,Mod. Satisfied
33550,12,Mod. Satisfied
33551,10,NA
33552,12,Very Satisfied
33553,16,Very Satisfied
33554,16,Very Satisfied
33555,18,Very Satisfied
33556,16,Very Satisfied
33557,16,Very Satisfied
33558,11,Very Satisfied
33559,12,NA
33560,12,Mod. Satisfied
33561,10,NA
33562,12,Mod. Satisfied
33563,8,NA
33564,8,NA
33565,18,Very Satisfied
33566,12,NA
33567,12,Mod. Satisfied
33568,12,Very Dissatisfied
33569,12,Mod. Satisfied
33570,12,NA
33571,12,NA
33572,11,NA
33573,12,Mod. Satisfied
33574,11,Very Satisfied
33575,12,Very Satisfied
33576,11,NA
33577,15,Very Satisfied
33578,11,Mod. Satisfied
33579,11,Very Satisfied
33580,12,A Little Dissat
33581,15,Very Satisfied
33582,17,Very Satisfied
33583,12,A Little Dissat
33584,12,Mod. Satisfied
33585,17,Mod. Satisfied
33586,13,Very Satisfied
33587,14,Very Satisfied
33588,14,Very Dissatisfied
33589,12,Mod. Satisfied
33590,12,Mod. Satisfied
33591,12,Very Satisfied
33592,8,NA
33593,12,Mod. Satisfied
33594,10,Very Satisfied
33595,14,Very Satisfied
33596,14,Very Satisfied
33597,6,Mod. Satisfied
33598,16,Mod. Satisfied
33599,12,Very Satisfied
33600,13,A Little Dissat
33601,12,Very Satisfied
33602,12,Mod. Satisfied
33603,15,Mod. Satisfied
33604,18,NA
33605,14,NA
33606,13,Mod. Satisfied
33607,9,Very Satisfied
33608,13,NA
33609,12,Very Satisfied
33610,11,Very Dissatisfied
33611,17,Mod. Satisfied
33612,13,Very Satisfied
33613,8,Mod. Satisfied
33614,14,Very Satisfied
33615,11,Mod. Satisfied
33616,11,Mod. Satisfied
33617,16,Very Dissatisfied
33618,16,NA
33619,12,Mod. Satisfied
33620,13,Mod. Satisfied
33621,12,Mod. Satisfied
33622,13,A Little Dissat
33623,13,A Little Dissat
33624,12,NA
33625,12,Very Satisfied
33626,11,NA
33627,12,NA
33628,12,Mod. Satisfied
33629,12,NA
33630,19,Very Satisfied
33631,12,A Little Dissat
33632,12,Very Satisfied
33633,12,Mod. Satisfied
33634,16,Very Satisfied
33635,15,Very Satisfied
33636,17,Very Satisfied
33637,12,Very Dissatisfied
33638,13,Mod. Satisfied
33639,14,Mod. Satisfied
33640,15,Very Satisfied
33641,12,A Little Dissat
33642,12,A Little Dissat
33643,12,NA
33644,11,NA
33645,9,NA
33646,12,Mod. Satisfied
33647,12,Mod. Satisfied
33648,12,NA
33649,18,Very Satisfied
33650,13,A Little Dissat
33651,18,Very Satisfied
33652,17,Mod. Satisfied
33653,12,Very Satisfied
33654,16,Very Satisfied
33655,14,NA
33656,12,Mod. Satisfied
33657,15,Mod. Satisfied
33658,14,Very Satisfied
33659,18,Very Satisfied
33660,20,Very Satisfied
33661,12,Very Satisfied
33662,16,Mod. Satisfied
33663,19,Very Dissatisfied
33664,16,A Little Dissat
33665,12,Mod. Satisfied
33666,18,Mod. Satisfied
33667,11,Very Satisfied
33668,20,Mod. Satisfied
33669,17,Very Satisfied
33670,16,Very Satisfied
33671,14,Mod. Satisfied
33672,11,Very Satisfied
33673,9,Very Satisfied
33674,17,Very Satisfied
33675,12,A Little Dissat
33676,12,Very Satisfied
33677,16,Very Satisfied
33678,14,A Little Dissat
33679,11,NA
33680,16,Mod. Satisfied
33681,12,Mod. Satisfied
33682,11,NA
33683,12,NA
33684,13,Mod. Satisfied
33685,12,Very Dissatisfied
33686,15,Very Satisfied
33687,12,Mod. Satisfied
33688,13,Mod. Satisfied
33689,12,Mod. Satisfied
33690,8,NA
33691,13,Mod. Satisfied
33692,12,A Little Dissat
33693,13,Very Satisfied
33694,12,NA
33695,14,Mod. Satisfied
33696,16,A Little Dissat
33697,13,Mod. Satisfied
33698,12,A Little Dissat
33699,13,Very Satisfied
33700,7,Mod. Satisfied
33701,12,Very Satisfied
33702,12,Mod. Satisfied
33703,12,Mod. Satisfied
33704,11,NA
33705,14,Very Satisfied
33706,12,NA
33707,10,Very Satisfied
33708,12,Very Satisfied
33709,12,Mod. Satisfied
33710,12,Mod. Satisfied
33711,12,Very Satisfied
33712,12,Very Satisfied
33713,10,Mod. Satisfied
33714,12,Very Satisfied
33715,16,Very Satisfied
33716,12,NA
33717,14,Mod. Satisfied
33718,13,Mod. Satisfied
33719,16,Very Satisfied
33720,12,NA
33721,18,Very Satisfied
33722,10,Very Satisfied
33723,16,Very Satisfied
33724,15,NA
33725,12,NA
33726,12,NA
33727,8,NA
33728,12,Very Satisfied
33729,3,NA
33730,12,Mod. Satisfied
33731,16,Very Satisfied
33732,16,A Little Dissat
33733,20,Very Satisfied
33734,16,Very Satisfied
33735,15,A Little Dissat
33736,12,NA
33737,18,Very Dissatisfied
33738,20,NA
33739,20,Very Satisfied
33740,17,Very Dissatisfied
33741,19,Mod. Satisfied
33742,17,Very Satisfied
33743,16,Very Satisfied
33744,16,Very Satisfied
33745,18,Mod. Satisfied
33746,16,Very Satisfied
33747,20,Very Satisfied
33748,18,Very Satisfied
33749,19,A Little Dissat
33750,15,Very Satisfied
33751,15,Mod. Satisfied
33752,14,Mod. Satisfied
33753,12,Mod. Satisfied
33754,10,Mod. Satisfied
33755,13,A Little Dissat
33756,12,Mod. Satisfied
33757,16,A Little Dissat
33758,12,Mod. Satisfied
33759,13,Very Satisfied
33760,19,Very Satisfied
33761,12,Mod. Satisfied
33762,15,Mod. Satisfied
33763,12,Mod. Satisfied
33764,5,NA
33765,12,Very Satisfied
33766,15,Mod. Satisfied
33767,16,Very Satisfied
33768,16,Mod. Satisfied
33769,18,Mod. Satisfied
33770,18,Mod. Satisfied
33771,15,Very Satisfied
33772,15,Mod. Satisfied
33773,13,Very Satisfied
33774,15,Mod. Satisfied
33775,16,Mod. Satisfied
33776,19,Very Satisfied
33777,14,Very Satisfied
33778,14,Mod. Satisfied
33779,12,Very Satisfied
33780,12,NA
33781,12,Very Satisfied
33782,13,NA
33783,13,Very Satisfied
33784,12,Very Satisfied
33785,15,A Little Dissat
33786,20,Very Satisfied
33787,17,Very Satisfied
33788,15,Very Satisfied
33789,18,NA
33790,20,Very Satisfied
33791,12,NA
33792,8,Very Satisfied
33793,11,Very Dissatisfied
33794,13,Mod. Satisfied
33795,12,NA
33796,20,NA
33797,20,Very Satisfied
33798,14,NA
33799,12,A Little Dissat
33800,16,Very Satisfied
33801,17,Mod. Satisfied
33802,12,A Little Dissat
33803,16,Mod. Satisfied
33804,14,Mod. Satisfied
33805,16,Mod. Satisfied
33806,16,Mod. Satisfied
33807,12,Very Satisfied
33808,6,Mod. Satisfied
33809,16,Very Dissatisfied
33810,14,NA
33811,12,Very Satisfied
33812,14,NA
33813,12,Mod. Satisfied
33814,16,Very Satisfied
33815,10,Mod. Satisfied
33816,12,Mod. Satisfied
33817,11,Mod. Satisfied
33818,12,Very Satisfied
33819,12,Very Satisfied
33820,15,NA
33821,12,Mod. Satisfied
33822,16,Very Satisfied
33823,12,NA
33824,12,NA
33825,14,Mod. Satisfied
33826,11,Mod. Satisfied
33827,13,Very Satisfied
33828,12,Very Satisfied
33829,20,Very Satisfied
33830,15,Very Satisfied
33831,16,Very Satisfied
33832,12,Mod. Satisfied
33833,12,NA
33834,18,Very Satisfied
33835,12,Mod. Satisfied
33836,12,Very Satisfied
33837,12,Very Satisfied
33838,13,NA
33839,9,Very Satisfied
33840,18,NA
33841,11,Mod. Satisfied
33842,12,Mod. Satisfied
33843,14,A Little Dissat
33844,13,Very Satisfied
33845,16,Mod. Satisfied
33846,13,Very Satisfied
33847,16,Mod. Satisfied
33848,17,Very Satisfied
33849,13,NA
33850,18,Mod. Satisfied
33851,14,NA
33852,16,Mod. Satisfied
33853,17,Mod. Satisfied
33854,16,Mod. Satisfied
33855,12,Mod. Satisfied
33856,13,Mod. Satisfied
33857,20,NA
33858,NA,Mod. Satisfied
33859,16,NA
33860,17,Mod. Satisfied
33861,12,NA
33862,14,Mod. Satisfied
33863,12,Mod. Satisfied
33864,13,Mod. Satisfied
33865,16,Very Satisfied
33866,13,Very Satisfied
33867,12,A Little Dissat
33868,14,Mod. Satisfied
33869,8,Very Satisfied
33870,9,A Little Dissat
33871,12,Very Satisfied
33872,10,Mod. Satisfied
33873,12,Mod. Satisfied
33874,12,NA
33875,13,Very Satisfied
33876,12,Mod. Satisfied
33877,9,Mod. Satisfied
33878,12,Very Satisfied
33879,12,Mod. Satisfied
33880,16,A Little Dissat
33881,4,NA
33882,18,Mod. Satisfied
33883,NA,Very Satisfied
33884,11,Mod. Satisfied
33885,12,Mod. Satisfied
33886,17,Mod. Satisfied
33887,12,Mod. Satisfied
33888,11,Very Satisfied
33889,14,Mod. Satisfied
33890,12,Mod. Satisfied
33891,12,Very Dissatisfied
33892,11,Mod. Satisfied
33893,16,Very Satisfied
33894,7,Very Satisfied
33895,16,NA
33896,12,Mod. Satisfied
33897,12,NA
33898,13,NA
33899,13,Very Satisfied
33900,14,NA
33901,17,Very Satisfied
33902,13,NA
33903,16,Mod. Satisfied
33904,18,Very Satisfied
33905,14,NA
33906,15,Mod. Satisfied
33907,12,NA
33908,15,NA
33909,17,Mod. Satisfied
33910,12,Very Dissatisfied
33911,16,Very Satisfied
33912,12,Very Satisfied
33913,12,NA
33914,12,Very Satisfied
33915,12,NA
33916,12,Very Satisfied
33917,9,NA
33918,16,Mod. Satisfied
33919,6,Very Satisfied
33920,NA,NA
33921,12,Very Satisfied
33922,12,Very Satisfied
33923,8,NA
33924,20,Very Dissatisfied
33925,18,Very Satisfied
33926,11,Very Satisfied
33927,16,Very Satisfied
33928,13,NA
33929,14,Mod. Satisfied
33930,16,Very Satisfied
33931,10,NA
33932,10,NA
33933,10,Very Satisfied
33934,8,Very Satisfied
33935,15,Mod. Satisfied
33936,14,Very Satisfied
33937,14,Mod. Satisfied
33938,14,Very Satisfied
33939,9,Very Satisfied
33940,9,NA
33941,14,Very Satisfied
33942,12,NA
33943,13,Very Satisfied
33944,14,Mod. Satisfied
33945,12,Very Satisfied
33946,13,A Little Dissat
33947,14,Very Satisfied
33948,16,A Little Dissat
33949,19,Very Satisfied
33950,14,A Little Dissat
33951,15,Mod. Satisfied
33952,7,NA
33953,11,Very Satisfied
33954,16,A Little Dissat
33955,12,NA
33956,12,NA
33957,14,Mod. Satisfied
33958,13,Very Satisfied
33959,13,Mod. Satisfied
33960,9,Very Satisfied
33961,13,Very Satisfied
33962,14,A Little Dissat
33963,12,Mod. Satisfied
33964,16,Very Satisfied
33965,18,Very Satisfied
33966,20,Mod. Satisfied
33967,17,NA
33968,18,NA
33969,14,Very Satisfied
33970,12,Mod. Satisfied
33971,17,NA
33972,20,NA
33973,13,Mod. Satisfied
33974,16,A Little Dissat
33975,16,NA
33976,15,Very Satisfied
33977,12,Mod. Satisfied
33978,12,Mod. Satisfied
33979,12,Very Satisfied
33980,13,Very Satisfied
33981,12,Mod. Satisfied
33982,14,Very Satisfied
33983,13,Very Satisfied
33984,17,Mod. Satisfied
33985,12,Mod. Satisfied
33986,12,Mod. Satisfied
33987,14,Mod. Satisfied
33988,12,Very Satisfied
33989,12,Very Dissatisfied
33990,13,Very Satisfied
33991,11,Very Satisfied
33992,16,Very Satisfied
33993,10,Very Satisfied
33994,9,Very Satisfied
33995,14,Very Satisfied
33996,16,Mod. Satisfied
33997,12,Mod. Satisfied
33998,20,NA
33999,14,Very Satisfied
34000,14,Very Dissatisfied
34001,13,NA
34002,16,Very Satisfied
34003,14,Very Satisfied
34004,16,Very Satisfied
34005,14,NA
34006,14,Mod. Satisfied
34007,20,A Little Dissat
34008,12,A Little Dissat
34009,12,Very Dissatisfied
34010,14,Mod. Satisfied
34011,16,Mod. Satisfied
34012,15,Very Satisfied
34013,12,Mod. Satisfied
34014,14,Mod. Satisfied
34015,13,Very Satisfied
34016,17,Very Satisfied
34017,12,Mod. Satisfied
34018,14,Mod. Satisfied
34019,16,Very Satisfied
34020,16,Mod. Satisfied
34021,12,Very Satisfied
34022,15,Very Satisfied
34023,19,Very Satisfied
34024,16,NA
34025,16,Very Satisfied
34026,16,Very Satisfied
34027,18,Very Satisfied
34028,16,A Little Dissat
34029,12,Very Satisfied
34030,18,Very Satisfied
34031,14,Very Satisfied
34032,9,NA
34033,15,Mod. Satisfied
34034,12,NA
34035,10,Very Satisfied
34036,14,Very Dissatisfied
34037,16,NA
34038,14,Mod. Satisfied
34039,13,Mod. Satisfied
34040,16,Very Satisfied
34041,13,Mod. Satisfied
34042,10,NA
34043,9,Very Satisfied
34044,18,NA
34045,18,A Little Dissat
34046,13,Mod. Satisfied
34047,11,NA
34048,16,Very Satisfied
34049,15,NA
34050,11,Mod. Satisfied
34051,16,Very Satisfied
34052,16,Very Satisfied
34053,12,Very Dissatisfied
34054,12,Mod. Satisfied
34055,18,Very Dissatisfied
34056,14,Mod. Satisfied
34057,14,Very Satisfied
34058,14,Mod. Satisfied
34059,12,NA
34060,10,NA
34061,8,NA
34062,13,Mod. Satisfied
34063,13,Mod. Satisfied
34064,13,NA
34065,13,Mod. Satisfied
34066,11,Very Satisfied
34067,16,Mod. Satisfied
34068,11,NA
34069,12,A Little Dissat
34070,13,NA
34071,9,NA
34072,10,A Little Dissat
34073,17,Very Satisfied
34074,14,A Little Dissat
34075,11,NA
34076,12,Mod. Satisfied
34077,12,Very Satisfied
34078,14,NA
34079,13,NA
34080,7,NA
34081,11,Mod. Satisfied
34082,12,NA
34083,13,Mod. Satisfied
34084,9,NA
34085,13,Very Satisfied
34086,12,Very Dissatisfied
34087,12,A Little Dissat
34088,13,Mod. Satisfied
34089,14,Very Satisfied
34090,14,Very Satisfied
34091,15,Very Satisfied
34092,14,Very Satisfied
34093,14,Very Satisfied
34094,14,Mod. Satisfied
34095,13,Mod. Satisfied
34096,14,NA
34097,12,NA
34098,13,Very Satisfied
34099,12,Very Satisfied
34100,6,NA
34101,12,Very Satisfied
34102,13,NA
34103,12,Mod. Satisfied
34104,5,NA
34105,12,Very Satisfied
34106,13,Very Satisfied
34107,12,Very Satisfied
34108,8,Mod. Satisfied
34109,14,Mod. Satisfied
34110,12,NA
34111,12,Very Satisfied
34112,12,Very Satisfied
34113,8,Very Satisfied
34114,8,Mod. Satisfied
34115,12,NA
34116,13,Very Satisfied
34117,9,Mod. Satisfied
34118,9,NA
34119,16,Mod. Satisfied
34120,16,Very Satisfied
34121,12,NA
34122,12,Mod. Satisfied
34123,17,Mod. Satisfied
34124,14,NA
34125,13,A Little Dissat
34126,13,NA
34127,12,Very Dissatisfied
34128,14,Very Satisfied
34129,12,Mod. Satisfied
34130,10,Mod. Satisfied
34131,12,Very Satisfied
34132,8,NA
34133,12,A Little Dissat
34134,12,Very Satisfied
34135,13,Very Satisfied
34136,10,Very Satisfied
34137,12,Mod. Satisfied
34138,13,Very Satisfied
34139,14,Very Satisfied
34140,10,Very Satisfied
34141,14,Very Satisfied
34142,14,A Little Dissat
34143,NA,Very Satisfied
34144,13,Mod. Satisfied
34145,12,Very Satisfied
34146,12,A Little Dissat
34147,12,Very Satisfied
34148,16,Mod. Satisfied
34149,16,Very Satisfied
34150,12,Very Satisfied
34151,18,Mod. Satisfied
34152,16,Mod. Satisfied
34153,12,A Little Dissat
34154,15,Mod. Satisfied
34155,15,Very Satisfied
34156,16,Mod. Satisfied
34157,13,Mod. Satisfied
34158,18,Very Satisfied
34159,16,Mod. Satisfied
34160,12,Very Satisfied
34161,12,Mod. Satisfied
34162,14,Very Satisfied
34163,18,Mod. Satisfied
34164,16,Mod. Satisfied
34165,15,Mod. Satisfied
34166,12,Mod. Satisfied
34167,12,NA
34168,12,A Little Dissat
34169,13,NA
34170,7,NA
34171,15,Mod. Satisfied
34172,12,Very Satisfied
34173,13,Very Satisfied
34174,12,Mod. Satisfied
34175,11,Very Satisfied
34176,14,NA
34177,10,Very Satisfied
34178,13,NA
34179,11,Very Satisfied
34180,13,Mod. Satisfied
34181,12,Very Satisfied
34182,12,Very Satisfied
34183,16,Very Satisfied
34184,8,Mod. Satisfied
34185,13,Very Satisfied
34186,12,Mod. Satisfied
34187,12,Mod. Satisfied
34188,12,Very Satisfied
34189,13,Mod. Satisfied
34190,12,Very Satisfied
34191,18,Very Satisfied
34192,12,Very Satisfied
34193,15,Very Satisfied
34194,12,NA
34195,12,Mod. Satisfied
34196,11,Mod. Satisfied
34197,12,Very Satisfied
34198,12,NA
34199,11,Mod. Satisfied
34200,12,NA
34201,12,Very Satisfied
34202,16,A Little Dissat
34203,19,Mod. Satisfied
34204,18,Very Satisfied
34205,14,Mod. Satisfied
34206,8,NA
34207,13,Very Satisfied
34208,18,NA
34209,12,NA
34210,12,Very Satisfied
34211,14,NA
34212,12,NA
34213,16,Very Satisfied
34214,15,Mod. Satisfied
34215,14,Very Satisfied
34216,12,A Little Dissat
34217,18,NA
34218,12,Mod. Satisfied
34219,15,NA
34220,8,NA
34221,12,Very Satisfied
34222,18,Very Dissatisfied
34223,14,Mod. Satisfied
34224,12,Very Satisfied
34225,15,Very Satisfied
34226,11,Mod. Satisfied
34227,12,Mod. Satisfied
34228,12,Very Satisfied
34229,16,Mod. Satisfied
34230,12,A Little Dissat
34231,15,Mod. Satisfied
34232,15,Very Satisfied
34233,16,Mod. Satisfied
34234,13,Mod. Satisfied
34235,12,Mod. Satisfied
34236,12,Very Satisfied
34237,12,Mod. Satisfied
34238,10,A Little Dissat
34239,18,NA
34240,15,Mod. Satisfied
34241,11,Mod. Satisfied
34242,9,Very Satisfied
34243,12,Mod. Satisfied
34244,12,Very Satisfied
34245,9,NA
34246,12,Very Satisfied
34247,12,Very Satisfied
34248,9,Mod. Satisfied
34249,11,Very Dissatisfied
34250,9,Very Satisfied
34251,10,Mod. Satisfied
34252,12,Very Satisfied
34253,12,Very Satisfied
34254,14,Mod. Satisfied
34255,13,Very Dissatisfied
34256,16,Very Satisfied
34257,12,Mod. Satisfied
34258,12,Mod. Satisfied
34259,12,Very Satisfied
34260,14,Very Satisfied
34261,12,Very Satisfied
34262,11,Very Satisfied
34263,11,Mod. Satisfied
34264,14,Very Satisfied
34265,12,NA
34266,15,NA
34267,12,NA
34268,12,Mod. Satisfied
34269,15,Very Satisfied
34270,11,Mod. Satisfied
34271,9,Mod. Satisfied
34272,12,NA
34273,16,NA
34274,11,Very Satisfied
34275,16,A Little Dissat
34276,20,A Little Dissat
34277,16,Very Satisfied
34278,12,Mod. Satisfied
34279,11,Very Satisfied
34280,17,Very Satisfied
34281,12,A Little Dissat
34282,12,A Little Dissat
34283,14,Mod. Satisfied
34284,10,A Little Dissat
34285,14,Mod. Satisfied
34286,12,NA
34287,0,NA
34288,11,Mod. Satisfied
34289,8,NA
34290,10,NA
34291,14,Very Satisfied
34292,12,NA
34293,7,NA
34294,12,A Little Dissat
34295,17,Very Satisfied
34296,17,Mod. Satisfied
34297,11,NA
34298,12,Mod. Satisfied
34299,16,Mod. Satisfied
34300,12,Very Satisfied
34301,12,Very Satisfied
34302,11,NA
34303,19,Very Satisfied
34304,10,Very Satisfied
34305,20,Very Satisfied
34306,16,Mod. Satisfied
34307,15,Very Satisfied
34308,12,Very Dissatisfied
34309,16,Mod. Satisfied
34310,14,Mod. Satisfied
34311,19,Mod. Satisfied
34312,18,Mod. Satisfied
34313,12,NA
34314,16,Very Satisfied
34315,14,Very Satisfied
34316,14,Mod. Satisfied
34317,16,Very Satisfied
34318,14,Mod. Satisfied
34319,12,Mod. Satisfied
34320,12,Very Satisfied
34321,16,Very Satisfied
34322,13,Very Dissatisfied
34323,16,Very Satisfied
34324,13,Very Satisfied
34325,14,NA
34326,19,Mod. Satisfied
34327,14,Very Satisfied
34328,11,NA
34329,11,Very Satisfied
34330,16,NA
34331,10,Very Satisfied
34332,20,Very Satisfied
34333,13,Mod. Satisfied
34334,14,NA
34335,14,Mod. Satisfied
34336,16,NA
34337,13,Mod. Satisfied
34338,15,Very Satisfied
34339,18,Very Satisfied
34340,8,Very Satisfied
34341,13,Very Satisfied
34342,16,A Little Dissat
34343,14,Very Satisfied
34344,14,Very Satisfied
34345,15,NA
34346,14,Mod. Satisfied
34347,15,Very Satisfied
34348,11,Very Satisfied
34349,19,Very Satisfied
34350,11,Very Satisfied
34351,11,Very Satisfied
34352,12,Mod. Satisfied
34353,13,Mod. Satisfied
34354,12,Very Satisfied
34355,10,Mod. Satisfied
34356,12,Very Satisfied
34357,14,Very Satisfied
34358,12,Very Satisfied
34359,12,Very Satisfied
34360,15,Very Satisfied
34361,13,Very Satisfied
34362,12,Mod. Satisfied
34363,12,Mod. Satisfied
34364,15,Very Satisfied
34365,12,Very Satisfied
34366,9,Mod. Satisfied
34367,7,Mod. Satisfied
34368,12,Mod. Satisfied
34369,13,A Little Dissat
34370,14,Very Satisfied
34371,12,NA
34372,19,Very Satisfied
34373,14,Very Dissatisfied
34374,16,Mod. Satisfied
34375,18,Very Satisfied
34376,17,Very Satisfied
34377,12,Mod. Satisfied
34378,20,Very Satisfied
34379,18,Very Satisfied
34380,15,Very Satisfied
34381,11,Very Satisfied
34382,15,Very Satisfied
34383,12,Very Satisfied
34384,12,Very Satisfied
34385,16,A Little Dissat
34386,13,Very Satisfied
34387,18,Mod. Satisfied
34388,13,NA
34389,12,Very Satisfied
34390,14,Very Dissatisfied
34391,10,Mod. Satisfied
34392,8,NA
34393,14,Very Satisfied
34394,16,Mod. Satisfied
34395,14,Very Satisfied
34396,12,NA
34397,17,NA
34398,14,NA
34399,12,Very Satisfied
34400,12,Very Satisfied
34401,16,Very Satisfied
34402,13,Very Satisfied
34403,17,NA
34404,17,Mod. Satisfied
34405,12,A Little Dissat
34406,16,Mod. Satisfied
34407,13,NA
34408,20,Very Satisfied
34409,16,Mod. Satisfied
34410,13,Mod. Satisfied
34411,17,Mod. Satisfied
34412,16,Mod. Satisfied
34413,12,NA
34414,12,Very Satisfied
34415,12,A Little Dissat
34416,12,NA
34417,12,Very Satisfied
34418,11,NA
34419,0,Very Satisfied
34420,13,Mod. Satisfied
34421,12,NA
34422,10,A Little Dissat
34423,15,NA
34424,16,A Little Dissat
34425,16,NA
34426,14,Mod. Satisfied
34427,20,Mod. Satisfied
34428,17,Mod. Satisfied
34429,16,Very Satisfied
34430,12,Very Satisfied
34431,20,Very Satisfied
34432,20,Mod. Satisfied
34433,15,NA
34434,11,NA
34435,13,Mod. Satisfied
34436,13,NA
34437,17,Very Satisfied
34438,15,A Little Dissat
34439,12,Mod. Satisfied
34440,12,Very Satisfied
34441,10,Very Satisfied
34442,13,Mod. Satisfied
34443,13,Very Satisfied
34444,12,NA
34445,13,Very Satisfied
34446,14,Mod. Satisfied
34447,12,A Little Dissat
34448,12,Very Satisfied
34449,12,Mod. Satisfied
34450,15,Mod. Satisfied
34451,16,Mod. Satisfied
34452,13,NA
34453,14,Mod. Satisfied
34454,18,Mod. Satisfied
34455,14,Very Satisfied
34456,17,Mod. Satisfied
34457,18,Very Satisfied
34458,16,Very Satisfied
34459,12,Very Satisfied
34460,8,Mod. Satisfied
34461,14,Very Satisfied
34462,12,A Little Dissat
34463,10,Mod. Satisfied
34464,18,Mod. Satisfied
34465,13,Very Satisfied
34466,20,A Little Dissat
34467,14,Mod. Satisfied
34468,16,A Little Dissat
34469,19,Mod. Satisfied
34470,13,Very Satisfied
34471,18,Very Satisfied
34472,16,Mod. Satisfied
34473,18,Mod. Satisfied
34474,12,NA
34475,19,Mod. Satisfied
34476,16,Very Satisfied
34477,18,Very Satisfied
34478,20,A Little Dissat
34479,11,Mod. Satisfied
34480,12,Very Satisfied
34481,14,Very Satisfied
34482,13,Very Satisfied
34483,13,Very Satisfied
34484,17,NA
34485,12,Mod. Satisfied
34486,16,A Little Dissat
34487,15,NA
34488,7,Mod. Satisfied
34489,12,Very Satisfied
34490,20,NA
34491,12,Very Satisfied
34492,14,Mod. Satisfied
34493,20,NA
34494,16,A Little Dissat
34495,18,Very Satisfied
34496,8,NA
34497,12,NA
34498,13,Mod. Satisfied
34499,13,Very Satisfied
34500,12,Very Dissatisfied
34501,18,NA
34502,14,Mod. Satisfied
34503,14,A Little Dissat
34504,12,Mod. Satisfied
34505,14,Very Satisfied
34506,18,Very Satisfied
34507,14,Mod. Satisfied
34508,16,Very Satisfied
34509,16,Mod. Satisfied
34510,13,NA
34511,15,NA
34512,12,Mod. Satisfied
34513,12,NA
34514,13,Very Satisfied
34515,12,Very Satisfied
34516,12,Very Satisfied
34517,15,Very Satisfied
34518,14,NA
34519,12,Very Satisfied
34520,16,Very Satisfied
34521,13,NA
34522,14,A Little Dissat
34523,14,Very Satisfied
34524,10,NA
34525,12,Mod. Satisfied
34526,12,Mod. Satisfied
34527,13,Very Satisfied
34528,13,Very Satisfied
34529,13,Mod. Satisfied
34530,11,Mod. Satisfied
34531,12,Mod. Satisfied
34532,18,Very Satisfied
34533,19,Very Satisfied
34534,8,Very Satisfied
34535,12,Very Satisfied
34536,12,Very Dissatisfied
34537,10,NA
34538,13,NA
34539,12,NA
34540,15,A Little Dissat
34541,12,Very Dissatisfied
34542,12,Very Dissatisfied
34543,12,A Little Dissat
34544,20,Mod. Satisfied
34545,14,A Little Dissat
34546,12,Mod. Satisfied
34547,13,Mod. Satisfied
34548,15,Very Satisfied
34549,12,Very Satisfied
34550,12,Mod. Satisfied
34551,11,A Little Dissat
34552,16,Very Satisfied
34553,13,Mod. Satisfied
34554,14,Very Satisfied
34555,14,NA
34556,9,NA
34557,12,Very Dissatisfied
34558,13,Very Satisfied
34559,12,Mod. Satisfied
34560,12,Mod. Satisfied
34561,15,Very Satisfied
34562,13,Mod. Satisfied
34563,17,Very Satisfied
34564,12,Very Satisfied
34565,11,NA
34566,12,Mod. Satisfied
34567,14,Very Satisfied
34568,16,Mod. Satisfied
34569,14,Mod. Satisfied
34570,18,Mod. Satisfied
34571,14,Mod. Satisfied
34572,20,Mod. Satisfied
34573,16,Very Satisfied
34574,18,Mod. Satisfied
34575,12,Very Dissatisfied
34576,15,NA
34577,18,Very Satisfied
34578,12,Very Satisfied
34579,12,Mod. Satisfied
34580,17,Very Dissatisfied
34581,18,A Little Dissat
34582,20,A Little Dissat
34583,12,Very Satisfied
34584,13,Mod. Satisfied
34585,14,Mod. Satisfied
34586,17,Very Satisfied
34587,8,Very Satisfied
34588,12,Very Satisfied
34589,15,Mod. Satisfied
34590,10,Very Dissatisfied
34591,18,A Little Dissat
34592,12,NA
34593,12,NA
34594,15,Very Satisfied
34595,9,NA
34596,8,Mod. Satisfied
34597,13,Very Satisfied
34598,11,Very Satisfied
34599,16,NA
34600,15,Mod. Satisfied
34601,12,Mod. Satisfied
34602,16,Mod. Satisfied
34603,12,Very Satisfied
34604,16,Very Dissatisfied
34605,14,A Little Dissat
34606,16,Mod. Satisfied
34607,15,Very Satisfied
34608,10,NA
34609,12,NA
34610,12,Very Satisfied
34611,14,Mod. Satisfied
34612,14,Very Satisfied
34613,12,Very Satisfied
34614,13,Very Satisfied
34615,12,Very Satisfied
34616,13,Mod. Satisfied
34617,15,Very Satisfied
34618,13,Mod. Satisfied
34619,12,NA
34620,12,Very Satisfied
34621,15,Very Satisfied
34622,15,NA
34623,12,Very Satisfied
34624,11,Very Dissatisfied
34625,14,NA
34626,13,Very Satisfied
34627,16,Mod. Satisfied
34628,11,NA
34629,14,Mod. Satisfied
34630,18,NA
34631,12,Very Satisfied
34632,13,Mod. Satisfied
34633,18,Mod. Satisfied
34634,16,A Little Dissat
34635,8,NA
34636,12,NA
34637,11,NA
34638,17,Mod. Satisfied
34639,12,Very Satisfied
34640,9,Very Satisfied
34641,12,Very Satisfied
34642,12,Very Satisfied
34643,12,Mod. Satisfied
34644,12,Very Satisfied
34645,12,A Little Dissat
34646,12,NA
34647,20,Mod. Satisfied
34648,18,Mod. Satisfied
34649,10,NA
34650,16,Very Satisfied
34651,20,NA
34652,9,Very Satisfied
34653,12,Very Satisfied
34654,12,NA
34655,11,Very Dissatisfied
34656,10,Mod. Satisfied
34657,12,Mod. Satisfied
34658,12,Very Satisfied
34659,8,NA
34660,11,Mod. Satisfied
34661,12,Mod. Satisfied
34662,12,NA
34663,12,Mod. Satisfied
34664,15,Mod. Satisfied
34665,11,Mod. Satisfied
34666,14,Mod. Satisfied
34667,12,NA
34668,12,Very Satisfied
34669,16,NA
34670,14,Very Dissatisfied
34671,12,A Little Dissat
34672,11,NA
34673,15,Very Satisfied
34674,12,Very Satisfied
34675,14,Very Satisfied
34676,12,NA
34677,5,NA
34678,12,Mod. Satisfied
34679,13,A Little Dissat
34680,9,Mod. Satisfied
34681,14,Very Satisfied
34682,10,NA
34683,14,Very Satisfied
34684,6,Very Dissatisfied
34685,14,A Little Dissat
34686,12,Very Satisfied
34687,12,NA
34688,13,NA
34689,12,Very Satisfied
34690,13,Mod. Satisfied
34691,12,Very Satisfied
34692,14,Very Satisfied
34693,14,NA
34694,14,A Little Dissat
34695,12,Very Satisfied
34696,14,Mod. Satisfied
34697,13,Mod. Satisfied
34698,14,Very Satisfied
34699,14,NA
34700,12,Very Satisfied
34701,12,NA
34702,17,A Little Dissat
34703,8,Mod. Satisfied
34704,12,Very Satisfied
34705,12,NA
34706,12,NA
34707,16,Very Satisfied
34708,13,Mod. Satisfied
34709,10,Mod. Satisfied
34710,12,Mod. Satisfied
34711,12,Very Satisfied
34712,13,Mod. Satisfied
34713,12,NA
34714,8,NA
34715,8,Very Satisfied
34716,12,Mod. Satisfied
34717,13,Very Satisfied
34718,12,Very Satisfied
34719,12,Very Satisfied
34720,8,Mod. Satisfied
34721,19,Very Satisfied
34722,12,NA
34723,17,NA
34724,16,Very Satisfied
34725,18,Very Satisfied
34726,16,Very Satisfied
34727,16,NA
34728,20,Mod. Satisfied
34729,19,Mod. Satisfied
34730,12,NA
34731,17,Very Satisfied
34732,14,Very Satisfied
34733,19,Very Satisfied
34734,12,Very Satisfied
34735,12,Mod. Satisfied
34736,16,Mod. Satisfied
34737,15,NA
34738,17,NA
34739,13,A Little Dissat
34740,14,Mod. Satisfied
34741,16,Very Satisfied
34742,16,Very Dissatisfied
34743,14,Mod. Satisfied
34744,14,A Little Dissat
34745,10,Mod. Satisfied
34746,12,Very Satisfied
34747,8,Mod. Satisfied
34748,14,Very Satisfied
34749,10,Mod. Satisfied
34750,12,A Little Dissat
34751,14,Very Satisfied
34752,12,Very Satisfied
34753,13,Mod. Satisfied
34754,12,Very Satisfied
34755,18,NA
34756,12,NA
34757,13,Mod. Satisfied
34758,12,NA
34759,10,A Little Dissat
34760,12,Mod. Satisfied
34761,12,NA
34762,16,Very Satisfied
34763,12,Mod. Satisfied
34764,12,Mod. Satisfied
34765,12,NA
34766,19,Very Satisfied
34767,10,Very Satisfied
34768,11,NA
34769,16,Very Satisfied
34770,16,Very Satisfied
34771,12,Mod. Satisfied
34772,15,NA
34773,12,NA
34774,12,Very Satisfied
34775,12,Mod. Satisfied
34776,14,Very Satisfied
34777,12,NA
34778,15,Mod. Satisfied
34779,13,Mod. Satisfied
34780,12,NA
34781,12,Very Satisfied
34782,12,NA
34783,12,Mod. Satisfied
34784,9,Mod. Satisfied
34785,12,Very Satisfied
34786,20,NA
34787,18,NA
34788,12,Mod. Satisfied
34789,14,NA
34790,16,Very Satisfied
34791,12,Very Satisfied
34792,12,NA
34793,13,NA
34794,18,Very Satisfied
34795,15,Very Dissatisfied
34796,8,NA
34797,12,Very Dissatisfied
34798,16,Very Satisfied
34799,13,Very Satisfied
34800,12,Very Satisfied
34801,12,A Little Dissat
34802,13,NA
34803,11,Mod. Satisfied
34804,8,NA
34805,6,NA
34806,12,A Little Dissat
34807,14,Mod. Satisfied
34808,12,NA
34809,13,Very Satisfied
34810,20,Mod. Satisfied
34811,16,Very Satisfied
34812,12,Mod. Satisfied
34813,16,A Little Dissat
34814,15,NA
34815,16,Mod. Satisfied
34816,15,Very Satisfied
34817,17,Mod. Satisfied
34818,16,Very Satisfied
34819,13,Mod. Satisfied
34820,16,Very Satisfied
34821,17,Very Satisfied
34822,16,Very Satisfied
34823,12,Mod. Satisfied
34824,20,Very Satisfied
34825,16,Very Satisfied
34826,16,Very Satisfied
34827,17,Mod. Satisfied
34828,12,Very Satisfied
34829,12,Mod. Satisfied
34830,11,Mod. Satisfied
34831,14,A Little Dissat
34832,13,A Little Dissat
34833,12,NA
34834,15,Very Satisfied
34835,12,Mod. Satisfied
34836,14,Very Satisfied
34837,16,Mod. Satisfied
34838,14,A Little Dissat
34839,12,Very Satisfied
34840,12,Mod. Satisfied
34841,12,Mod. Satisfied
34842,14,Mod. Satisfied
34843,14,Mod. Satisfied
34844,10,NA
34845,10,Mod. Satisfied
34846,12,Very Satisfied
34847,12,NA
34848,14,Mod. Satisfied
34849,12,Mod. Satisfied
34850,13,Mod. Satisfied
34851,15,Very Dissatisfied
34852,15,A Little Dissat
34853,12,Very Satisfied
34854,12,Very Satisfied
34855,12,Very Satisfied
34856,14,Mod. Satisfied
34857,12,NA
34858,8,NA
34859,14,Mod. Satisfied
34860,12,Mod. Satisfied
34861,14,NA
34862,9,NA
34863,13,NA
34864,17,A Little Dissat
34865,12,Very Satisfied
34866,15,Very Satisfied
34867,11,Mod. Satisfied
34868,12,NA
34869,7,NA
34870,5,NA
34871,12,NA
34872,12,Mod. Satisfied
34873,12,Very Satisfied
34874,10,NA
34875,12,Mod. Satisfied
34876,12,Mod. Satisfied
34877,12,Very Satisfied
34878,12,Very Dissatisfied
34879,12,A Little Dissat
34880,16,Very Satisfied
34881,13,Mod. Satisfied
34882,16,Mod. Satisfied
34883,9,Very Satisfied
34884,11,Very Satisfied
34885,3,NA
34886,5,NA
34887,12,A Little Dissat
34888,8,NA
34889,9,A Little Dissat
34890,10,NA
34891,14,Very Satisfied
34892,12,Very Satisfied
34893,11,Mod. Satisfied
34894,12,NA
34895,18,Very Satisfied
34896,12,Very Satisfied
34897,12,Mod. Satisfied
34898,12,NA
34899,12,NA
34900,10,NA
34901,12,NA
34902,12,Very Satisfied
34903,11,NA
34904,8,Very Satisfied
34905,10,Mod. Satisfied
34906,14,Mod. Satisfied
34907,12,Mod. Satisfied
34908,12,Very Satisfied
34909,12,Very Satisfied
34910,11,Very Satisfied
34911,11,NA
34912,12,Mod. Satisfied
34913,12,Very Satisfied
34914,17,Mod. Satisfied
34915,11,NA
34916,13,Very Dissatisfied
34917,12,Very Satisfied
34918,4,Mod. Satisfied
34919,17,NA
34920,18,Mod. Satisfied
34921,16,Mod. Satisfied
34922,12,Mod. Satisfied
34923,14,Mod. Satisfied
34924,12,NA
34925,14,Very Satisfied
34926,10,A Little Dissat
34927,12,Mod. Satisfied
34928,10,NA
34929,11,Mod. Satisfied
34930,14,A Little Dissat
34931,10,Very Satisfied
34932,12,Very Dissatisfied
34933,9,Mod. Satisfied
34934,12,Mod. Satisfied
34935,7,Very Satisfied
34936,8,Mod. Satisfied
34937,18,Very Satisfied
34938,12,Mod. Satisfied
34939,11,A Little Dissat
34940,10,Very Satisfied
34941,8,Very Satisfied
34942,8,Mod. Satisfied
34943,12,Mod. Satisfied
34944,8,Mod. Satisfied
34945,3,NA
34946,3,Very Satisfied
34947,12,Mod. Satisfied
34948,5,NA
34949,7,Very Satisfied
34950,10,NA
34951,12,NA
34952,8,NA
34953,13,NA
34954,12,Mod. Satisfied
34955,10,NA
34956,NA,NA
34957,16,Very Satisfied
34958,12,Very Satisfied
34959,11,NA
34960,14,Very Satisfied
34961,8,NA
34962,12,Very Dissatisfied
34963,10,NA
34964,13,Mod. Satisfied
34965,12,Mod. Satisfied
34966,16,Very Satisfied
34967,13,Very Satisfied
34968,5,Very Dissatisfied
34969,12,A Little Dissat
34970,11,Very Satisfied
34971,12,Mod. Satisfied
34972,9,Very Satisfied
34973,14,Very Satisfied
34974,11,NA
34975,12,NA
34976,13,Very Satisfied
34977,14,Mod. Satisfied
34978,12,NA
34979,19,Very Satisfied
34980,12,Very Satisfied
34981,12,Mod. Satisfied
34982,13,Mod. Satisfied
34983,14,NA
34984,13,Very Satisfied
34985,16,Very Satisfied
34986,13,NA
34987,16,NA
34988,16,A Little Dissat
34989,12,Very Satisfied
34990,17,Mod. Satisfied
34991,12,Very Satisfied
34992,12,A Little Dissat
34993,12,Very Satisfied
34994,14,Very Satisfied
34995,12,Very Satisfied
34996,9,Very Satisfied
34997,12,Very Satisfied
34998,12,Very Satisfied
34999,12,Mod. Satisfied
35000,12,NA
35001,9,Very Satisfied
35002,10,A Little Dissat
35003,3,NA
35004,11,NA
35005,16,A Little Dissat
35006,13,Very Satisfied
35007,12,Very Satisfied
35008,12,Very Satisfied
35009,12,Very Satisfied
35010,7,Very Satisfied
35011,14,Very Satisfied
35012,7,NA
35013,12,Very Satisfied
35014,11,Mod. Satisfied
35015,16,Very Satisfied
35016,15,Mod. Satisfied
35017,12,A Little Dissat
35018,12,Very Satisfied
35019,14,Very Satisfied
35020,12,Very Satisfied
35021,12,Mod. Satisfied
35022,18,Very Satisfied
35023,12,Very Satisfied
35024,12,Mod. Satisfied
35025,12,Very Satisfied
35026,14,Very Satisfied
35027,16,Very Satisfied
35028,12,Mod. Satisfied
35029,12,A Little Dissat
35030,13,Very Dissatisfied
35031,8,A Little Dissat
35032,12,Very Satisfied
35033,4,NA
35034,12,Mod. Satisfied
35035,9,A Little Dissat
35036,11,Very Satisfied
35037,8,Very Satisfied
35038,8,NA
35039,8,Very Satisfied
35040,12,A Little Dissat
35041,3,NA
35042,8,Very Satisfied
35043,12,Very Satisfied
35044,9,Very Satisfied
35045,14,Very Satisfied
35046,16,Mod. Satisfied
35047,12,Very Satisfied
35048,10,NA
35049,7,NA
35050,16,Mod. Satisfied
35051,15,NA
35052,20,Very Satisfied
35053,17,Mod. Satisfied
35054,19,Mod. Satisfied
35055,16,Mod. Satisfied
35056,18,Very Satisfied
35057,13,NA
35058,13,A Little Dissat
35059,12,Mod. Satisfied
35060,14,NA
35061,8,NA
35062,12,A Little Dissat
35063,12,Mod. Satisfied
35064,16,Very Satisfied
35065,12,Mod. Satisfied
35066,10,NA
35067,14,NA
35068,6,NA
35069,3,NA
35070,10,NA
35071,11,NA
35072,8,Mod. Satisfied
35073,13,Very Satisfied
35074,12,NA
35075,10,Mod. Satisfied
35076,8,A Little Dissat
35077,9,NA
35078,11,Mod. Satisfied
35079,14,NA
35080,15,Mod. Satisfied
35081,12,NA
35082,11,Very Satisfied
35083,9,Very Satisfied
35084,13,Very Satisfied
35085,17,NA
35086,12,A Little Dissat
35087,11,Mod. Satisfied
35088,11,Mod. Satisfied
35089,12,Mod. Satisfied
35090,14,Very Satisfied
35091,12,Very Dissatisfied
35092,12,Mod. Satisfied
35093,11,A Little Dissat
35094,14,Very Satisfied
35095,12,Very Satisfied
35096,18,Very Satisfied
35097,12,Very Satisfied
35098,11,NA
35099,16,Very Satisfied
35100,12,Very Satisfied
35101,12,Mod. Satisfied
35102,8,Very Satisfied
35103,16,Mod. Satisfied
35104,12,NA
35105,12,Very Satisfied
35106,11,NA
35107,16,Very Satisfied
35108,10,Mod. Satisfied
35109,16,Mod. Satisfied
35110,12,Mod. Satisfied
35111,16,Very Satisfied
35112,8,Very Satisfied
35113,12,Mod. Satisfied
35114,10,Very Satisfied
35115,10,Very Satisfied
35116,10,Mod. Satisfied
35117,13,Very Satisfied
35118,14,Mod. Satisfied
35119,17,NA
35120,12,A Little Dissat
35121,13,Mod. Satisfied
35122,12,A Little Dissat
35123,12,Mod. Satisfied
35124,13,Mod. Satisfied
35125,11,Very Satisfied
35126,12,NA
35127,12,Very Satisfied
35128,9,Very Satisfied
35129,12,Very Satisfied
35130,11,NA
35131,13,Mod. Satisfied
35132,12,Mod. Satisfied
35133,15,Very Dissatisfied
35134,12,NA
35135,12,Very Satisfied
35136,18,Mod. Satisfied
35137,14,Very Satisfied
35138,12,Very Satisfied
35139,14,A Little Dissat
35140,12,Very Satisfied
35141,12,Very Satisfied
35142,11,NA
35143,9,Mod. Satisfied
35144,16,Very Satisfied
35145,16,NA
35146,13,Very Satisfied
35147,12,A Little Dissat
35148,12,Very Satisfied
35149,15,Very Satisfied
35150,17,Mod. Satisfied
35151,13,Mod. Satisfied
35152,12,Mod. Satisfied
35153,16,Very Satisfied
35154,16,Very Satisfied
35155,10,NA
35156,16,Very Satisfied
35157,12,NA
35158,13,Very Satisfied
35159,12,Mod. Satisfied
35160,11,A Little Dissat
35161,10,Mod. Satisfied
35162,12,Mod. Satisfied
35163,12,NA
35164,12,Mod. Satisfied
35165,7,NA
35166,12,Very Satisfied
35167,12,NA
35168,13,Very Satisfied
35169,16,NA
35170,16,Mod. Satisfied
35171,19,Mod. Satisfied
35172,12,Mod. Satisfied
35173,14,Mod. Satisfied
35174,12,Mod. Satisfied
35175,12,Very Satisfied
35176,15,NA
35177,14,Mod. Satisfied
35178,16,Very Satisfied
35179,12,Mod. Satisfied
35180,12,Mod. Satisfied
35181,11,Very Satisfied
35182,13,Mod. Satisfied
35183,17,Mod. Satisfied
35184,16,Very Satisfied
35185,16,NA
35186,11,Very Satisfied
35187,16,Mod. Satisfied
35188,12,Very Satisfied
35189,12,Very Satisfied
35190,11,NA
35191,12,NA
35192,14,Very Satisfied
35193,11,NA
35194,16,Mod. Satisfied
35195,14,Mod. Satisfied
35196,13,Very Satisfied
35197,12,Very Satisfied
35198,13,A Little Dissat
35199,17,Very Satisfied
35200,15,Very Satisfied
35201,12,A Little Dissat
35202,16,Very Satisfied
35203,15,Very Dissatisfied
35204,17,Mod. Satisfied
35205,12,NA
35206,17,Very Dissatisfied
35207,15,NA
35208,16,NA
35209,20,Very Satisfied
35210,17,Mod. Satisfied
35211,14,Very Dissatisfied
35212,14,Mod. Satisfied
35213,14,Very Dissatisfied
35214,16,Very Satisfied
35215,12,Very Satisfied
35216,12,Mod. Satisfied
35217,12,Very Satisfied
35218,14,Mod. Satisfied
35219,11,Mod. Satisfied
35220,12,Mod. Satisfied
35221,9,Very Satisfied
35222,12,Mod. Satisfied
35223,12,A Little Dissat
35224,14,Mod. Satisfied
35225,12,A Little Dissat
35226,12,Very Satisfied
35227,12,Very Satisfied
35228,15,Very Satisfied
35229,12,NA
35230,12,NA
35231,19,Mod. Satisfied
35232,8,Mod. Satisfied
35233,12,Mod. Satisfied
35234,12,Very Satisfied
35235,11,Very Satisfied
35236,8,NA
35237,15,Very Satisfied
35238,8,NA
35239,14,Mod. Satisfied
35240,9,NA
35241,12,Very Satisfied
35242,15,Mod. Satisfied
35243,14,Mod. Satisfied
35244,16,Mod. Satisfied
35245,12,Very Satisfied
35246,13,Mod. Satisfied
35247,11,NA
35248,12,Very Satisfied
35249,12,A Little Dissat
35250,17,Mod. Satisfied
35251,12,NA
35252,15,A Little Dissat
35253,19,Very Satisfied
35254,13,Very Satisfied
35255,20,Mod. Satisfied
35256,18,Very Satisfied
35257,13,A Little Dissat
35258,10,NA
35259,12,Mod. Satisfied
35260,12,Very Dissatisfied
35261,13,Very Satisfied
35262,14,Mod. Satisfied
35263,16,A Little Dissat
35264,12,Very Satisfied
35265,14,Very Satisfied
35266,16,Mod. Satisfied
35267,12,Very Satisfied
35268,13,Mod. Satisfied
35269,12,Very Satisfied
35270,16,Very Dissatisfied
35271,12,Very Satisfied
35272,12,Mod. Satisfied
35273,12,Mod. Satisfied
35274,14,Very Dissatisfied
35275,13,Mod. Satisfied
35276,12,Mod. Satisfied
35277,16,Very Dissatisfied
35278,14,Mod. Satisfied
35279,11,Very Satisfied
35280,11,Very Satisfied
35281,12,Mod. Satisfied
35282,12,A Little Dissat
35283,9,Mod. Satisfied
35284,12,Mod. Satisfied
35285,12,Mod. Satisfied
35286,17,Mod. Satisfied
35287,12,Very Satisfied
35288,13,A Little Dissat
35289,16,Mod. Satisfied
35290,16,A Little Dissat
35291,12,Mod. Satisfied
35292,13,Very Satisfied
35293,18,Very Satisfied
35294,15,Mod. Satisfied
35295,12,Mod. Satisfied
35296,15,Mod. Satisfied
35297,14,Mod. Satisfied
35298,20,Very Satisfied
35299,12,NA
35300,16,Mod. Satisfied
35301,11,A Little Dissat
35302,7,Very Satisfied
35303,9,Very Satisfied
35304,16,Very Satisfied
35305,16,Very Satisfied
35306,14,Very Satisfied
35307,16,NA
35308,19,NA
35309,16,NA
35310,18,Mod. Satisfied
35311,12,NA
35312,15,Very Satisfied
35313,14,Very Satisfied
35314,13,Very Dissatisfied
35315,16,Mod. Satisfied
35316,12,Very Satisfied
35317,15,Very Satisfied
35318,12,Very Satisfied
35319,14,Very Satisfied
35320,13,NA
35321,16,Very Satisfied
35322,11,Very Satisfied
35323,9,Very Satisfied
35324,12,Mod. Satisfied
35325,16,Very Satisfied
35326,14,Very Satisfied
35327,16,Very Satisfied
35328,11,NA
35329,18,NA
35330,17,Very Satisfied
35331,16,Mod. Satisfied
35332,16,Very Satisfied
35333,16,Mod. Satisfied
35334,16,NA
35335,14,Very Satisfied
35336,16,Mod. Satisfied
35337,13,Very Dissatisfied
35338,14,Very Satisfied
35339,13,Very Satisfied
35340,20,Very Satisfied
35341,14,Mod. Satisfied
35342,14,Very Satisfied
35343,16,Very Satisfied
35344,6,Very Satisfied
35345,19,A Little Dissat
35346,11,Mod. Satisfied
35347,11,NA
35348,7,NA
35349,11,NA
35350,11,NA
35351,6,NA
35352,14,Mod. Satisfied
35353,14,Very Satisfied
35354,12,NA
35355,14,Mod. Satisfied
35356,20,Very Satisfied
35357,16,Very Satisfied
35358,14,Mod. Satisfied
35359,14,Mod. Satisfied
35360,12,NA
35361,12,Very Satisfied
35362,12,Mod. Satisfied
35363,8,NA
35364,14,Mod. Satisfied
35365,13,NA
35366,12,Very Satisfied
35367,12,Very Satisfied
35368,12,Very Satisfied
35369,12,A Little Dissat
35370,10,Mod. Satisfied
35371,20,Very Satisfied
35372,18,Mod. Satisfied
35373,19,NA
35374,20,Very Satisfied
35375,20,A Little Dissat
35376,17,NA
35377,18,Very Dissatisfied
35378,16,Very Dissatisfied
35379,15,Very Satisfied
35380,18,Very Satisfied
35381,17,Very Satisfied
35382,12,Very Satisfied
35383,16,A Little Dissat
35384,12,Very Satisfied
35385,12,Very Satisfied
35386,16,Mod. Satisfied
35387,9,A Little Dissat
35388,18,Mod. Satisfied
35389,13,Mod. Satisfied
35390,10,Very Dissatisfied
35391,14,Mod. Satisfied
35392,13,Very Satisfied
35393,9,NA
35394,6,NA
35395,12,Mod. Satisfied
35396,11,Mod. Satisfied
35397,12,NA
35398,11,NA
35399,7,NA
35400,13,Mod. Satisfied
35401,8,NA
35402,13,Mod. Satisfied
35403,18,Very Dissatisfied
35404,14,Very Dissatisfied
35405,16,NA
35406,16,Very Satisfied
35407,12,Mod. Satisfied
35408,15,Very Satisfied
35409,10,Very Satisfied
35410,11,NA
35411,9,NA
35412,9,NA
35413,9,NA
35414,12,NA
35415,13,NA
35416,12,NA
35417,18,NA
35418,12,Very Satisfied
35419,11,NA
35420,11,Very Satisfied
35421,13,Mod. Satisfied
35422,9,Very Satisfied
35423,12,NA
35424,20,Mod. Satisfied
35425,16,Mod. Satisfied
35426,12,A Little Dissat
35427,15,NA
35428,9,Very Satisfied
35429,12,Very Satisfied
35430,11,Very Satisfied
35431,12,NA
35432,14,Very Satisfied
35433,12,NA
35434,12,Very Satisfied
35435,16,Mod. Satisfied
35436,12,Mod. Satisfied
35437,15,NA
35438,20,Very Satisfied
35439,12,Very Satisfied
35440,10,Mod. Satisfied
35441,12,Mod. Satisfied
35442,15,NA
35443,12,Mod. Satisfied
35444,12,Very Satisfied
35445,8,NA
35446,8,NA
35447,16,Very Satisfied
35448,8,Very Satisfied
35449,14,NA
35450,12,Mod. Satisfied
35451,14,Mod. Satisfied
35452,10,NA
35453,13,Mod. Satisfied
35454,12,Mod. Satisfied
35455,12,Mod. Satisfied
35456,12,NA
35457,12,NA
35458,12,NA
35459,12,Very Satisfied
35460,13,Mod. Satisfied
35461,14,Mod. Satisfied
35462,12,Mod. Satisfied
35463,16,Very Satisfied
35464,16,Mod. Satisfied
35465,16,Very Satisfied
35466,16,Very Satisfied
35467,20,Very Satisfied
35468,13,Mod. Satisfied
35469,17,Mod. Satisfied
35470,18,Mod. Satisfied
35471,20,Very Satisfied
35472,16,Very Satisfied
35473,18,A Little Dissat
35474,19,Very Satisfied
35475,13,Very Dissatisfied
35476,9,NA
35477,14,Very Dissatisfied
35478,18,Very Satisfied
35479,15,Very Satisfied
35480,13,Very Satisfied
35481,12,Very Satisfied
35482,12,A Little Dissat
35483,14,A Little Dissat
35484,13,Very Satisfied
35485,14,Mod. Satisfied
35486,14,Mod. Satisfied
35487,14,Very Satisfied
35488,18,NA
35489,17,Very Satisfied
35490,12,Mod. Satisfied
35491,12,Very Satisfied
35492,18,Mod. Satisfied
35493,16,Mod. Satisfied
35494,16,A Little Dissat
35495,13,Very Satisfied
35496,14,Very Satisfied
35497,6,A Little Dissat
35498,14,NA
35499,14,Very Satisfied
35500,17,Very Dissatisfied
35501,12,Very Satisfied
35502,16,Very Satisfied
35503,20,Very Satisfied
35504,16,NA
35505,10,Very Satisfied
35506,13,Very Satisfied
35507,17,Very Satisfied
35508,13,Mod. Satisfied
35509,14,Mod. Satisfied
35510,13,Mod. Satisfied
35511,8,Very Satisfied
35512,16,Mod. Satisfied
35513,17,Very Satisfied
35514,14,Very Satisfied
35515,5,Very Satisfied
35516,8,Very Satisfied
35517,13,Very Satisfied
35518,12,NA
35519,9,Mod. Satisfied
35520,14,Very Dissatisfied
35521,13,Very Satisfied
35522,14,Very Dissatisfied
35523,8,Mod. Satisfied
35524,15,NA
35525,16,Very Satisfied
35526,17,NA
35527,20,Very Satisfied
35528,16,Very Satisfied
35529,17,Very Satisfied
35530,12,Very Satisfied
35531,15,Mod. Satisfied
35532,NA,Mod. Satisfied
35533,13,Mod. Satisfied
35534,16,NA
35535,7,Very Satisfied
35536,15,Mod. Satisfied
35537,12,Very Satisfied
35538,11,Very Satisfied
35539,12,Very Satisfied
35540,12,Very Satisfied
35541,16,Very Satisfied
35542,15,Very Satisfied
35543,13,Mod. Satisfied
35544,12,Mod. Satisfied
35545,12,NA
35546,12,Mod. Satisfied
35547,13,Very Satisfied
35548,12,Mod. Satisfied
35549,12,Very Satisfied
35550,11,Mod. Satisfied
35551,10,Mod. Satisfied
35552,15,Very Dissatisfied
35553,12,Very Satisfied
35554,12,Very Satisfied
35555,10,Very Satisfied
35556,14,A Little Dissat
35557,14,Mod. Satisfied
35558,16,Very Satisfied
35559,12,Very Satisfied
35560,14,A Little Dissat
35561,16,Very Satisfied
35562,14,Mod. Satisfied
35563,12,A Little Dissat
35564,12,Mod. Satisfied
35565,13,Mod. Satisfied
35566,11,Very Satisfied
35567,12,Very Satisfied
35568,12,NA
35569,13,Very Satisfied
35570,15,A Little Dissat
35571,12,Mod. Satisfied
35572,13,NA
35573,12,Mod. Satisfied
35574,13,Mod. Satisfied
35575,12,Mod. Satisfied
35576,14,Mod. Satisfied
35577,13,Very Satisfied
35578,14,Very Dissatisfied
35579,18,A Little Dissat
35580,15,Mod. Satisfied
35581,0,A Little Dissat
35582,11,NA
35583,12,Very Satisfied
35584,12,Mod. Satisfied
35585,12,Mod. Satisfied
35586,12,A Little Dissat
35587,12,Very Satisfied
35588,14,Very Satisfied
35589,12,NA
35590,20,A Little Dissat
35591,14,Mod. Satisfied
35592,12,NA
35593,17,Mod. Satisfied
35594,18,Mod. Satisfied
35595,17,Mod. Satisfied
35596,16,Very Satisfied
35597,20,Mod. Satisfied
35598,8,A Little Dissat
35599,14,Very Satisfied
35600,18,Very Satisfied
35601,16,Very Satisfied
35602,18,Mod. Satisfied
35603,16,Mod. Satisfied
35604,16,Very Satisfied
35605,18,Very Satisfied
35606,16,Very Satisfied
35607,16,Very Satisfied
35608,18,Very Satisfied
35609,15,Very Dissatisfied
35610,13,NA
35611,16,A Little Dissat
35612,14,Very Satisfied
35613,14,Very Satisfied
35614,17,Very Satisfied
35615,18,Mod. Satisfied
35616,17,Very Satisfied
35617,13,Very Satisfied
35618,13,NA
35619,13,Very Satisfied
35620,16,Very Satisfied
35621,8,Very Satisfied
35622,12,Mod. Satisfied
35623,14,Very Satisfied
35624,12,Very Satisfied
35625,12,Very Satisfied
35626,16,Mod. Satisfied
35627,14,Very Satisfied
35628,12,Mod. Satisfied
35629,16,Very Satisfied
35630,12,Very Satisfied
35631,6,NA
35632,13,Very Satisfied
35633,13,Very Satisfied
35634,12,Very Satisfied
35635,14,Very Satisfied
35636,16,Very Satisfied
35637,18,Very Satisfied
35638,14,Very Satisfied
35639,19,Very Satisfied
35640,11,A Little Dissat
35641,13,NA
35642,12,NA
35643,14,Very Satisfied
35644,14,Mod. Satisfied
35645,15,Mod. Satisfied
35646,12,Very Dissatisfied
35647,14,Mod. Satisfied
35648,14,Mod. Satisfied
35649,16,Very Satisfied
35650,12,Mod. Satisfied
35651,12,A Little Dissat
35652,16,A Little Dissat
35653,17,Very Satisfied
35654,18,Mod. Satisfied
35655,16,Very Satisfied
35656,12,NA
35657,16,A Little Dissat
35658,18,Very Satisfied
35659,16,Very Satisfied
35660,16,NA
35661,19,A Little Dissat
35662,20,Mod. Satisfied
35663,17,NA
35664,19,NA
35665,14,NA
35666,15,Very Satisfied
35667,13,Mod. Satisfied
35668,12,NA
35669,13,NA
35670,16,Mod. Satisfied
35671,16,Mod. Satisfied
35672,8,NA
35673,16,Mod. Satisfied
35674,15,Mod. Satisfied
35675,14,Mod. Satisfied
35676,20,Very Satisfied
35677,17,Mod. Satisfied
35678,16,A Little Dissat
35679,16,NA
35680,16,Very Satisfied
35681,15,Mod. Satisfied
35682,12,A Little Dissat
35683,12,A Little Dissat
35684,13,NA
35685,20,Very Satisfied
35686,12,NA
35687,14,Very Satisfied
35688,14,Very Satisfied
35689,16,Very Satisfied
35690,12,Very Satisfied
35691,14,Very Satisfied
35692,14,Mod. Satisfied
35693,14,Very Satisfied
35694,12,Mod. Satisfied
35695,12,Mod. Satisfied
35696,15,Mod. Satisfied
35697,14,Very Satisfied
35698,17,NA
35699,20,Very Satisfied
35700,20,Very Satisfied
35701,16,Very Satisfied
35702,17,Very Satisfied
35703,20,A Little Dissat
35704,12,Mod. Satisfied
35705,12,Very Satisfied
35706,11,Mod. Satisfied
35707,18,Very Satisfied
35708,14,Very Satisfied
35709,13,NA
35710,12,Very Dissatisfied
35711,15,Very Satisfied
35712,12,Very Satisfied
35713,8,Mod. Satisfied
35714,8,Very Satisfied
35715,13,Very Satisfied
35716,14,Very Satisfied
35717,14,Mod. Satisfied
35718,14,Mod. Satisfied
35719,14,A Little Dissat
35720,12,Very Satisfied
35721,9,Mod. Satisfied
35722,12,Very Satisfied
35723,13,Very Satisfied
35724,14,Very Satisfied
35725,18,Very Satisfied
35726,3,Very Satisfied
35727,12,NA
35728,10,Mod. Satisfied
35729,13,A Little Dissat
35730,15,Mod. Satisfied
35731,7,Very Satisfied
35732,17,Very Satisfied
35733,12,Very Satisfied
35734,12,Mod. Satisfied
35735,12,NA
35736,14,Very Satisfied
35737,16,Very Satisfied
35738,16,Mod. Satisfied
35739,14,NA
35740,16,Very Satisfied
35741,17,Very Dissatisfied
35742,13,Very Satisfied
35743,19,Mod. Satisfied
35744,12,Mod. Satisfied
35745,16,Very Satisfied
35746,14,Very Satisfied
35747,12,Very Satisfied
35748,14,Very Satisfied
35749,12,Very Satisfied
35750,14,Very Satisfied
35751,12,A Little Dissat
35752,12,NA
35753,9,Very Dissatisfied
35754,14,Mod. Satisfied
35755,16,Very Satisfied
35756,16,A Little Dissat
35757,15,NA
35758,17,NA
35759,18,Very Satisfied
35760,18,Mod. Satisfied
35761,16,Very Satisfied
35762,16,NA
35763,16,Mod. Satisfied
35764,18,Very Satisfied
35765,16,Very Satisfied
35766,18,Mod. Satisfied
35767,13,Mod. Satisfied
35768,16,NA
35769,18,NA
35770,5,Very Dissatisfied
35771,12,Mod. Satisfied
35772,2,Very Dissatisfied
35773,15,Very Satisfied
35774,5,Very Satisfied
35775,16,NA
35776,14,Mod. Satisfied
35777,13,NA
35778,19,Very Satisfied
35779,11,Mod. Satisfied
35780,20,Very Satisfied
35781,16,NA
35782,18,Very Satisfied
35783,16,Very Satisfied
35784,17,Very Satisfied
35785,10,Mod. Satisfied
35786,12,Very Satisfied
35787,9,NA
35788,12,NA
35789,14,NA
35790,9,NA
35791,12,Mod. Satisfied
35792,4,NA
35793,11,Very Satisfied
35794,8,Mod. Satisfied
35795,12,Mod. Satisfied
35796,14,Mod. Satisfied
35797,12,Mod. Satisfied
35798,8,Mod. Satisfied
35799,3,NA
35800,8,NA
35801,14,Mod. Satisfied
35802,13,Very Satisfied
35803,16,Mod. Satisfied
35804,3,NA
35805,15,Mod. Satisfied
35806,13,Mod. Satisfied
35807,12,Mod. Satisfied
35808,16,Very Satisfied
35809,16,Very Dissatisfied
35810,16,Very Satisfied
35811,18,Very Satisfied
35812,14,Very Satisfied
35813,18,Very Satisfied
35814,16,Very Satisfied
35815,16,Very Satisfied
35816,16,Mod. Satisfied
35817,14,NA
35818,12,Mod. Satisfied
35819,16,Mod. Satisfied
35820,12,Mod. Satisfied
35821,12,Very Satisfied
35822,13,Mod. Satisfied
35823,13,Very Satisfied
35824,12,Mod. Satisfied
35825,12,A Little Dissat
35826,12,NA
35827,12,Very Satisfied
35828,13,A Little Dissat
35829,8,Mod. Satisfied
35830,10,A Little Dissat
35831,10,Very Satisfied
35832,11,NA
35833,16,Mod. Satisfied
35834,11,Mod. Satisfied
35835,17,NA
35836,12,NA
35837,11,Very Satisfied
35838,16,NA
35839,12,Mod. Satisfied
35840,12,Very Satisfied
35841,19,A Little Dissat
35842,16,Mod. Satisfied
35843,17,Very Satisfied
35844,16,Mod. Satisfied
35845,12,NA
35846,12,Very Satisfied
35847,16,Mod. Satisfied
35848,16,Very Satisfied
35849,15,A Little Dissat
35850,12,Very Satisfied
35851,4,Very Satisfied
35852,14,Mod. Satisfied
35853,12,Mod. Satisfied
35854,11,Very Satisfied
35855,12,Very Satisfied
35856,16,Very Satisfied
35857,12,Mod. Satisfied
35858,12,Mod. Satisfied
35859,7,Very Satisfied
35860,12,A Little Dissat
35861,12,Mod. Satisfied
35862,12,NA
35863,12,Very Dissatisfied
35864,12,A Little Dissat
35865,14,A Little Dissat
35866,12,Mod. Satisfied
35867,12,Mod. Satisfied
35868,10,A Little Dissat
35869,14,Very Satisfied
35870,12,Mod. Satisfied
35871,13,A Little Dissat
35872,12,NA
35873,17,Very Satisfied
35874,14,NA
35875,15,NA
35876,12,NA
35877,15,Very Satisfied
35878,16,NA
35879,16,Very Satisfied
35880,16,Mod. Satisfied
35881,13,Very Satisfied
35882,12,Very Satisfied
35883,14,Very Satisfied
35884,14,Very Satisfied
35885,12,Mod. Satisfied
35886,16,Mod. Satisfied
35887,NA,Very Satisfied
35888,12,Mod. Satisfied
35889,15,Mod. Satisfied
35890,12,Mod. Satisfied
35891,12,NA
35892,12,Mod. Satisfied
35893,12,NA
35894,11,NA
35895,13,Very Dissatisfied
35896,14,Very Satisfied
35897,12,Mod. Satisfied
35898,12,Mod. Satisfied
35899,12,Very Satisfied
35900,16,NA
35901,12,Mod. Satisfied
35902,12,Very Satisfied
35903,12,Very Satisfied
35904,13,Mod. Satisfied
35905,16,A Little Dissat
35906,12,NA
35907,12,NA
35908,16,A Little Dissat
35909,16,Very Satisfied
35910,16,Mod. Satisfied
35911,12,NA
35912,12,Very Satisfied
35913,15,Mod. Satisfied
35914,16,Mod. Satisfied
35915,12,Mod. Satisfied
35916,17,Mod. Satisfied
35917,16,Very Satisfied
35918,16,Very Satisfied
35919,12,Very Satisfied
35920,18,Mod. Satisfied
35921,12,NA
35922,13,Mod. Satisfied
35923,10,Mod. Satisfied
35924,12,Very Satisfied
35925,11,Very Satisfied
35926,12,Mod. Satisfied
35927,8,NA
35928,10,NA
35929,12,Mod. Satisfied
35930,7,Mod. Satisfied
35931,12,Mod. Satisfied
35932,15,Mod. Satisfied
35933,12,Very Satisfied
35934,12,NA
35935,12,Very Satisfied
35936,16,Very Satisfied
35937,10,Mod. Satisfied
35938,12,NA
35939,12,Very Satisfied
35940,10,NA
35941,12,Mod. Satisfied
35942,12,Very Satisfied
35943,16,A Little Dissat
35944,12,A Little Dissat
35945,13,NA
35946,12,Very Satisfied
35947,15,NA
35948,12,A Little Dissat
35949,13,Very Satisfied
35950,NA,Very Satisfied
35951,17,Very Satisfied
35952,12,Mod. Satisfied
35953,17,Very Satisfied
35954,12,Very Dissatisfied
35955,10,NA
35956,16,Very Satisfied
35957,13,Very Satisfied
35958,12,Very Satisfied
35959,13,Very Satisfied
35960,12,NA
35961,8,NA
35962,12,Very Satisfied
35963,14,Very Satisfied
35964,12,A Little Dissat
35965,12,A Little Dissat
35966,12,Very Satisfied
35967,12,Very Satisfied
35968,16,Very Satisfied
35969,12,Very Satisfied
35970,19,A Little Dissat
35971,14,NA
35972,14,Mod. Satisfied
35973,17,Very Satisfied
35974,12,NA
35975,12,NA
35976,11,NA
35977,18,Very Satisfied
35978,16,Very Satisfied
35979,12,Very Satisfied
35980,12,NA
35981,19,NA
35982,16,Mod. Satisfied
35983,12,Mod. Satisfied
35984,17,Very Satisfied
35985,16,Very Satisfied
35986,13,Very Satisfied
35987,9,NA
35988,12,Very Satisfied
35989,15,Very Satisfied
35990,12,Mod. Satisfied
35991,12,Very Satisfied
35992,16,Very Satisfied
35993,12,NA
35994,12,NA
35995,16,Very Satisfied
35996,20,Very Satisfied
35997,12,Very Satisfied
35998,17,Very Satisfied
35999,16,Very Satisfied
36000,16,Very Satisfied
36001,16,Mod. Satisfied
36002,17,Very Satisfied
36003,19,Very Satisfied
36004,12,Very Satisfied
36005,15,Very Satisfied
36006,12,Very Satisfied
36007,18,Mod. Satisfied
36008,8,Very Satisfied
36009,16,Very Satisfied
36010,8,NA
36011,12,Very Satisfied
36012,10,NA
36013,12,Very Satisfied
36014,12,NA
36015,8,NA
36016,11,A Little Dissat
36017,12,NA
36018,12,Very Satisfied
36019,12,NA
36020,11,Very Satisfied
36021,12,Mod. Satisfied
36022,8,NA
36023,15,Very Satisfied
36024,20,Very Satisfied
36025,16,Very Satisfied
36026,16,Mod. Satisfied
36027,16,Very Satisfied
36028,17,Very Satisfied
36029,12,Very Satisfied
36030,16,NA
36031,16,Very Satisfied
36032,18,Very Satisfied
36033,17,Mod. Satisfied
36034,16,A Little Dissat
36035,12,NA
36036,12,NA
36037,16,Very Satisfied
36038,17,Mod. Satisfied
36039,17,Very Satisfied
36040,14,Very Satisfied
36041,13,Mod. Satisfied
36042,16,Very Satisfied
36043,13,Mod. Satisfied
36044,16,Very Satisfied
36045,14,Mod. Satisfied
36046,19,Very Dissatisfied
36047,12,Very Satisfied
36048,12,Very Satisfied
36049,12,NA
36050,11,Very Satisfied
36051,12,NA
36052,16,Mod. Satisfied
36053,19,Very Satisfied
36054,16,Mod. Satisfied
36055,14,Mod. Satisfied
36056,12,Mod. Satisfied
36057,11,Mod. Satisfied
36058,12,Very Satisfied
36059,11,Mod. Satisfied
36060,16,Mod. Satisfied
36061,14,Mod. Satisfied
36062,9,NA
36063,16,Very Satisfied
36064,14,Very Satisfied
36065,12,Mod. Satisfied
36066,12,Mod. Satisfied
36067,12,Very Satisfied
36068,12,NA
36069,10,NA
36070,9,NA
36071,8,NA
36072,5,NA
36073,5,NA
36074,8,NA
36075,16,NA
36076,12,Very Satisfied
36077,13,Mod. Satisfied
36078,13,Very Dissatisfied
36079,14,NA
36080,9,Very Satisfied
36081,14,Very Satisfied
36082,15,Mod. Satisfied
36083,12,NA
36084,15,Very Satisfied
36085,8,NA
36086,12,Very Satisfied
36087,12,NA
36088,9,Mod. Satisfied
36089,8,Very Satisfied
36090,14,Mod. Satisfied
36091,9,A Little Dissat
36092,10,Very Satisfied
36093,11,Mod. Satisfied
36094,16,NA
36095,17,Mod. Satisfied
36096,13,NA
36097,19,Mod. Satisfied
36098,16,Very Satisfied
36099,15,NA
36100,16,Mod. Satisfied
36101,16,NA
36102,12,Mod. Satisfied
36103,20,Very Satisfied
36104,17,NA
36105,12,A Little Dissat
36106,19,Mod. Satisfied
36107,13,Very Satisfied
36108,18,NA
36109,13,Very Satisfied
36110,20,Very Satisfied
36111,18,NA
36112,13,Very Satisfied
36113,16,NA
36114,10,NA
36115,18,Very Satisfied
36116,20,NA
36117,16,Very Satisfied
36118,14,NA
36119,14,NA
36120,13,NA
36121,12,Very Satisfied
36122,12,NA
36123,20,Very Satisfied
36124,17,Mod. Satisfied
36125,12,NA
36126,16,Mod. Satisfied
36127,13,Very Satisfied
36128,12,NA
36129,12,NA
36130,12,Mod. Satisfied
36131,11,NA
36132,14,Mod. Satisfied
36133,13,Mod. Satisfied
36134,6,Mod. Satisfied
36135,12,A Little Dissat
36136,14,Very Dissatisfied
36137,16,Mod. Satisfied
36138,14,NA
36139,11,NA
36140,8,NA
36141,8,Very Satisfied
36142,9,NA
36143,12,NA
36144,9,NA
36145,8,NA
36146,12,NA
36147,8,NA
36148,11,NA
36149,18,Mod. Satisfied
36150,17,Very Satisfied
36151,16,Very Satisfied
36152,17,Very Satisfied
36153,13,Very Satisfied
36154,12,Very Satisfied
36155,12,Mod. Satisfied
36156,12,Very Satisfied
36157,12,Very Satisfied
36158,18,Very Satisfied
36159,8,NA
36160,11,NA
36161,14,Very Satisfied
36162,11,Mod. Satisfied
36163,13,NA
36164,16,Mod. Satisfied
36165,14,Very Satisfied
36166,12,Mod. Satisfied
36167,12,A Little Dissat
36168,13,Mod. Satisfied
36169,11,NA
36170,12,Very Satisfied
36171,9,Very Satisfied
36172,14,NA
36173,12,Mod. Satisfied
36174,12,Very Satisfied
36175,10,A Little Dissat
36176,9,NA
36177,9,Very Dissatisfied
36178,13,Very Satisfied
36179,12,Mod. Satisfied
36180,3,Very Satisfied
36181,14,Mod. Satisfied
36182,13,Very Satisfied
36183,3,NA
36184,12,Very Satisfied
36185,12,Mod. Satisfied
36186,12,A Little Dissat
36187,11,Very Satisfied
36188,13,Very Satisfied
36189,13,Mod. Satisfied
36190,11,Very Satisfied
36191,4,Very Satisfied
36192,14,Mod. Satisfied
36193,12,Very Satisfied
36194,12,NA
36195,16,Very Satisfied
36196,12,Mod. Satisfied
36197,11,Very Satisfied
36198,11,Mod. Satisfied
36199,9,Mod. Satisfied
36200,10,Mod. Satisfied
36201,12,Very Satisfied
36202,12,Mod. Satisfied
36203,9,Mod. Satisfied
36204,18,Very Satisfied
36205,10,Mod. Satisfied
36206,14,Mod. Satisfied
36207,12,Very Satisfied
36208,14,Very Satisfied
36209,14,Mod. Satisfied
36210,16,Very Satisfied
36211,16,Very Satisfied
36212,16,Very Satisfied
36213,14,Very Satisfied
36214,14,NA
36215,17,Mod. Satisfied
36216,14,Mod. Satisfied
36217,13,Very Satisfied
36218,12,NA
36219,15,NA
36220,15,Mod. Satisfied
36221,20,Very Satisfied
36222,12,Very Satisfied
36223,16,Very Satisfied
36224,20,Very Satisfied
36225,20,Very Satisfied
36226,12,NA
36227,12,Mod. Satisfied
36228,14,Mod. Satisfied
36229,18,Very Satisfied
36230,12,Very Satisfied
36231,18,Very Satisfied
36232,15,Very Satisfied
36233,19,NA
36234,16,NA
36235,12,Mod. Satisfied
36236,20,Very Satisfied
36237,16,A Little Dissat
36238,13,NA
36239,14,Very Satisfied
36240,16,Very Satisfied
36241,15,Mod. Satisfied
36242,16,Very Satisfied
36243,14,Mod. Satisfied
36244,15,Very Satisfied
36245,16,Very Satisfied
36246,20,Very Satisfied
36247,12,Very Satisfied
36248,12,NA
36249,12,NA
36250,12,Very Satisfied
36251,16,Very Satisfied
36252,12,NA
36253,12,Very Satisfied
36254,12,NA
36255,12,Mod. Satisfied
36256,13,Mod. Satisfied
36257,16,A Little Dissat
36258,16,Very Dissatisfied
36259,16,A Little Dissat
36260,11,Very Satisfied
36261,13,A Little Dissat
36262,15,Mod. Satisfied
36263,12,NA
36264,13,Mod. Satisfied
36265,8,NA
36266,16,Very Satisfied
36267,12,Mod. Satisfied
36268,14,Mod. Satisfied
36269,18,NA
36270,12,Mod. Satisfied
36271,15,NA
36272,13,Very Satisfied
36273,12,NA
36274,12,Very Satisfied
36275,15,Very Satisfied
36276,12,Mod. Satisfied
36277,12,Very Satisfied
36278,14,Mod. Satisfied
36279,18,Very Satisfied
36280,14,Very Satisfied
36281,12,NA
36282,12,NA
36283,15,Mod. Satisfied
36284,12,NA
36285,12,Mod. Satisfied
36286,12,Mod. Satisfied
36287,17,A Little Dissat
36288,12,Very Satisfied
36289,12,Very Satisfied
36290,18,Very Satisfied
36291,16,NA
36292,14,Very Satisfied
36293,16,Mod. Satisfied
36294,12,Very Satisfied
36295,14,Very Satisfied
36296,11,Very Satisfied
36297,11,NA
36298,11,Very Dissatisfied
36299,12,Very Satisfied
36300,14,NA
36301,16,Very Satisfied
36302,12,Very Satisfied
36303,11,Mod. Satisfied
36304,14,Mod. Satisfied
36305,12,Very Satisfied
36306,16,Mod. Satisfied
36307,12,Mod. Satisfied
36308,12,Very Satisfied
36309,15,NA
36310,8,Very Satisfied
36311,11,Very Dissatisfied
36312,12,Very Satisfied
36313,12,NA
36314,8,NA
36315,16,Very Satisfied
36316,10,Very Satisfied
36317,13,Very Satisfied
36318,20,Very Satisfied
36319,13,Mod. Satisfied
36320,13,A Little Dissat
36321,12,A Little Dissat
36322,12,Mod. Satisfied
36323,13,Mod. Satisfied
36324,12,Mod. Satisfied
36325,12,NA
36326,16,Mod. Satisfied
36327,16,Very Satisfied
36328,12,Very Satisfied
36329,12,Very Satisfied
36330,10,Very Satisfied
36331,16,Very Satisfied
36332,11,NA
36333,14,NA
36334,12,Mod. Satisfied
36335,13,NA
36336,12,Very Satisfied
36337,13,Very Satisfied
36338,12,Mod. Satisfied
36339,19,Very Satisfied
36340,14,NA
36341,13,Mod. Satisfied
36342,16,Mod. Satisfied
36343,12,Very Satisfied
36344,16,Mod. Satisfied
36345,16,A Little Dissat
36346,12,Very Satisfied
36347,15,NA
36348,20,Very Satisfied
36349,14,Very Satisfied
36350,6,Mod. Satisfied
36351,16,A Little Dissat
36352,12,Mod. Satisfied
36353,16,Very Satisfied
36354,14,A Little Dissat
36355,13,NA
36356,12,Very Satisfied
36357,11,Mod. Satisfied
36358,16,Mod. Satisfied
36359,17,Very Satisfied
36360,12,Mod. Satisfied
36361,12,Very Satisfied
36362,12,NA
36363,12,A Little Dissat
36364,12,Mod. Satisfied
36365,12,Mod. Satisfied
36366,13,Mod. Satisfied
36367,13,Mod. Satisfied
36368,9,NA
36369,12,Very Satisfied
36370,12,Mod. Satisfied
36371,12,Mod. Satisfied
36372,16,Very Dissatisfied
36373,8,NA
36374,9,Mod. Satisfied
36375,12,Very Satisfied
36376,16,Very Satisfied
36377,10,NA
36378,13,Mod. Satisfied
36379,11,Very Satisfied
36380,10,Mod. Satisfied
36381,12,Mod. Satisfied
36382,10,NA
36383,18,Mod. Satisfied
36384,11,NA
36385,12,Very Dissatisfied
36386,10,Mod. Satisfied
36387,12,Mod. Satisfied
36388,16,Very Satisfied
36389,12,Very Satisfied
36390,12,Very Dissatisfied
36391,13,Very Satisfied
36392,14,NA
36393,16,Very Satisfied
36394,14,Mod. Satisfied
36395,14,Very Satisfied
36396,12,NA
36397,14,Mod. Satisfied
36398,10,NA
36399,16,Mod. Satisfied
36400,12,Mod. Satisfied
36401,9,Very Satisfied
36402,12,Mod. Satisfied
36403,11,Mod. Satisfied
36404,14,Very Satisfied
36405,16,NA
36406,18,Very Satisfied
36407,12,Very Satisfied
36408,12,Mod. Satisfied
36409,12,NA
36410,15,Very Dissatisfied
36411,10,NA
36412,14,Very Satisfied
36413,13,NA
36414,15,A Little Dissat
36415,15,NA
36416,12,NA
36417,NA,Mod. Satisfied
36418,12,NA
36419,12,Very Satisfied
36420,13,Very Satisfied
36421,13,Very Satisfied
36422,14,Mod. Satisfied
36423,12,Very Satisfied
36424,16,Very Satisfied
36425,12,Very Satisfied
36426,14,Very Satisfied
36427,12,Very Satisfied
36428,15,Very Satisfied
36429,12,Very Satisfied
36430,14,Very Satisfied
36431,14,NA
36432,10,NA
36433,8,NA
36434,16,NA
36435,NA,NA
36436,12,Very Satisfied
36437,14,Very Satisfied
36438,16,Very Satisfied
36439,9,Mod. Satisfied
36440,12,Mod. Satisfied
36441,12,Mod. Satisfied
36442,12,Mod. Satisfied
36443,12,Very Satisfied
36444,12,Very Satisfied
36445,11,A Little Dissat
36446,12,Mod. Satisfied
36447,11,NA
36448,12,Very Satisfied
36449,12,Mod. Satisfied
36450,12,Very Satisfied
36451,6,Mod. Satisfied
36452,13,Mod. Satisfied
36453,11,Mod. Satisfied
36454,14,Very Satisfied
36455,15,Very Satisfied
36456,18,NA
36457,14,Very Satisfied
36458,14,Mod. Satisfied
36459,14,Very Satisfied
36460,14,Very Satisfied
36461,16,Very Satisfied
36462,16,Very Satisfied
36463,17,Very Satisfied
36464,12,Very Satisfied
36465,14,NA
36466,12,Mod. Satisfied
36467,14,Mod. Satisfied
36468,12,Mod. Satisfied
36469,13,Mod. Satisfied
36470,12,Very Satisfied
36471,16,A Little Dissat
36472,13,A Little Dissat
36473,12,Very Satisfied
36474,10,NA
36475,12,Very Satisfied
36476,20,A Little Dissat
36477,13,A Little Dissat
36478,12,Very Satisfied
36479,11,NA
36480,12,Mod. Satisfied
36481,12,NA
36482,14,Mod. Satisfied
36483,14,Mod. Satisfied
36484,14,Very Satisfied
36485,13,Very Dissatisfied
36486,12,Very Satisfied
36487,13,A Little Dissat
36488,13,Mod. Satisfied
36489,18,Very Satisfied
36490,16,Mod. Satisfied
36491,10,Very Satisfied
36492,14,Very Satisfied
36493,7,NA
36494,12,Mod. Satisfied
36495,12,Very Satisfied
36496,10,Very Satisfied
36497,8,Very Satisfied
36498,12,Very Satisfied
36499,12,Mod. Satisfied
36500,12,Very Dissatisfied
36501,12,A Little Dissat
36502,12,Very Satisfied
36503,12,Very Satisfied
36504,13,Very Satisfied
36505,12,NA
36506,12,Very Satisfied
36507,16,Very Satisfied
36508,14,Very Satisfied
36509,12,Very Satisfied
36510,11,NA
36511,16,Mod. Satisfied
36512,14,Mod. Satisfied
36513,13,Very Satisfied
36514,15,Very Dissatisfied
36515,14,Very Satisfied
36516,12,Mod. Satisfied
36517,12,Very Satisfied
36518,13,Very Satisfied
36519,14,Mod. Satisfied
36520,14,Very Satisfied
36521,8,Very Satisfied
36522,12,Mod. Satisfied
36523,9,A Little Dissat
36524,11,Very Satisfied
36525,10,Very Satisfied
36526,15,NA
36527,12,Very Satisfied
36528,17,NA
36529,15,A Little Dissat
36530,16,Very Satisfied
36531,13,Very Satisfied
36532,12,Very Satisfied
36533,16,Mod. Satisfied
36534,13,Mod. Satisfied
36535,19,A Little Dissat
36536,12,NA
36537,12,Mod. Satisfied
36538,16,Mod. Satisfied
36539,14,Very Satisfied
36540,12,Very Satisfied
36541,12,Mod. Satisfied
36542,14,Mod. Satisfied
36543,10,Mod. Satisfied
36544,12,NA
36545,12,Very Satisfied
36546,11,Very Satisfied
36547,13,Mod. Satisfied
36548,12,NA
36549,12,Mod. Satisfied
36550,10,Mod. Satisfied
36551,10,A Little Dissat
36552,15,Mod. Satisfied
36553,16,Very Satisfied
36554,12,Very Satisfied
36555,12,Mod. Satisfied
36556,12,Very Satisfied
36557,14,A Little Dissat
36558,12,Very Dissatisfied
36559,12,Mod. Satisfied
36560,16,Very Satisfied
36561,16,Very Satisfied
36562,20,Very Satisfied
36563,20,Mod. Satisfied
36564,13,NA
36565,16,Mod. Satisfied
36566,16,Mod. Satisfied
36567,20,NA
36568,18,Mod. Satisfied
36569,16,Mod. Satisfied
36570,14,Mod. Satisfied
36571,16,A Little Dissat
36572,13,Very Satisfied
36573,16,A Little Dissat
36574,13,Very Satisfied
36575,12,NA
36576,13,Very Dissatisfied
36577,14,NA
36578,10,NA
36579,NA,NA
36580,12,Very Satisfied
36581,13,NA
36582,12,Very Satisfied
36583,16,A Little Dissat
36584,12,Very Satisfied
36585,10,A Little Dissat
36586,15,A Little Dissat
36587,13,Mod. Satisfied
36588,12,Mod. Satisfied
36589,12,Very Satisfied
36590,12,Very Satisfied
36591,12,Very Satisfied
36592,14,Very Satisfied
36593,14,NA
36594,14,Mod. Satisfied
36595,12,Mod. Satisfied
36596,11,Very Satisfied
36597,12,Mod. Satisfied
36598,13,Very Satisfied
36599,9,Mod. Satisfied
36600,8,Mod. Satisfied
36601,13,Mod. Satisfied
36602,9,Mod. Satisfied
36603,17,NA
36604,12,Mod. Satisfied
36605,12,Mod. Satisfied
36606,13,Mod. Satisfied
36607,12,Mod. Satisfied
36608,14,NA
36609,12,Very Satisfied
36610,12,Mod. Satisfied
36611,16,NA
36612,12,Mod. Satisfied
36613,14,Mod. Satisfied
36614,15,Very Satisfied
36615,8,Mod. Satisfied
36616,14,A Little Dissat
36617,NA,NA
36618,11,Mod. Satisfied
36619,9,A Little Dissat
36620,8,NA
36621,9,Very Satisfied
36622,17,Very Satisfied
36623,16,Mod. Satisfied
36624,16,Mod. Satisfied
36625,19,Very Satisfied
36626,18,Very Satisfied
36627,19,Mod. Satisfied
36628,19,Very Satisfied
36629,12,Very Satisfied
36630,16,Very Satisfied
36631,20,Mod. Satisfied
36632,12,Mod. Satisfied
36633,12,Very Satisfied
36634,18,Mod. Satisfied
36635,17,Mod. Satisfied
36636,13,Very Satisfied
36637,14,NA
36638,17,Mod. Satisfied
36639,11,Mod. Satisfied
36640,13,Very Satisfied
36641,14,Very Dissatisfied
36642,16,Very Satisfied
36643,15,Very Satisfied
36644,15,Mod. Satisfied
36645,13,Very Satisfied
36646,16,Very Satisfied
36647,17,Mod. Satisfied
36648,16,Very Satisfied
36649,14,NA
36650,19,A Little Dissat
36651,20,Very Satisfied
36652,19,Very Satisfied
36653,12,Very Satisfied
36654,15,Very Satisfied
36655,18,Very Satisfied
36656,14,Very Satisfied
36657,12,Mod. Satisfied
36658,16,Very Satisfied
36659,14,Very Satisfied
36660,15,Very Satisfied
36661,11,Very Satisfied
36662,12,Mod. Satisfied
36663,14,Very Satisfied
36664,13,Mod. Satisfied
36665,14,Very Satisfied
36666,16,Mod. Satisfied
36667,12,Mod. Satisfied
36668,16,Mod. Satisfied
36669,16,Very Satisfied
36670,14,A Little Dissat
36671,12,Very Satisfied
36672,11,NA
36673,10,Mod. Satisfied
36674,2,NA
36675,10,NA
36676,10,NA
36677,10,NA
36678,12,Mod. Satisfied
36679,12,NA
36680,12,A Little Dissat
36681,11,Very Satisfied
36682,16,NA
36683,12,Mod. Satisfied
36684,18,Very Satisfied
36685,9,Mod. Satisfied
36686,14,Very Satisfied
36687,9,Very Satisfied
36688,15,NA
36689,12,Mod. Satisfied
36690,18,NA
36691,16,Very Satisfied
36692,13,Very Satisfied
36693,12,Very Dissatisfied
36694,NA,NA
36695,12,Mod. Satisfied
36696,18,Very Satisfied
36697,12,Very Satisfied
36698,12,Very Satisfied
36699,15,Very Satisfied
36700,12,Very Satisfied
36701,17,Mod. Satisfied
36702,19,Very Satisfied
36703,12,NA
36704,14,NA
36705,13,Mod. Satisfied
36706,16,Very Satisfied
36707,12,Mod. Satisfied
36708,14,Very Satisfied
36709,16,Very Satisfied
36710,12,Very Satisfied
36711,14,Mod. Satisfied
36712,18,A Little Dissat
36713,12,Mod. Satisfied
36714,12,Mod. Satisfied
36715,8,Very Dissatisfied
36716,10,NA
36717,14,Mod. Satisfied
36718,14,Very Satisfied
36719,13,Mod. Satisfied
36720,12,Mod. Satisfied
36721,12,Very Satisfied
36722,10,Very Satisfied
36723,13,A Little Dissat
36724,11,Very Satisfied
36725,13,Mod. Satisfied
36726,16,Mod. Satisfied
36727,14,Very Satisfied
36728,11,Very Satisfied
36729,12,Mod. Satisfied
36730,12,Very Satisfied
36731,14,Mod. Satisfied
36732,13,Very Satisfied
36733,12,Very Satisfied
36734,14,Very Satisfied
36735,12,A Little Dissat
36736,11,Mod. Satisfied
36737,12,Very Satisfied
36738,10,Mod. Satisfied
36739,13,Mod. Satisfied
36740,16,Mod. Satisfied
36741,16,Mod. Satisfied
36742,2,Mod. Satisfied
36743,12,Very Satisfied
36744,12,Mod. Satisfied
36745,15,Mod. Satisfied
36746,14,NA
36747,12,NA
36748,NA,Very Satisfied
36749,17,Very Satisfied
36750,8,Very Satisfied
36751,16,Mod. Satisfied
36752,16,NA
36753,16,Mod. Satisfied
36754,17,NA
36755,12,Mod. Satisfied
36756,16,Mod. Satisfied
36757,14,NA
36758,13,Mod. Satisfied
36759,16,Very Satisfied
36760,16,A Little Dissat
36761,6,NA
36762,12,Very Dissatisfied
36763,16,Very Satisfied
36764,13,Mod. Satisfied
36765,14,A Little Dissat
36766,12,Very Satisfied
36767,20,Mod. Satisfied
36768,13,Mod. Satisfied
36769,12,Very Satisfied
36770,20,Very Satisfied
36771,16,Mod. Satisfied
36772,NA,Very Satisfied
36773,16,A Little Dissat
36774,14,NA
36775,14,Mod. Satisfied
36776,8,NA
36777,14,Very Satisfied
36778,12,Very Satisfied
36779,9,Very Satisfied
36780,9,Very Satisfied
36781,11,NA
36782,10,NA
36783,10,Mod. Satisfied
36784,3,NA
36785,12,Mod. Satisfied
36786,14,NA
36787,9,Very Satisfied
36788,12,NA
36789,12,Very Satisfied
36790,12,Mod. Satisfied
36791,16,A Little Dissat
36792,10,Mod. Satisfied
36793,12,Very Satisfied
36794,12,Very Satisfied
36795,0,Very Satisfied
36796,17,Very Satisfied
36797,16,A Little Dissat
36798,16,Very Satisfied
36799,9,Mod. Satisfied
36800,14,Mod. Satisfied
36801,12,Mod. Satisfied
36802,15,Mod. Satisfied
36803,15,Mod. Satisfied
36804,13,Very Dissatisfied
36805,14,Very Satisfied
36806,12,Mod. Satisfied
36807,12,Very Dissatisfied
36808,13,Mod. Satisfied
36809,17,Mod. Satisfied
36810,12,Mod. Satisfied
36811,12,Mod. Satisfied
36812,20,Mod. Satisfied
36813,12,NA
36814,20,NA
36815,12,NA
36816,13,Very Satisfied
36817,14,NA
36818,12,Very Satisfied
36819,12,NA
36820,12,Mod. Satisfied
36821,16,NA
36822,16,NA
36823,16,Very Satisfied
36824,13,NA
36825,14,NA
36826,14,Very Dissatisfied
36827,16,Very Satisfied
36828,13,NA
36829,18,NA
36830,12,Very Satisfied
36831,14,Very Satisfied
36832,13,Mod. Satisfied
36833,16,Very Satisfied
36834,16,Mod. Satisfied
36835,16,Very Satisfied
36836,13,NA
36837,18,Mod. Satisfied
36838,14,Mod. Satisfied
36839,18,Mod. Satisfied
36840,12,Very Dissatisfied
36841,14,Very Satisfied
36842,15,Mod. Satisfied
36843,16,Mod. Satisfied
36844,16,NA
36845,16,Very Satisfied
36846,16,Very Satisfied
36847,15,Very Satisfied
36848,16,Very Satisfied
36849,16,Mod. Satisfied
36850,16,A Little Dissat
36851,12,NA
36852,13,NA
36853,12,Mod. Satisfied
36854,15,Very Satisfied
36855,12,Very Satisfied
36856,16,Very Satisfied
36857,15,A Little Dissat
36858,14,Mod. Satisfied
36859,15,Very Satisfied
36860,13,Mod. Satisfied
36861,16,A Little Dissat
36862,16,Very Satisfied
36863,14,Mod. Satisfied
36864,12,Very Satisfied
36865,13,Very Satisfied
36866,15,A Little Dissat
36867,16,Very Satisfied
36868,20,Mod. Satisfied
36869,16,NA
36870,16,Very Satisfied
36871,12,NA
36872,19,NA
36873,14,A Little Dissat
36874,14,NA
36875,14,Very Satisfied
36876,13,Very Satisfied
36877,13,A Little Dissat
36878,14,A Little Dissat
36879,12,Mod. Satisfied
36880,13,Mod. Satisfied
36881,14,NA
36882,16,Very Satisfied
36883,12,Mod. Satisfied
36884,12,Very Satisfied
36885,15,NA
36886,12,Mod. Satisfied
36887,20,Very Satisfied
36888,13,A Little Dissat
36889,15,Mod. Satisfied
36890,18,Mod. Satisfied
36891,18,A Little Dissat
36892,14,Very Satisfied
36893,12,Mod. Satisfied
36894,15,Very Satisfied
36895,12,Mod. Satisfied
36896,17,Very Satisfied
36897,16,Very Satisfied
36898,12,Very Satisfied
36899,16,Very Satisfied
36900,15,NA
36901,10,NA
36902,7,Mod. Satisfied
36903,19,Mod. Satisfied
36904,9,A Little Dissat
36905,16,Mod. Satisfied
36906,16,NA
36907,18,Mod. Satisfied
36908,16,Very Satisfied
36909,14,Mod. Satisfied
36910,13,Very Satisfied
36911,16,Mod. Satisfied
36912,6,A Little Dissat
36913,14,A Little Dissat
36914,13,Mod. Satisfied
36915,18,Mod. Satisfied
36916,17,Very Satisfied
36917,15,NA
36918,9,Mod. Satisfied
36919,12,Mod. Satisfied
36920,14,Mod. Satisfied
36921,12,Mod. Satisfied
36922,10,Mod. Satisfied
36923,12,Very Satisfied
36924,13,Very Satisfied
36925,13,Very Satisfied
36926,12,A Little Dissat
36927,11,Very Satisfied
36928,7,Very Satisfied
36929,13,A Little Dissat
36930,13,A Little Dissat
36931,12,Mod. Satisfied
36932,12,NA
36933,14,NA
36934,16,Mod. Satisfied
36935,16,Mod. Satisfied
36936,16,Mod. Satisfied
36937,10,Mod. Satisfied
36938,12,Mod. Satisfied
36939,14,Mod. Satisfied
36940,16,Very Satisfied
36941,11,Very Dissatisfied
36942,12,Mod. Satisfied
36943,11,NA
36944,19,Mod. Satisfied
36945,20,Very Satisfied
36946,17,Very Satisfied
36947,16,NA
36948,16,NA
36949,16,NA
36950,20,Mod. Satisfied
36951,15,Very Satisfied
36952,8,NA
36953,15,Very Satisfied
36954,12,Mod. Satisfied
36955,11,Very Satisfied
36956,8,Mod. Satisfied
36957,14,Mod. Satisfied
36958,12,A Little Dissat
36959,12,Mod. Satisfied
36960,13,Very Dissatisfied
36961,14,Very Satisfied
36962,12,Very Dissatisfied
36963,14,Mod. Satisfied
36964,16,Mod. Satisfied
36965,14,NA
36966,15,Mod. Satisfied
36967,12,A Little Dissat
36968,12,NA
36969,13,Very Satisfied
36970,16,Mod. Satisfied
36971,16,Very Satisfied
36972,14,A Little Dissat
36973,9,NA
36974,12,A Little Dissat
36975,10,NA
36976,12,Mod. Satisfied
36977,16,NA
36978,12,Mod. Satisfied
36979,12,Very Satisfied
36980,10,NA
36981,13,Mod. Satisfied
36982,12,Mod. Satisfied
36983,15,A Little Dissat
36984,10,Very Satisfied
36985,19,Mod. Satisfied
36986,13,Very Satisfied
36987,12,Mod. Satisfied
36988,14,Very Satisfied
36989,13,Very Satisfied
36990,14,NA
36991,14,A Little Dissat
36992,15,NA
36993,12,NA
36994,12,Very Satisfied
36995,17,Very Satisfied
36996,12,A Little Dissat
36997,16,A Little Dissat
36998,12,Mod. Satisfied
36999,12,Very Satisfied
37000,20,Very Satisfied
37001,12,A Little Dissat
37002,14,Mod. Satisfied
37003,13,Very Satisfied
37004,13,Very Satisfied
37005,12,NA
37006,16,Very Satisfied
37007,12,Very Satisfied
37008,12,Very Satisfied
37009,12,Mod. Satisfied
37010,12,NA
37011,15,NA
37012,15,Mod. Satisfied
37013,12,Mod. Satisfied
37014,10,NA
37015,12,Mod. Satisfied
37016,14,Very Satisfied
37017,12,Very Satisfied
37018,10,Mod. Satisfied
37019,11,Very Satisfied
37020,14,Very Satisfied
37021,13,A Little Dissat
37022,14,Very Satisfied
37023,11,Very Dissatisfied
37024,12,Mod. Satisfied
37025,14,Very Satisfied
37026,9,NA
37027,11,Mod. Satisfied
37028,11,A Little Dissat
37029,12,NA
37030,12,Mod. Satisfied
37031,12,Very Satisfied
37032,14,Very Satisfied
37033,12,Very Satisfied
37034,13,Mod. Satisfied
37035,13,Very Satisfied
37036,20,NA
37037,13,Very Satisfied
37038,8,NA
37039,12,Mod. Satisfied
37040,8,NA
37041,12,NA
37042,10,Mod. Satisfied
37043,12,Very Satisfied
37044,12,Mod. Satisfied
37045,11,Mod. Satisfied
37046,12,Very Satisfied
37047,12,Very Satisfied
37048,10,NA
37049,11,NA
37050,11,Mod. Satisfied
37051,13,NA
37052,12,NA
37053,11,NA
37054,15,Mod. Satisfied
37055,12,NA
37056,15,Mod. Satisfied
37057,15,NA
37058,13,NA
37059,14,Very Satisfied
37060,12,NA
37061,16,Mod. Satisfied
37062,15,Very Satisfied
37063,12,NA
37064,14,NA
37065,13,A Little Dissat
37066,16,A Little Dissat
37067,16,NA
37068,14,NA
37069,12,Mod. Satisfied
37070,19,NA
37071,12,NA
37072,18,Very Satisfied
37073,18,Very Satisfied
37074,18,Very Satisfied
37075,12,Very Satisfied
37076,16,NA
37077,16,Very Satisfied
37078,16,Very Satisfied
37079,14,Very Satisfied
37080,14,Very Satisfied
37081,12,NA
37082,8,NA
37083,12,Mod. Satisfied
37084,12,Very Satisfied
37085,13,Mod. Satisfied
37086,12,NA
37087,12,A Little Dissat
37088,12,Mod. Satisfied
37089,12,Very Satisfied
37090,14,Mod. Satisfied
37091,12,Very Satisfied
37092,14,Very Satisfied
37093,12,Very Satisfied
37094,11,NA
37095,8,NA
37096,12,NA
37097,13,A Little Dissat
37098,3,Very Satisfied
37099,14,Mod. Satisfied
37100,20,Very Satisfied
37101,8,NA
37102,12,Very Satisfied
37103,6,NA
37104,12,Very Dissatisfied
37105,12,Mod. Satisfied
37106,12,A Little Dissat
37107,13,A Little Dissat
37108,12,Mod. Satisfied
37109,15,Very Satisfied
37110,14,Very Satisfied
37111,12,Very Satisfied
37112,12,Mod. Satisfied
37113,16,Mod. Satisfied
37114,14,Very Satisfied
37115,19,Very Satisfied
37116,14,NA
37117,17,A Little Dissat
37118,16,Mod. Satisfied
37119,18,Very Satisfied
37120,20,Very Satisfied
37121,13,Very Satisfied
37122,16,Mod. Satisfied
37123,18,Mod. Satisfied
37124,17,Very Satisfied
37125,12,Very Dissatisfied
37126,16,Mod. Satisfied
37127,18,NA
37128,17,Very Satisfied
37129,16,Very Satisfied
37130,12,Very Satisfied
37131,16,Mod. Satisfied
37132,16,Very Satisfied
37133,16,Very Satisfied
37134,12,Mod. Satisfied
37135,14,Very Satisfied
37136,13,Mod. Satisfied
37137,16,Mod. Satisfied
37138,16,Mod. Satisfied
37139,17,Mod. Satisfied
37140,18,Mod. Satisfied
37141,12,NA
37142,14,Very Satisfied
37143,16,A Little Dissat
37144,8,Mod. Satisfied
37145,20,Very Satisfied
37146,12,A Little Dissat
37147,11,NA
37148,16,Mod. Satisfied
37149,12,NA
37150,5,Mod. Satisfied
37151,14,NA
37152,15,Very Satisfied
37153,16,NA
37154,8,NA
37155,4,NA
37156,11,Very Satisfied
37157,9,A Little Dissat
37158,16,Mod. Satisfied
37159,14,Very Satisfied
37160,11,NA
37161,12,Very Satisfied
37162,6,NA
37163,9,Very Satisfied
37164,10,A Little Dissat
37165,11,Very Dissatisfied
37166,12,Mod. Satisfied
37167,12,Mod. Satisfied
37168,13,Very Satisfied
37169,11,A Little Dissat
37170,12,Very Satisfied
37171,8,Mod. Satisfied
37172,11,Very Satisfied
37173,10,Very Satisfied
37174,12,Very Satisfied
37175,13,Mod. Satisfied
37176,19,A Little Dissat
37177,14,Very Satisfied
37178,12,Mod. Satisfied
37179,11,Very Satisfied
37180,17,Very Satisfied
37181,19,Mod. Satisfied
37182,16,A Little Dissat
37183,16,Mod. Satisfied
37184,8,NA
37185,17,Very Satisfied
37186,16,Mod. Satisfied
37187,5,NA
37188,16,Mod. Satisfied
37189,12,NA
37190,11,Very Satisfied
37191,15,Mod. Satisfied
37192,12,Mod. Satisfied
37193,8,NA
37194,12,NA
37195,15,NA
37196,16,NA
37197,16,NA
37198,6,Very Satisfied
37199,9,Mod. Satisfied
37200,10,NA
37201,12,NA
37202,13,Mod. Satisfied
37203,9,A Little Dissat
37204,15,NA
37205,14,Mod. Satisfied
37206,16,Very Satisfied
37207,14,Very Satisfied
37208,18,NA
37209,18,Very Satisfied
37210,17,Mod. Satisfied
37211,14,NA
37212,15,Mod. Satisfied
37213,13,Mod. Satisfied
37214,12,Mod. Satisfied
37215,16,Very Satisfied
37216,16,Very Satisfied
37217,12,Very Satisfied
37218,16,Very Satisfied
37219,13,NA
37220,16,Very Satisfied
37221,14,Mod. Satisfied
37222,14,Mod. Satisfied
37223,12,Mod. Satisfied
37224,14,Very Dissatisfied
37225,14,Mod. Satisfied
37226,13,Very Satisfied
37227,12,A Little Dissat
37228,13,A Little Dissat
37229,16,Mod. Satisfied
37230,15,Mod. Satisfied
37231,14,Mod. Satisfied
37232,13,Mod. Satisfied
37233,16,Very Satisfied
37234,18,Very Satisfied
37235,17,Mod. Satisfied
37236,12,NA
37237,14,A Little Dissat
37238,13,Very Satisfied
37239,14,Very Satisfied
37240,12,Very Satisfied
37241,10,NA
37242,12,NA
37243,15,Mod. Satisfied
37244,16,A Little Dissat
37245,14,A Little Dissat
37246,19,NA
37247,12,NA
37248,13,NA
37249,12,Mod. Satisfied
37250,14,Mod. Satisfied
37251,20,Very Satisfied
37252,14,Very Satisfied
37253,16,Mod. Satisfied
37254,16,Very Satisfied
37255,12,Very Satisfied
37256,18,Mod. Satisfied
37257,12,Very Satisfied
37258,12,Very Satisfied
37259,11,NA
37260,12,Very Satisfied
37261,18,Very Satisfied
37262,16,Mod. Satisfied
37263,12,Very Satisfied
37264,17,A Little Dissat
37265,13,Very Dissatisfied
37266,11,NA
37267,12,Mod. Satisfied
37268,12,Mod. Satisfied
37269,12,A Little Dissat
37270,15,Very Satisfied
37271,13,A Little Dissat
37272,12,Very Satisfied
37273,12,Mod. Satisfied
37274,13,Mod. Satisfied
37275,13,Very Satisfied
37276,12,NA
37277,12,Mod. Satisfied
37278,18,Very Satisfied
37279,13,Very Dissatisfied
37280,16,Very Satisfied
37281,12,NA
37282,16,Very Satisfied
37283,11,A Little Dissat
37284,17,NA
37285,16,Mod. Satisfied
37286,13,Very Satisfied
37287,18,A Little Dissat
37288,14,Mod. Satisfied
37289,16,Very Satisfied
37290,14,Very Satisfied
37291,13,Mod. Satisfied
37292,16,Very Satisfied
37293,14,Very Satisfied
37294,16,Very Satisfied
37295,15,Very Satisfied
37296,12,NA
37297,16,Mod. Satisfied
37298,14,Very Satisfied
37299,14,Very Satisfied
37300,16,Mod. Satisfied
37301,14,NA
37302,13,Very Satisfied
37303,4,NA
37304,17,Mod. Satisfied
37305,14,Mod. Satisfied
37306,14,Very Satisfied
37307,16,Very Satisfied
37308,14,Very Satisfied
37309,16,Very Satisfied
37310,13,Very Satisfied
37311,14,A Little Dissat
37312,18,Mod. Satisfied
37313,14,Very Satisfied
37314,12,Very Satisfied
37315,13,Mod. Satisfied
37316,10,NA
37317,13,Mod. Satisfied
37318,12,NA
37319,12,Mod. Satisfied
37320,12,Mod. Satisfied
37321,16,NA
37322,9,Very Satisfied
37323,16,NA
37324,11,Mod. Satisfied
37325,12,A Little Dissat
37326,9,NA
37327,15,Very Dissatisfied
37328,9,Very Satisfied
37329,6,NA
37330,13,Very Dissatisfied
37331,16,A Little Dissat
37332,12,Mod. Satisfied
37333,12,Very Satisfied
37334,12,Mod. Satisfied
37335,16,Mod. Satisfied
37336,12,Mod. Satisfied
37337,12,Very Satisfied
37338,15,NA
37339,12,Very Satisfied
37340,16,Mod. Satisfied
37341,12,Mod. Satisfied
37342,16,Very Satisfied
37343,16,Mod. Satisfied
37344,12,Very Satisfied
37345,18,A Little Dissat
37346,16,Very Satisfied
37347,12,Mod. Satisfied
37348,15,NA
37349,17,Mod. Satisfied
37350,14,A Little Dissat
37351,18,Very Satisfied
37352,16,Mod. Satisfied
37353,11,Mod. Satisfied
37354,12,A Little Dissat
37355,12,Mod. Satisfied
37356,12,Very Satisfied
37357,14,A Little Dissat
37358,7,Very Satisfied
37359,12,Very Satisfied
37360,16,Mod. Satisfied
37361,12,NA
37362,12,NA
37363,9,NA
37364,3,NA
37365,16,Very Satisfied
37366,20,NA
37367,16,Mod. Satisfied
37368,12,Very Satisfied
37369,16,Very Satisfied
37370,12,Very Satisfied
37371,20,Very Satisfied
37372,20,NA
37373,16,Very Satisfied
37374,16,Very Satisfied
37375,17,NA
37376,18,A Little Dissat
37377,16,Mod. Satisfied
37378,14,NA
37379,15,Mod. Satisfied
37380,11,NA
37381,16,Very Satisfied
37382,16,Mod. Satisfied
37383,8,Very Satisfied
37384,12,NA
37385,11,NA
37386,11,Mod. Satisfied
37387,16,NA
37388,14,Mod. Satisfied
37389,16,Very Satisfied
37390,13,Mod. Satisfied
37391,11,Very Satisfied
37392,8,NA
37393,15,Mod. Satisfied
37394,12,Very Satisfied
37395,16,A Little Dissat
37396,12,Very Satisfied
37397,12,NA
37398,12,Very Satisfied
37399,15,Very Satisfied
37400,16,Mod. Satisfied
37401,18,Mod. Satisfied
37402,14,Mod. Satisfied
37403,12,Mod. Satisfied
37404,16,Mod. Satisfied
37405,18,NA
37406,14,Very Satisfied
37407,12,NA
37408,12,NA
37409,12,NA
37410,18,Mod. Satisfied
37411,13,Mod. Satisfied
37412,16,Mod. Satisfied
37413,16,Very Satisfied
37414,16,Very Satisfied
37415,16,Mod. Satisfied
37416,14,Very Satisfied
37417,12,Very Dissatisfied
37418,14,Very Satisfied
37419,16,Very Satisfied
37420,16,Mod. Satisfied
37421,20,Very Satisfied
37422,12,Mod. Satisfied
37423,18,Mod. Satisfied
37424,16,Mod. Satisfied
37425,16,A Little Dissat
37426,20,NA
37427,14,NA
37428,12,NA
37429,16,Mod. Satisfied
37430,13,Very Satisfied
37431,16,Mod. Satisfied
37432,16,Mod. Satisfied
37433,13,Very Satisfied
37434,14,Very Satisfied
37435,16,Mod. Satisfied
37436,14,A Little Dissat
37437,12,NA
37438,16,Very Satisfied
37439,14,A Little Dissat
37440,14,A Little Dissat
37441,10,Mod. Satisfied
37442,12,Mod. Satisfied
37443,7,NA
37444,11,Mod. Satisfied
37445,15,Very Satisfied
37446,15,Mod. Satisfied
37447,4,Mod. Satisfied
37448,18,NA
37449,18,Very Satisfied
37450,6,NA
37451,11,NA
37452,12,A Little Dissat
37453,5,Mod. Satisfied
37454,6,NA
37455,6,NA
37456,15,Very Satisfied
37457,14,NA
37458,11,A Little Dissat
37459,15,Mod. Satisfied
37460,16,A Little Dissat
37461,10,Very Satisfied
37462,16,A Little Dissat
37463,16,Very Satisfied
37464,11,A Little Dissat
37465,12,A Little Dissat
37466,20,Very Satisfied
37467,15,NA
37468,17,Very Satisfied
37469,18,Very Satisfied
37470,14,Very Satisfied
37471,18,Very Satisfied
37472,20,Mod. Satisfied
37473,15,Very Satisfied
37474,16,Mod. Satisfied
37475,14,NA
37476,12,Very Satisfied
37477,9,Mod. Satisfied
37478,12,Very Satisfied
37479,13,Very Satisfied
37480,16,Mod. Satisfied
37481,16,Very Satisfied
37482,11,NA
37483,11,A Little Dissat
37484,16,Mod. Satisfied
37485,12,Very Satisfied
37486,17,NA
37487,14,Very Satisfied
37488,12,NA
37489,18,NA
37490,12,Mod. Satisfied
37491,14,Very Satisfied
37492,16,NA
37493,12,Mod. Satisfied
37494,16,Very Satisfied
37495,14,Mod. Satisfied
37496,17,Very Satisfied
37497,12,NA
37498,16,Very Satisfied
37499,18,Very Satisfied
37500,14,NA
37501,11,Mod. Satisfied
37502,20,Very Satisfied
37503,13,A Little Dissat
37504,12,Very Satisfied
37505,7,Mod. Satisfied
37506,14,NA
37507,14,Very Dissatisfied
37508,11,Very Satisfied
37509,12,Mod. Satisfied
37510,12,Mod. Satisfied
37511,12,Very Satisfied
37512,10,Mod. Satisfied
37513,10,Very Satisfied
37514,12,Mod. Satisfied
37515,16,Very Satisfied
37516,12,Mod. Satisfied
37517,10,NA
37518,12,Mod. Satisfied
37519,12,Very Satisfied
37520,16,Very Satisfied
37521,12,NA
37522,15,NA
37523,12,Very Satisfied
37524,9,NA
37525,12,NA
37526,15,NA
37527,7,Very Satisfied
37528,16,Mod. Satisfied
37529,NA,NA
37530,13,NA
37531,14,NA
37532,12,Very Dissatisfied
37533,10,NA
37534,13,Very Satisfied
37535,14,A Little Dissat
37536,15,NA
37537,12,Mod. Satisfied
37538,12,Very Satisfied
37539,12,Mod. Satisfied
37540,14,Mod. Satisfied
37541,12,Very Satisfied
37542,12,Very Satisfied
37543,11,Very Dissatisfied
37544,13,NA
37545,10,Very Satisfied
37546,14,A Little Dissat
37547,12,Mod. Satisfied
37548,12,Mod. Satisfied
37549,6,NA
37550,13,Very Satisfied
37551,16,Very Satisfied
37552,16,Very Satisfied
37553,11,Very Satisfied
37554,12,Very Satisfied
37555,12,Very Satisfied
37556,12,Very Satisfied
37557,12,Mod. Satisfied
37558,20,Very Satisfied
37559,12,Mod. Satisfied
37560,12,NA
37561,12,Mod. Satisfied
37562,12,Very Satisfied
37563,10,NA
37564,12,Mod. Satisfied
37565,12,Very Satisfied
37566,10,Very Satisfied
37567,9,Mod. Satisfied
37568,13,NA
37569,18,Mod. Satisfied
37570,15,Mod. Satisfied
37571,16,NA
37572,8,NA
37573,12,Mod. Satisfied
37574,17,Very Satisfied
37575,10,Very Satisfied
37576,12,NA
37577,14,Mod. Satisfied
37578,14,Mod. Satisfied
37579,20,A Little Dissat
37580,14,Mod. Satisfied
37581,13,Mod. Satisfied
37582,12,A Little Dissat
37583,12,Very Satisfied
37584,12,Very Satisfied
37585,11,Mod. Satisfied
37586,12,Very Satisfied
37587,12,A Little Dissat
37588,12,Very Satisfied
37589,12,A Little Dissat
37590,11,Mod. Satisfied
37591,2,NA
37592,12,NA
37593,11,NA
37594,11,NA
37595,14,Mod. Satisfied
37596,12,Very Satisfied
37597,10,Very Satisfied
37598,12,Very Satisfied
37599,8,NA
37600,16,A Little Dissat
37601,13,Mod. Satisfied
37602,12,Very Satisfied
37603,15,NA
37604,13,Mod. Satisfied
37605,17,Mod. Satisfied
37606,16,Very Satisfied
37607,13,A Little Dissat
37608,19,Mod. Satisfied
37609,16,Very Satisfied
37610,13,NA
37611,18,Very Satisfied
37612,12,Very Satisfied
37613,16,Mod. Satisfied
37614,13,Mod. Satisfied
37615,13,Very Satisfied
37616,12,Very Satisfied
37617,17,Mod. Satisfied
37618,18,Very Satisfied
37619,12,Very Satisfied
37620,13,Mod. Satisfied
37621,13,NA
37622,12,Mod. Satisfied
37623,15,Very Satisfied
37624,15,Mod. Satisfied
37625,16,Very Satisfied
37626,15,Very Satisfied
37627,14,Very Satisfied
37628,16,Very Satisfied
37629,12,Very Satisfied
37630,10,Mod. Satisfied
37631,14,NA
37632,7,Mod. Satisfied
37633,8,Mod. Satisfied
37634,12,Very Satisfied
37635,12,Very Satisfied
37636,9,NA
37637,18,NA
37638,9,NA
37639,6,NA
37640,10,Very Satisfied
37641,12,Very Satisfied
37642,8,Mod. Satisfied
37643,15,Very Satisfied
37644,8,NA
37645,8,NA
37646,12,Mod. Satisfied
37647,8,NA
37648,16,Very Satisfied
37649,NA,NA
37650,12,A Little Dissat
37651,10,A Little Dissat
37652,7,Mod. Satisfied
37653,10,Mod. Satisfied
37654,15,Mod. Satisfied
37655,13,Mod. Satisfied
37656,14,Very Satisfied
37657,13,Very Satisfied
37658,8,Mod. Satisfied
37659,8,A Little Dissat
37660,15,NA
37661,15,Very Satisfied
37662,14,Very Satisfied
37663,2,Mod. Satisfied
37664,12,Mod. Satisfied
37665,13,NA
37666,14,Mod. Satisfied
37667,13,Mod. Satisfied
37668,11,Mod. Satisfied
37669,12,Very Satisfied
37670,12,Mod. Satisfied
37671,12,Very Satisfied
37672,12,Mod. Satisfied
37673,9,Very Satisfied
37674,15,NA
37675,10,NA
37676,20,Mod. Satisfied
37677,12,Very Satisfied
37678,12,Mod. Satisfied
37679,12,Mod. Satisfied
37680,19,Mod. Satisfied
37681,9,Very Satisfied
37682,11,Very Satisfied
37683,10,Very Satisfied
37684,12,A Little Dissat
37685,12,Mod. Satisfied
37686,9,NA
37687,17,Mod. Satisfied
37688,16,Mod. Satisfied
37689,12,Mod. Satisfied
37690,13,A Little Dissat
37691,11,Very Satisfied
37692,12,Very Satisfied
37693,14,Very Satisfied
37694,12,Very Satisfied
37695,15,Mod. Satisfied
37696,12,Very Satisfied
37697,13,Very Satisfied
37698,12,Very Satisfied
37699,13,Mod. Satisfied
37700,12,NA
37701,20,NA
37702,12,Very Satisfied
37703,14,Very Satisfied
37704,14,Very Satisfied
37705,12,NA
37706,10,NA
37707,13,Very Satisfied
37708,7,Mod. Satisfied
37709,12,NA
37710,14,Very Satisfied
37711,8,NA
37712,13,Very Satisfied
37713,18,Very Satisfied
37714,13,Mod. Satisfied
37715,14,Very Satisfied
37716,12,A Little Dissat
37717,12,Mod. Satisfied
37718,12,Mod. Satisfied
37719,12,Very Satisfied
37720,14,Mod. Satisfied
37721,12,Very Satisfied
37722,12,Very Satisfied
37723,9,Mod. Satisfied
37724,10,A Little Dissat
37725,13,A Little Dissat
37726,12,Very Satisfied
37727,20,Very Satisfied
37728,12,Mod. Satisfied
37729,14,Mod. Satisfied
37730,16,Very Satisfied
37731,12,Very Satisfied
37732,10,Mod. Satisfied
37733,12,Very Satisfied
37734,15,Mod. Satisfied
37735,13,NA
37736,9,NA
37737,12,Very Satisfied
37738,10,Very Satisfied
37739,12,Mod. Satisfied
37740,9,NA
37741,12,NA
37742,14,NA
37743,10,NA
37744,13,Mod. Satisfied
37745,14,Very Satisfied
37746,12,NA
37747,16,Mod. Satisfied
37748,8,NA
37749,12,Mod. Satisfied
37750,3,NA
37751,13,Very Dissatisfied
37752,9,NA
37753,12,Very Satisfied
37754,12,Very Satisfied
37755,12,NA
37756,15,Very Satisfied
37757,12,NA
37758,15,Very Satisfied
37759,12,Mod. Satisfied
37760,12,Mod. Satisfied
37761,12,Very Satisfied
37762,14,Very Satisfied
37763,12,Very Satisfied
37764,12,Mod. Satisfied
37765,9,Mod. Satisfied
37766,12,Mod. Satisfied
37767,12,Mod. Satisfied
37768,16,A Little Dissat
37769,12,Mod. Satisfied
37770,12,Mod. Satisfied
37771,12,Mod. Satisfied
37772,16,Very Satisfied
37773,13,Very Satisfied
37774,14,Very Satisfied
37775,12,NA
37776,15,Mod. Satisfied
37777,14,Mod. Satisfied
37778,19,Very Satisfied
37779,13,Very Satisfied
37780,13,NA
37781,14,Mod. Satisfied
37782,16,Mod. Satisfied
37783,12,Mod. Satisfied
37784,10,NA
37785,16,Mod. Satisfied
37786,10,NA
37787,12,Very Satisfied
37788,12,A Little Dissat
37789,12,Very Satisfied
37790,12,Very Satisfied
37791,11,Very Satisfied
37792,13,Mod. Satisfied
37793,12,Mod. Satisfied
37794,16,Very Satisfied
37795,12,Very Satisfied
37796,12,Very Dissatisfied
37797,10,Very Satisfied
37798,8,NA
37799,12,Very Satisfied
37800,12,Mod. Satisfied
37801,14,Very Satisfied
37802,10,Very Satisfied
37803,12,Mod. Satisfied
37804,12,Very Satisfied
37805,12,Mod. Satisfied
37806,12,Very Satisfied
37807,12,Very Satisfied
37808,6,Very Satisfied
37809,16,Very Satisfied
37810,11,A Little Dissat
37811,12,Mod. Satisfied
37812,14,Very Satisfied
37813,11,Very Dissatisfied
37814,12,Mod. Satisfied
37815,14,NA
37816,11,NA
37817,12,Mod. Satisfied
37818,16,Mod. Satisfied
37819,13,Very Satisfied
37820,14,NA
37821,12,A Little Dissat
37822,6,NA
37823,10,Mod. Satisfied
37824,14,NA
37825,12,Mod. Satisfied
37826,10,Mod. Satisfied
37827,11,Mod. Satisfied
37828,12,Very Satisfied
37829,7,NA
37830,11,A Little Dissat
37831,12,Mod. Satisfied
37832,12,Mod. Satisfied
37833,12,Mod. Satisfied
37834,12,NA
37835,16,Very Satisfied
37836,16,Mod. Satisfied
37837,12,A Little Dissat
37838,16,Mod. Satisfied
37839,16,A Little Dissat
37840,8,Very Satisfied
37841,16,Mod. Satisfied
37842,14,Very Dissatisfied
37843,16,Mod. Satisfied
37844,12,NA
37845,13,Mod. Satisfied
37846,18,Mod. Satisfied
37847,9,NA
37848,12,NA
37849,11,Mod. Satisfied
37850,11,NA
37851,12,Very Satisfied
37852,9,Very Satisfied
37853,12,Very Satisfied
37854,16,Very Satisfied
37855,12,Very Satisfied
37856,12,Mod. Satisfied
37857,12,Very Satisfied
37858,12,Very Satisfied
37859,11,A Little Dissat
37860,12,Mod. Satisfied
37861,12,Mod. Satisfied
37862,4,Mod. Satisfied
37863,13,NA
37864,16,Very Satisfied
37865,17,Mod. Satisfied
37866,12,NA
37867,8,NA
37868,12,NA
37869,7,NA
37870,12,NA
37871,8,NA
37872,12,Mod. Satisfied
37873,15,Mod. Satisfied
37874,14,Mod. Satisfied
37875,12,Mod. Satisfied
37876,16,Mod. Satisfied
37877,8,NA
37878,10,Mod. Satisfied
37879,13,Very Satisfied
37880,14,Very Satisfied
37881,18,Very Satisfied
37882,12,Very Satisfied
37883,12,Mod. Satisfied
37884,12,Very Dissatisfied
37885,13,A Little Dissat
37886,16,Mod. Satisfied
37887,13,A Little Dissat
37888,12,Mod. Satisfied
37889,12,A Little Dissat
37890,13,Mod. Satisfied
37891,14,NA
37892,16,A Little Dissat
37893,13,A Little Dissat
37894,12,Very Satisfied
37895,14,Very Dissatisfied
37896,12,A Little Dissat
37897,10,Very Satisfied
37898,9,NA
37899,12,Very Satisfied
37900,12,A Little Dissat
37901,13,A Little Dissat
37902,12,A Little Dissat
37903,12,Mod. Satisfied
37904,12,NA
37905,10,Mod. Satisfied
37906,12,NA
37907,10,Very Satisfied
37908,13,Very Satisfied
37909,12,Very Satisfied
37910,15,NA
37911,13,A Little Dissat
37912,10,NA
37913,12,Mod. Satisfied
37914,14,Very Satisfied
37915,11,Very Satisfied
37916,9,NA
37917,14,Very Satisfied
37918,12,NA
37919,11,NA
37920,14,Very Satisfied
37921,12,Very Satisfied
37922,12,NA
37923,12,NA
37924,12,Very Satisfied
37925,13,Very Satisfied
37926,16,NA
37927,14,Mod. Satisfied
37928,12,Mod. Satisfied
37929,14,Mod. Satisfied
37930,12,NA
37931,13,Very Satisfied
37932,14,Very Satisfied
37933,12,Mod. Satisfied
37934,15,NA
37935,15,NA
37936,16,NA
37937,17,Very Satisfied
37938,12,Mod. Satisfied
37939,12,Mod. Satisfied
37940,12,Mod. Satisfied
37941,18,Very Satisfied
37942,19,Very Satisfied
37943,12,Very Satisfied
37944,16,Very Satisfied
37945,13,NA
37946,16,Mod. Satisfied
37947,12,NA
37948,18,NA
37949,17,Mod. Satisfied
37950,14,NA
37951,14,A Little Dissat
37952,16,Very Satisfied
37953,16,Very Satisfied
37954,14,Very Satisfied
37955,13,Very Satisfied
37956,12,NA
37957,13,NA
37958,8,Very Satisfied
37959,12,Very Satisfied
37960,12,NA
37961,8,Mod. Satisfied
37962,14,Very Dissatisfied
37963,12,Mod. Satisfied
37964,13,Mod. Satisfied
37965,10,NA
37966,12,Mod. Satisfied
37967,9,Very Satisfied
37968,12,Mod. Satisfied
37969,9,NA
37970,13,Mod. Satisfied
37971,19,NA
37972,20,NA
37973,11,Very Satisfied
37974,10,A Little Dissat
37975,12,Mod. Satisfied
37976,6,NA
37977,12,A Little Dissat
37978,11,Very Satisfied
37979,4,Very Satisfied
37980,13,Mod. Satisfied
37981,13,A Little Dissat
37982,14,NA
37983,14,NA
37984,12,Mod. Satisfied
37985,12,Mod. Satisfied
37986,14,Very Satisfied
37987,12,Mod. Satisfied
37988,12,NA
37989,10,NA
37990,8,NA
37991,11,NA
37992,15,NA
37993,10,Very Satisfied
37994,12,Very Satisfied
37995,4,NA
37996,12,NA
37997,14,NA
37998,11,Very Dissatisfied
37999,12,A Little Dissat
38000,10,NA
38001,12,NA
38002,3,Very Satisfied
38003,12,Very Satisfied
38004,15,NA
38005,8,A Little Dissat
38006,12,Mod. Satisfied
38007,11,Very Satisfied
38008,12,Mod. Satisfied
38009,8,Very Satisfied
38010,10,NA
38011,12,Very Satisfied
38012,12,Mod. Satisfied
38013,18,Very Satisfied
38014,14,Mod. Satisfied
38015,14,Very Satisfied
38016,12,Very Satisfied
38017,14,Mod. Satisfied
38018,16,Mod. Satisfied
38019,12,Mod. Satisfied
38020,11,Mod. Satisfied
38021,16,NA
38022,14,Very Satisfied
38023,14,Mod. Satisfied
38024,15,Very Satisfied
38025,12,NA
38026,16,NA
38027,14,Very Satisfied
38028,14,Very Satisfied
38029,15,Very Satisfied
38030,13,NA
38031,14,NA
38032,14,Mod. Satisfied
38033,16,Mod. Satisfied
38034,13,Mod. Satisfied
38035,12,Very Satisfied
38036,12,NA
38037,12,Very Satisfied
38038,10,Very Satisfied
38039,12,NA
38040,11,NA
38041,7,NA
38042,13,Mod. Satisfied
38043,12,Mod. Satisfied
38044,12,Mod. Satisfied
38045,12,A Little Dissat
38046,11,NA
38047,17,Very Satisfied
38048,12,Very Satisfied
38049,12,Very Satisfied
38050,13,Very Satisfied
38051,12,Very Satisfied
38052,18,Very Satisfied
38053,8,Very Satisfied
38054,12,Mod. Satisfied
38055,19,Very Satisfied
38056,16,NA
38057,15,Very Satisfied
38058,7,Very Satisfied
38059,16,Mod. Satisfied
38060,20,A Little Dissat
38061,13,Very Satisfied
38062,12,Very Satisfied
38063,12,Mod. Satisfied
38064,10,Very Satisfied
38065,8,Very Satisfied
38066,12,Very Satisfied
38067,16,Very Satisfied
38068,12,A Little Dissat
38069,15,Very Satisfied
38070,12,Mod. Satisfied
38071,10,NA
38072,12,Mod. Satisfied
38073,12,NA
38074,12,Mod. Satisfied
38075,14,Very Satisfied
38076,12,NA
38077,10,NA
38078,15,Very Dissatisfied
38079,18,Very Satisfied
38080,12,Very Satisfied
38081,12,Very Satisfied
38082,16,Very Dissatisfied
38083,12,Very Satisfied
38084,12,Very Satisfied
38085,12,Mod. Satisfied
38086,15,Mod. Satisfied
38087,13,Very Satisfied
38088,12,Mod. Satisfied
38089,12,Mod. Satisfied
38090,12,A Little Dissat
38091,12,Very Satisfied
38092,10,Mod. Satisfied
38093,12,Mod. Satisfied
38094,13,Mod. Satisfied
38095,12,Mod. Satisfied
38096,13,Mod. Satisfied
38097,14,NA
38098,13,Very Satisfied
38099,13,Very Satisfied
38100,18,Very Satisfied
38101,12,NA
38102,14,Mod. Satisfied
38103,12,NA
38104,14,Very Satisfied
38105,12,NA
38106,12,A Little Dissat
38107,14,Mod. Satisfied
38108,12,Very Satisfied
38109,13,Mod. Satisfied
38110,12,Mod. Satisfied
38111,9,A Little Dissat
38112,14,Very Satisfied
38113,12,Very Satisfied
38114,6,NA
38115,12,Mod. Satisfied
38116,10,Mod. Satisfied
38117,16,Very Satisfied
38118,15,Mod. Satisfied
38119,13,NA
38120,14,Very Satisfied
38121,14,A Little Dissat
38122,12,Mod. Satisfied
38123,14,Very Satisfied
38124,14,Very Satisfied
38125,18,Very Satisfied
38126,16,Very Satisfied
38127,18,Very Satisfied
38128,20,Very Satisfied
38129,12,Mod. Satisfied
38130,17,Very Satisfied
38131,16,Very Satisfied
38132,16,Mod. Satisfied
38133,15,NA
38134,12,Mod. Satisfied
38135,8,Mod. Satisfied
38136,12,NA
38137,16,Very Satisfied
38138,17,Very Satisfied
38139,11,NA
38140,16,Mod. Satisfied
38141,16,NA
38142,12,NA
38143,12,NA
38144,13,NA
38145,12,NA
38146,13,NA
38147,12,NA
38148,17,Very Satisfied
38149,12,Very Satisfied
38150,12,Very Satisfied
38151,13,Very Satisfied
38152,8,Very Satisfied
38153,16,A Little Dissat
38154,14,Very Satisfied
38155,16,Mod. Satisfied
38156,13,NA
38157,16,Very Satisfied
38158,14,Very Satisfied
38159,12,Mod. Satisfied
38160,19,NA
38161,14,Mod. Satisfied
38162,6,Mod. Satisfied
38163,18,Very Satisfied
38164,12,Very Satisfied
38165,16,Mod. Satisfied
38166,16,Very Satisfied
38167,11,Mod. Satisfied
38168,16,Very Satisfied
38169,16,Very Satisfied
38170,13,Very Satisfied
38171,15,Very Satisfied
38172,12,Very Satisfied
38173,12,Mod. Satisfied
38174,18,Very Satisfied
38175,16,Mod. Satisfied
38176,15,Very Satisfied
38177,17,Very Satisfied
38178,20,A Little Dissat
38179,16,Very Satisfied
38180,10,NA
38181,8,Mod. Satisfied
38182,12,Very Satisfied
38183,14,Very Satisfied
38184,7,Very Satisfied
38185,12,Very Satisfied
38186,10,NA
38187,10,NA
38188,7,NA
38189,12,NA
38190,12,NA
38191,4,NA
38192,11,Mod. Satisfied
38193,9,NA
38194,13,NA
38195,19,Mod. Satisfied
38196,18,Mod. Satisfied
38197,13,Mod. Satisfied
38198,14,Very Satisfied
38199,19,NA
38200,15,A Little Dissat
38201,13,Mod. Satisfied
38202,13,NA
38203,12,Very Satisfied
38204,16,Mod. Satisfied
38205,12,Mod. Satisfied
38206,12,NA
38207,13,NA
38208,14,Mod. Satisfied
38209,NA,Mod. Satisfied
38210,16,Very Satisfied
38211,13,Mod. Satisfied
38212,14,Very Satisfied
38213,12,Mod. Satisfied
38214,18,Very Satisfied
38215,16,NA
38216,19,Mod. Satisfied
38217,19,Mod. Satisfied
38218,16,Mod. Satisfied
38219,16,Very Satisfied
38220,16,Mod. Satisfied
38221,13,NA
38222,17,NA
38223,16,Very Satisfied
38224,16,Very Satisfied
38225,16,NA
38226,15,Very Satisfied
38227,16,Mod. Satisfied
38228,12,Mod. Satisfied
38229,16,Very Satisfied
38230,16,Very Satisfied
38231,9,Very Satisfied
38232,13,A Little Dissat
38233,12,Very Satisfied
38234,8,NA
38235,11,Very Satisfied
38236,11,NA
38237,13,NA
38238,10,Mod. Satisfied
38239,8,NA
38240,13,Very Satisfied
38241,13,Very Satisfied
38242,12,Mod. Satisfied
38243,8,Mod. Satisfied
38244,10,Mod. Satisfied
38245,11,Very Dissatisfied
38246,12,NA
38247,16,Very Satisfied
38248,15,Very Satisfied
38249,19,Mod. Satisfied
38250,14,A Little Dissat
38251,12,Mod. Satisfied
38252,16,Very Satisfied
38253,8,NA
38254,12,NA
38255,11,NA
38256,13,NA
38257,7,NA
38258,11,NA
38259,7,NA
38260,9,NA
38261,9,NA
38262,14,Very Satisfied
38263,12,Very Satisfied
38264,12,Very Satisfied
38265,16,Very Satisfied
38266,12,NA
38267,14,Very Satisfied
38268,11,Very Satisfied
38269,14,Mod. Satisfied
38270,12,Very Satisfied
38271,13,Mod. Satisfied
38272,14,Very Satisfied
38273,12,NA
38274,12,Mod. Satisfied
38275,20,Very Satisfied
38276,16,Very Satisfied
38277,12,NA
38278,12,Mod. Satisfied
38279,10,Mod. Satisfied
38280,16,Very Dissatisfied
38281,16,Mod. Satisfied
38282,16,Mod. Satisfied
38283,11,Very Dissatisfied
38284,12,NA
38285,10,Mod. Satisfied
38286,14,Very Satisfied
38287,12,Mod. Satisfied
38288,14,Mod. Satisfied
38289,14,Very Satisfied
38290,12,NA
38291,16,Very Satisfied
38292,16,Very Satisfied
38293,12,Mod. Satisfied
38294,19,NA
38295,14,Mod. Satisfied
38296,13,A Little Dissat
38297,16,Very Satisfied
38298,12,NA
38299,16,Mod. Satisfied
38300,NA,Mod. Satisfied
38301,NA,Mod. Satisfied
38302,20,Very Satisfied
38303,19,Mod. Satisfied
38304,NA,Very Satisfied
38305,16,Mod. Satisfied
38306,19,Mod. Satisfied
38307,17,Mod. Satisfied
38308,16,Very Dissatisfied
38309,8,NA
38310,20,Mod. Satisfied
38311,13,Very Satisfied
38312,16,Very Satisfied
38313,11,Very Satisfied
38314,13,NA
38315,11,NA
38316,11,Mod. Satisfied
38317,15,Very Satisfied
38318,12,Very Satisfied
38319,11,Very Satisfied
38320,16,Very Satisfied
38321,16,Mod. Satisfied
38322,19,Mod. Satisfied
38323,12,Very Satisfied
38324,17,Very Satisfied
38325,14,Very Satisfied
38326,13,NA
38327,17,Mod. Satisfied
38328,12,NA
38329,12,Mod. Satisfied
38330,19,Mod. Satisfied
38331,9,Very Satisfied
38332,12,Mod. Satisfied
38333,10,Very Satisfied
38334,12,Very Satisfied
38335,13,Very Satisfied
38336,18,A Little Dissat
38337,15,Very Satisfied
38338,13,Very Satisfied
38339,13,Very Satisfied
38340,14,A Little Dissat
38341,12,A Little Dissat
38342,18,Very Satisfied
38343,16,NA
38344,8,NA
38345,12,Very Satisfied
38346,12,Mod. Satisfied
38347,15,Very Satisfied
38348,16,Very Satisfied
38349,14,NA
38350,12,Very Satisfied
38351,13,Very Satisfied
38352,10,NA
38353,9,Mod. Satisfied
38354,20,Very Satisfied
38355,18,Very Satisfied
38356,13,Very Satisfied
38357,18,Very Satisfied
38358,19,NA
38359,14,Very Satisfied
38360,12,Very Satisfied
38361,12,A Little Dissat
38362,14,Mod. Satisfied
38363,12,A Little Dissat
38364,11,Mod. Satisfied
38365,14,Mod. Satisfied
38366,16,Very Satisfied
38367,14,A Little Dissat
38368,17,Very Satisfied
38369,14,NA
38370,14,NA
38371,14,Mod. Satisfied
38372,16,Very Satisfied
38373,8,NA
38374,16,NA
38375,12,Mod. Satisfied
38376,15,Very Satisfied
38377,12,Mod. Satisfied
38378,13,Mod. Satisfied
38379,12,NA
38380,12,Mod. Satisfied
38381,11,Mod. Satisfied
38382,16,Very Satisfied
38383,17,Mod. Satisfied
38384,12,Mod. Satisfied
38385,13,Mod. Satisfied
38386,12,Mod. Satisfied
38387,16,A Little Dissat
38388,18,Very Satisfied
38389,19,Mod. Satisfied
38390,16,Very Satisfied
38391,12,Mod. Satisfied
38392,11,Very Satisfied
38393,14,Very Satisfied
38394,8,NA
38395,11,Very Satisfied
38396,12,NA
38397,11,Mod. Satisfied
38398,10,Very Satisfied
38399,18,Very Satisfied
38400,12,Very Dissatisfied
38401,12,NA
38402,12,Mod. Satisfied
38403,15,Very Satisfied
38404,12,Mod. Satisfied
38405,12,Mod. Satisfied
38406,12,Mod. Satisfied
38407,8,Very Satisfied
38408,13,Very Dissatisfied
38409,16,Mod. Satisfied
38410,14,A Little Dissat
38411,14,Mod. Satisfied
38412,14,Mod. Satisfied
38413,11,Very Dissatisfied
38414,13,A Little Dissat
38415,14,Very Satisfied
38416,12,A Little Dissat
38417,12,Mod. Satisfied
38418,12,Very Satisfied
38419,8,Mod. Satisfied
38420,12,Very Satisfied
38421,16,NA
38422,16,NA
38423,12,Mod. Satisfied
38424,18,Very Satisfied
38425,16,Very Satisfied
38426,18,Very Satisfied
38427,18,Mod. Satisfied
38428,16,A Little Dissat
38429,16,Very Satisfied
38430,16,Very Satisfied
38431,13,Very Satisfied
38432,16,Very Satisfied
38433,19,Very Satisfied
38434,20,Very Satisfied
38435,14,NA
38436,20,Very Satisfied
38437,20,Very Satisfied
38438,16,Mod. Satisfied
38439,16,A Little Dissat
38440,13,Very Satisfied
38441,17,NA
38442,16,Very Satisfied
38443,20,NA
38444,15,Mod. Satisfied
38445,12,Very Satisfied
38446,12,A Little Dissat
38447,12,Very Satisfied
38448,11,Mod. Satisfied
38449,14,Very Satisfied
38450,12,NA
38451,16,Very Satisfied
38452,14,Very Satisfied
38453,14,Very Satisfied
38454,11,Mod. Satisfied
38455,14,NA
38456,20,Very Satisfied
38457,12,Very Satisfied
38458,14,Very Satisfied
38459,12,Very Satisfied
38460,10,Mod. Satisfied
38461,14,Mod. Satisfied
38462,14,Very Satisfied
38463,12,Mod. Satisfied
38464,16,Mod. Satisfied
38465,12,Very Dissatisfied
38466,13,NA
38467,12,Very Satisfied
38468,12,NA
38469,12,A Little Dissat
38470,11,NA
38471,13,Mod. Satisfied
38472,16,Very Satisfied
38473,13,Very Satisfied
38474,18,Very Satisfied
38475,14,Very Satisfied
38476,7,Mod. Satisfied
38477,10,Mod. Satisfied
38478,16,A Little Dissat
38479,15,Mod. Satisfied
38480,16,Mod. Satisfied
38481,16,A Little Dissat
38482,16,Mod. Satisfied
38483,16,Very Satisfied
38484,14,Mod. Satisfied
38485,15,Mod. Satisfied
38486,12,Mod. Satisfied
38487,16,Mod. Satisfied
38488,16,Mod. Satisfied
38489,16,Mod. Satisfied
38490,20,Mod. Satisfied
38491,16,Very Satisfied
38492,13,Very Satisfied
38493,16,Mod. Satisfied
38494,13,NA
38495,14,Very Satisfied
38496,16,NA
38497,16,Mod. Satisfied
38498,12,NA
38499,15,Very Satisfied
38500,12,NA
38501,16,NA
38502,12,NA
38503,15,Mod. Satisfied
38504,14,Very Satisfied
38505,17,Very Satisfied
38506,14,Mod. Satisfied
38507,3,Very Satisfied
38508,14,NA
38509,12,NA
38510,20,Mod. Satisfied
38511,18,Very Satisfied
38512,12,Mod. Satisfied
38513,12,NA
38514,13,Mod. Satisfied
38515,12,Mod. Satisfied
38516,16,Very Dissatisfied
38517,17,Mod. Satisfied
38518,18,Very Satisfied
38519,14,Very Satisfied
38520,3,NA
38521,11,NA
38522,12,NA
38523,12,Mod. Satisfied
38524,19,Very Satisfied
38525,12,Very Dissatisfied
38526,19,Mod. Satisfied
38527,12,Mod. Satisfied
38528,12,Mod. Satisfied
38529,13,Very Satisfied
38530,17,Mod. Satisfied
38531,17,Very Satisfied
38532,14,Very Satisfied
38533,16,Very Dissatisfied
38534,13,Very Satisfied
38535,14,Mod. Satisfied
38536,16,Mod. Satisfied
38537,16,Very Satisfied
38538,15,Mod. Satisfied
38539,14,A Little Dissat
38540,18,NA
38541,14,Very Satisfied
38542,15,A Little Dissat
38543,13,Very Satisfied
38544,12,Very Satisfied
38545,16,Very Satisfied
38546,6,Very Satisfied
38547,15,Mod. Satisfied
38548,17,Mod. Satisfied
38549,16,A Little Dissat
38550,14,Very Satisfied
38551,13,Very Satisfied
38552,15,Very Satisfied
38553,14,Mod. Satisfied
38554,14,A Little Dissat
38555,12,Very Dissatisfied
38556,10,NA
38557,11,NA
38558,16,Very Satisfied
38559,12,Mod. Satisfied
38560,14,Very Satisfied
38561,14,Very Satisfied
38562,16,Very Satisfied
38563,17,NA
38564,13,Mod. Satisfied
38565,11,NA
38566,6,Mod. Satisfied
38567,14,Very Satisfied
38568,6,NA
38569,12,Very Satisfied
38570,12,Mod. Satisfied
38571,13,Mod. Satisfied
38572,14,Mod. Satisfied
38573,11,NA
38574,12,Mod. Satisfied
38575,12,A Little Dissat
38576,16,NA
38577,12,NA
38578,14,NA
38579,13,Very Satisfied
38580,13,NA
38581,12,Very Satisfied
38582,12,NA
38583,10,Very Satisfied
38584,12,Mod. Satisfied
38585,9,Very Satisfied
38586,16,NA
38587,12,Very Satisfied
38588,20,A Little Dissat
38589,12,Very Satisfied
38590,12,Mod. Satisfied
38591,12,NA
38592,17,Mod. Satisfied
38593,12,Mod. Satisfied
38594,13,NA
38595,11,NA
38596,16,Very Satisfied
38597,16,NA
38598,15,Very Dissatisfied
38599,13,Mod. Satisfied
38600,12,NA
38601,16,Very Dissatisfied
38602,12,Mod. Satisfied
38603,10,Very Satisfied
38604,12,Very Satisfied
38605,12,Very Dissatisfied
38606,14,Very Satisfied
38607,18,Very Satisfied
38608,20,Mod. Satisfied
38609,18,Very Satisfied
38610,16,Very Satisfied
38611,8,Mod. Satisfied
38612,16,Very Satisfied
38613,18,Very Satisfied
38614,13,NA
38615,6,Mod. Satisfied
38616,12,Mod. Satisfied
38617,12,Very Dissatisfied
38618,17,A Little Dissat
38619,11,A Little Dissat
38620,9,NA
38621,9,Very Satisfied
38622,16,NA
38623,13,Very Satisfied
38624,18,Mod. Satisfied
38625,18,Very Satisfied
38626,12,Very Satisfied
38627,12,Very Satisfied
38628,12,Very Dissatisfied
38629,12,NA
38630,9,Mod. Satisfied
38631,10,Very Satisfied
38632,14,Mod. Satisfied
38633,10,Very Satisfied
38634,14,A Little Dissat
38635,9,Mod. Satisfied
38636,12,Very Satisfied
38637,12,Mod. Satisfied
38638,12,Mod. Satisfied
38639,12,Very Satisfied
38640,8,Mod. Satisfied
38641,12,Very Satisfied
38642,11,Very Satisfied
38643,12,NA
38644,5,NA
38645,18,Very Satisfied
38646,13,Mod. Satisfied
38647,16,Very Satisfied
38648,12,Mod. Satisfied
38649,8,Very Satisfied
38650,12,NA
38651,11,A Little Dissat
38652,16,Very Dissatisfied
38653,20,A Little Dissat
38654,12,Very Satisfied
38655,16,A Little Dissat
38656,12,Mod. Satisfied
38657,14,NA
38658,14,Very Satisfied
38659,10,Very Satisfied
38660,16,Very Satisfied
38661,14,Mod. Satisfied
38662,19,NA
38663,16,A Little Dissat
38664,12,Mod. Satisfied
38665,12,Mod. Satisfied
38666,11,A Little Dissat
38667,13,NA
38668,8,NA
38669,15,A Little Dissat
38670,12,Mod. Satisfied
38671,12,Mod. Satisfied
38672,14,Mod. Satisfied
38673,14,NA
38674,10,NA
38675,14,Mod. Satisfied
38676,12,NA
38677,18,Mod. Satisfied
38678,16,Very Satisfied
38679,13,NA
38680,14,Very Satisfied
38681,12,Mod. Satisfied
38682,14,Very Satisfied
38683,17,Mod. Satisfied
38684,19,Very Satisfied
38685,14,Mod. Satisfied
38686,16,Very Satisfied
38687,8,Mod. Satisfied
38688,8,Mod. Satisfied
38689,18,Mod. Satisfied
38690,13,A Little Dissat
38691,6,NA
38692,9,Very Satisfied
38693,13,Very Satisfied
38694,14,Very Satisfied
38695,12,Very Satisfied
38696,12,Mod. Satisfied
38697,12,NA
38698,4,NA
38699,14,Very Satisfied
38700,10,A Little Dissat
38701,13,NA
38702,16,Very Satisfied
38703,14,Very Satisfied
38704,16,Very Satisfied
38705,16,Mod. Satisfied
38706,12,A Little Dissat
38707,12,Mod. Satisfied
38708,14,Very Satisfied
38709,13,Very Satisfied
38710,14,Very Satisfied
38711,12,Very Satisfied
38712,12,Very Satisfied
38713,12,Very Satisfied
38714,14,NA
38715,12,Mod. Satisfied
38716,14,Very Satisfied
38717,13,Very Satisfied
38718,8,Very Satisfied
38719,12,Very Satisfied
38720,11,Mod. Satisfied
38721,14,Mod. Satisfied
38722,11,NA
38723,14,Mod. Satisfied
38724,17,Mod. Satisfied
38725,14,Mod. Satisfied
38726,12,Mod. Satisfied
38727,13,Very Satisfied
38728,16,Mod. Satisfied
38729,16,Very Satisfied
38730,12,Mod. Satisfied
38731,18,Very Satisfied
38732,18,Mod. Satisfied
38733,18,Very Satisfied
38734,16,Very Satisfied
38735,12,Mod. Satisfied
38736,20,Very Dissatisfied
38737,16,A Little Dissat
38738,13,Very Satisfied
38739,14,Very Satisfied
38740,14,Mod. Satisfied
38741,13,Mod. Satisfied
38742,17,Mod. Satisfied
38743,12,Mod. Satisfied
38744,16,Mod. Satisfied
38745,14,Mod. Satisfied
38746,11,Mod. Satisfied
38747,9,Very Satisfied
38748,20,Mod. Satisfied
38749,14,Very Dissatisfied
38750,20,A Little Dissat
38751,13,Mod. Satisfied
38752,13,NA
38753,14,Very Satisfied
38754,7,NA
38755,12,Mod. Satisfied
38756,16,Very Satisfied
38757,13,Very Satisfied
38758,13,Very Satisfied
38759,15,Very Satisfied
38760,16,Mod. Satisfied
38761,12,Very Satisfied
38762,12,NA
38763,14,Mod. Satisfied
38764,12,Very Satisfied
38765,12,A Little Dissat
38766,13,Very Dissatisfied
38767,13,Very Satisfied
38768,11,Mod. Satisfied
38769,11,Very Dissatisfied
38770,11,NA
38771,10,NA
38772,20,Mod. Satisfied
38773,12,Mod. Satisfied
38774,19,Very Satisfied
38775,11,Mod. Satisfied
38776,14,Very Satisfied
38777,12,Very Satisfied
38778,12,Very Satisfied
38779,17,Very Dissatisfied
38780,17,Very Satisfied
38781,12,Very Satisfied
38782,12,Mod. Satisfied
38783,14,Very Satisfied
38784,12,Very Satisfied
38785,12,Mod. Satisfied
38786,18,Mod. Satisfied
38787,13,Very Satisfied
38788,12,Mod. Satisfied
38789,16,Very Dissatisfied
38790,11,Very Satisfied
38791,12,Very Satisfied
38792,11,Mod. Satisfied
38793,10,A Little Dissat
38794,11,NA
38795,13,A Little Dissat
38796,14,Mod. Satisfied
38797,11,Mod. Satisfied
38798,12,Very Satisfied
38799,11,NA
38800,16,Very Satisfied
38801,18,Very Satisfied
38802,11,Very Satisfied
38803,16,Mod. Satisfied
38804,8,Mod. Satisfied
38805,15,Very Satisfied
38806,14,A Little Dissat
38807,14,Mod. Satisfied
38808,12,Mod. Satisfied
38809,14,A Little Dissat
38810,16,Very Satisfied
38811,14,Very Satisfied
38812,18,Very Satisfied
38813,13,Very Satisfied
38814,9,NA
38815,12,NA
38816,13,Mod. Satisfied
38817,11,Very Dissatisfied
38818,11,Mod. Satisfied
38819,12,Very Satisfied
38820,17,Mod. Satisfied
38821,15,Mod. Satisfied
38822,11,Very Satisfied
38823,14,Very Satisfied
38824,8,NA
38825,14,Very Satisfied
38826,13,Mod. Satisfied
38827,9,NA
38828,9,Mod. Satisfied
38829,14,NA
38830,12,Very Satisfied
38831,12,Very Satisfied
38832,12,Very Satisfied
38833,12,Mod. Satisfied
38834,11,NA
38835,16,Very Satisfied
38836,12,Very Satisfied
38837,14,Mod. Satisfied
38838,14,Very Satisfied
38839,16,Mod. Satisfied
38840,12,Mod. Satisfied
38841,14,Very Satisfied
38842,16,NA
38843,10,Mod. Satisfied
38844,11,NA
38845,15,NA
38846,16,NA
38847,15,Very Satisfied
38848,12,NA
38849,12,NA
38850,16,NA
38851,13,NA
38852,11,Very Satisfied
38853,16,NA
38854,12,NA
38855,14,NA
38856,13,NA
38857,16,Mod. Satisfied
38858,12,Very Satisfied
38859,14,Mod. Satisfied
38860,13,NA
38861,16,Very Satisfied
38862,16,Very Satisfied
38863,16,Very Satisfied
38864,11,Very Dissatisfied
38865,14,Very Satisfied
38866,12,Mod. Satisfied
38867,12,Mod. Satisfied
38868,12,A Little Dissat
38869,12,Very Satisfied
38870,16,Mod. Satisfied
38871,13,Mod. Satisfied
38872,12,Very Satisfied
38873,12,NA
38874,12,NA
38875,12,NA
38876,10,Very Dissatisfied
38877,10,Very Satisfied
38878,12,Mod. Satisfied
38879,16,Mod. Satisfied
38880,13,Mod. Satisfied
38881,12,Very Satisfied
38882,14,Very Satisfied
38883,14,Very Satisfied
38884,12,Very Satisfied
38885,15,NA
38886,16,Very Satisfied
38887,12,Very Satisfied
38888,14,Very Satisfied
38889,5,Very Satisfied
38890,13,Mod. Satisfied
38891,16,Mod. Satisfied
38892,15,Mod. Satisfied
38893,13,NA
38894,17,Mod. Satisfied
38895,14,NA
38896,14,NA
38897,12,Mod. Satisfied
38898,13,Very Satisfied
38899,12,Very Satisfied
38900,12,NA
38901,13,Mod. Satisfied
38902,13,Mod. Satisfied
38903,12,Very Satisfied
38904,14,Very Satisfied
38905,16,A Little Dissat
38906,12,Mod. Satisfied
38907,17,A Little Dissat
38908,16,Very Satisfied
38909,12,Very Satisfied
38910,12,Mod. Satisfied
38911,8,Very Satisfied
38912,17,Mod. Satisfied
38913,16,Mod. Satisfied
38914,15,Mod. Satisfied
38915,20,Very Satisfied
38916,17,Mod. Satisfied
38917,12,NA
38918,18,Very Satisfied
38919,18,NA
38920,12,NA
38921,8,Mod. Satisfied
38922,13,NA
38923,12,Mod. Satisfied
38924,10,NA
38925,12,NA
38926,12,NA
38927,8,NA
38928,17,Very Satisfied
38929,12,Mod. Satisfied
38930,12,NA
38931,10,NA
38932,9,Very Satisfied
38933,16,Mod. Satisfied
38934,12,Mod. Satisfied
38935,12,NA
38936,16,Very Satisfied
38937,12,Mod. Satisfied
38938,10,Mod. Satisfied
38939,8,Mod. Satisfied
38940,12,Mod. Satisfied
38941,10,A Little Dissat
38942,12,Very Satisfied
38943,13,Mod. Satisfied
38944,13,NA
38945,12,Very Satisfied
38946,12,Mod. Satisfied
38947,11,Mod. Satisfied
38948,16,NA
38949,12,NA
38950,14,Mod. Satisfied
38951,14,NA
38952,16,Very Satisfied
38953,13,Mod. Satisfied
38954,14,Very Satisfied
38955,18,Very Satisfied
38956,12,NA
38957,12,Mod. Satisfied
38958,16,Very Satisfied
38959,14,Mod. Satisfied
38960,11,NA
38961,16,Very Satisfied
38962,13,NA
38963,15,NA
38964,13,NA
38965,15,NA
38966,16,NA
38967,19,Very Satisfied
38968,16,Very Satisfied
38969,16,NA
38970,16,Very Satisfied
38971,16,NA
38972,10,NA
38973,13,Very Satisfied
38974,14,NA
38975,12,NA
38976,14,NA
38977,9,Mod. Satisfied
38978,13,Mod. Satisfied
38979,15,NA
38980,10,Mod. Satisfied
38981,12,Very Satisfied
38982,NA,NA
38983,13,Very Satisfied
38984,8,Very Satisfied
38985,6,NA
38986,12,NA
38987,17,Mod. Satisfied
38988,14,Mod. Satisfied
38989,18,Very Satisfied
38990,16,Very Satisfied
38991,12,Mod. Satisfied
38992,13,NA
38993,13,NA
38994,10,NA
38995,12,NA
38996,13,NA
38997,13,NA
38998,14,NA
38999,11,NA
39000,12,Mod. Satisfied
39001,9,NA
39002,9,Mod. Satisfied
39003,14,Very Satisfied
39004,14,Very Satisfied
39005,18,NA
39006,12,Very Satisfied
39007,12,NA
39008,17,Very Satisfied
39009,16,Very Satisfied
39010,14,NA
39011,18,Mod. Satisfied
39012,18,Very Satisfied
39013,16,Very Satisfied
39014,14,NA
39015,15,Very Satisfied
39016,12,Mod. Satisfied
39017,12,Mod. Satisfied
39018,16,NA
39019,12,A Little Dissat
39020,2,NA
39021,8,Mod. Satisfied
39022,7,NA
39023,12,Very Dissatisfied
39024,NA,Very Satisfied
39025,9,Mod. Satisfied
39026,14,NA
39027,8,NA
39028,8,Mod. Satisfied
39029,12,A Little Dissat
39030,15,Very Satisfied
39031,9,Very Satisfied
39032,10,Very Satisfied
39033,11,Very Satisfied
39034,13,Mod. Satisfied
39035,12,Mod. Satisfied
39036,16,Mod. Satisfied
39037,6,NA
39038,8,NA
39039,12,A Little Dissat
39040,16,Mod. Satisfied
39041,14,Very Satisfied
39042,12,Mod. Satisfied
39043,12,Mod. Satisfied
39044,18,Very Satisfied
39045,18,NA
39046,11,Mod. Satisfied
39047,12,Mod. Satisfied
39048,11,Mod. Satisfied
39049,12,Mod. Satisfied
39050,12,Very Dissatisfied
39051,16,Mod. Satisfied
39052,14,Very Satisfied
39053,18,Very Satisfied
39054,8,Very Satisfied
39055,18,Mod. Satisfied
39056,19,Very Satisfied
39057,14,Very Satisfied
39058,9,NA
39059,17,Very Satisfied
39060,16,Very Satisfied
39061,13,Mod. Satisfied
39062,16,Very Satisfied
39063,13,Mod. Satisfied
39064,9,Very Satisfied
39065,15,NA
39066,18,Mod. Satisfied
39067,18,Very Satisfied
39068,18,Mod. Satisfied
39069,17,NA
39070,13,Very Satisfied
39071,12,NA
39072,16,NA
39073,8,Very Satisfied
39074,12,Mod. Satisfied
39075,18,Mod. Satisfied
39076,16,Mod. Satisfied
39077,16,Very Satisfied
39078,20,Very Satisfied
39079,16,Very Satisfied
39080,13,Very Satisfied
39081,16,Very Satisfied
39082,18,Mod. Satisfied
39083,11,Mod. Satisfied
39084,12,Very Satisfied
39085,12,Mod. Satisfied
39086,15,Very Satisfied
39087,10,NA
39088,12,Mod. Satisfied
39089,12,Mod. Satisfied
39090,13,NA
39091,12,NA
39092,17,Mod. Satisfied
39093,18,Very Satisfied
39094,16,Mod. Satisfied
39095,18,Very Satisfied
39096,12,Very Satisfied
39097,12,Very Satisfied
39098,10,Mod. Satisfied
39099,12,Mod. Satisfied
39100,14,Mod. Satisfied
39101,10,Mod. Satisfied
39102,14,A Little Dissat
39103,12,Mod. Satisfied
39104,15,Very Satisfied
39105,17,A Little Dissat
39106,15,Mod. Satisfied
39107,12,Mod. Satisfied
39108,12,Very Satisfied
39109,16,Very Satisfied
39110,16,Very Satisfied
39111,12,NA
39112,12,NA
39113,14,Mod. Satisfied
39114,13,Very Satisfied
39115,12,NA
39116,12,Mod. Satisfied
39117,12,A Little Dissat
39118,14,Very Satisfied
39119,12,Very Satisfied
39120,15,Very Dissatisfied
39121,14,Mod. Satisfied
39122,12,Mod. Satisfied
39123,12,Very Satisfied
39124,14,A Little Dissat
39125,12,Mod. Satisfied
39126,11,Very Satisfied
39127,12,A Little Dissat
39128,16,Very Satisfied
39129,12,Mod. Satisfied
39130,12,NA
39131,18,Mod. Satisfied
39132,8,Mod. Satisfied
39133,12,Mod. Satisfied
39134,20,NA
39135,11,Mod. Satisfied
39136,14,NA
39137,18,Mod. Satisfied
39138,11,Mod. Satisfied
39139,14,Very Satisfied
39140,14,Very Satisfied
39141,12,Mod. Satisfied
39142,12,Mod. Satisfied
39143,12,Very Satisfied
39144,13,Very Satisfied
39145,11,Very Satisfied
39146,13,Mod. Satisfied
39147,12,Very Satisfied
39148,12,Very Satisfied
39149,12,Mod. Satisfied
39150,11,Very Satisfied
39151,12,Very Dissatisfied
39152,12,NA
39153,11,Very Satisfied
39154,16,Mod. Satisfied
39155,16,Very Satisfied
39156,13,Very Satisfied
39157,15,NA
39158,14,Mod. Satisfied
39159,11,A Little Dissat
39160,14,Very Satisfied
39161,14,Mod. Satisfied
39162,12,Mod. Satisfied
39163,14,Mod. Satisfied
39164,14,NA
39165,9,NA
39166,6,Very Satisfied
39167,20,Very Satisfied
39168,13,Very Satisfied
39169,13,Mod. Satisfied
39170,11,Mod. Satisfied
39171,11,A Little Dissat
39172,11,Very Satisfied
39173,14,Very Satisfied
39174,12,A Little Dissat
39175,18,Very Satisfied
39176,20,A Little Dissat
39177,12,NA
39178,14,Very Satisfied
39179,10,Mod. Satisfied
39180,11,NA
39181,12,Very Satisfied
39182,9,A Little Dissat
39183,9,Very Satisfied
39184,15,Mod. Satisfied
39185,13,Mod. Satisfied
39186,11,Very Satisfied
39187,12,NA
39188,17,Very Satisfied
39189,16,Mod. Satisfied
39190,18,Very Satisfied
39191,16,Very Satisfied
39192,16,Mod. Satisfied
39193,18,Very Satisfied
39194,13,NA
39195,12,Mod. Satisfied
39196,16,Mod. Satisfied
39197,12,NA
39198,12,NA
39199,15,Mod. Satisfied
39200,12,NA
39201,20,NA
39202,13,Very Satisfied
39203,18,NA
39204,16,Very Satisfied
39205,16,Very Satisfied
39206,14,Mod. Satisfied
39207,16,NA
39208,16,NA
39209,12,Mod. Satisfied
39210,18,A Little Dissat
39211,16,Mod. Satisfied
39212,12,Very Satisfied
39213,14,Very Satisfied
39214,14,Mod. Satisfied
39215,15,Mod. Satisfied
39216,16,Very Satisfied
39217,9,A Little Dissat
39218,12,Very Satisfied
39219,20,Very Satisfied
39220,14,Very Satisfied
39221,12,Mod. Satisfied
39222,14,Very Dissatisfied
39223,13,A Little Dissat
39224,17,Mod. Satisfied
39225,14,Very Satisfied
39226,12,Very Satisfied
39227,13,Mod. Satisfied
39228,15,Very Satisfied
39229,12,Mod. Satisfied
39230,16,Very Satisfied
39231,10,NA
39232,12,Mod. Satisfied
39233,12,Very Satisfied
39234,8,NA
39235,12,NA
39236,12,Mod. Satisfied
39237,12,Mod. Satisfied
39238,15,Mod. Satisfied
39239,10,Mod. Satisfied
39240,11,Mod. Satisfied
39241,15,Very Satisfied
39242,12,NA
39243,12,Very Satisfied
39244,16,Mod. Satisfied
39245,12,NA
39246,12,NA
39247,12,Very Satisfied
39248,8,NA
39249,12,NA
39250,13,Mod. Satisfied
39251,14,Mod. Satisfied
39252,8,NA
39253,11,Mod. Satisfied
39254,9,Mod. Satisfied
39255,16,Very Satisfied
39256,14,Mod. Satisfied
39257,16,Very Satisfied
39258,13,Mod. Satisfied
39259,12,Very Satisfied
39260,14,Mod. Satisfied
39261,15,Very Dissatisfied
39262,13,Very Satisfied
39263,13,Very Satisfied
39264,13,NA
39265,13,Mod. Satisfied
39266,11,Very Satisfied
39267,11,NA
39268,20,Mod. Satisfied
39269,14,A Little Dissat
39270,10,Very Satisfied
39271,16,Very Satisfied
39272,15,Very Satisfied
39273,10,Very Satisfied
39274,14,Very Satisfied
39275,14,Very Satisfied
39276,16,Very Satisfied
39277,12,NA
39278,14,Mod. Satisfied
39279,16,Very Satisfied
39280,12,NA
39281,15,NA
39282,12,NA
39283,12,Mod. Satisfied
39284,14,Very Satisfied
39285,18,Very Satisfied
39286,14,Mod. Satisfied
39287,12,Mod. Satisfied
39288,14,Mod. Satisfied
39289,19,Mod. Satisfied
39290,14,Mod. Satisfied
39291,12,Mod. Satisfied
39292,14,Very Satisfied
39293,14,NA
39294,12,NA
39295,16,Very Satisfied
39296,16,Very Satisfied
39297,12,Very Satisfied
39298,11,NA
39299,18,Very Satisfied
39300,14,Very Satisfied
39301,10,Very Satisfied
39302,9,Very Dissatisfied
39303,14,Mod. Satisfied
39304,13,Mod. Satisfied
39305,17,Very Satisfied
39306,8,Very Satisfied
39307,11,Mod. Satisfied
39308,10,Very Satisfied
39309,12,Very Satisfied
39310,12,Mod. Satisfied
39311,11,A Little Dissat
39312,14,Mod. Satisfied
39313,12,A Little Dissat
39314,11,Very Satisfied
39315,11,Very Satisfied
39316,12,NA
39317,16,Very Dissatisfied
39318,13,Very Satisfied
39319,12,Very Satisfied
39320,14,Very Satisfied
39321,20,Mod. Satisfied
39322,14,Mod. Satisfied
39323,11,NA
39324,20,NA
39325,16,Mod. Satisfied
39326,16,Mod. Satisfied
39327,12,Very Satisfied
39328,14,Mod. Satisfied
39329,13,Very Satisfied
39330,12,A Little Dissat
39331,14,Very Satisfied
39332,11,Mod. Satisfied
39333,14,Mod. Satisfied
39334,12,Very Satisfied
39335,12,Very Satisfied
39336,14,NA
39337,12,Mod. Satisfied
39338,12,A Little Dissat
39339,13,NA
39340,12,A Little Dissat
39341,16,Very Satisfied
39342,17,Very Satisfied
39343,8,Very Satisfied
39344,20,Mod. Satisfied
39345,13,Very Satisfied
39346,12,Very Satisfied
39347,12,Mod. Satisfied
39348,13,Mod. Satisfied
39349,14,Very Satisfied
39350,13,Mod. Satisfied
39351,12,Very Satisfied
39352,14,Very Dissatisfied
39353,19,Very Satisfied
39354,12,Very Satisfied
39355,12,Mod. Satisfied
39356,12,A Little Dissat
39357,16,Mod. Satisfied
39358,16,Very Satisfied
39359,12,NA
39360,13,Very Satisfied
39361,11,Very Satisfied
39362,14,Very Satisfied
39363,10,NA
39364,18,Very Dissatisfied
39365,12,A Little Dissat
39366,8,Very Satisfied
39367,12,Mod. Satisfied
39368,8,NA
39369,12,Mod. Satisfied
39370,13,NA
39371,14,Mod. Satisfied
39372,16,Mod. Satisfied
39373,NA,Mod. Satisfied
39374,16,A Little Dissat
39375,12,Mod. Satisfied
39376,2,NA
39377,6,Mod. Satisfied
39378,10,NA
39379,16,Very Satisfied
39380,10,NA
39381,10,NA
39382,13,NA
39383,8,Very Satisfied
39384,12,A Little Dissat
39385,16,NA
39386,16,Mod. Satisfied
39387,13,Very Satisfied
39388,14,Very Satisfied
39389,20,Very Satisfied
39390,13,A Little Dissat
39391,16,Mod. Satisfied
39392,12,Very Satisfied
39393,20,NA
39394,20,Mod. Satisfied
39395,18,Mod. Satisfied
39396,16,NA
39397,13,Mod. Satisfied
39398,18,NA
39399,12,NA
39400,15,Very Satisfied
39401,12,NA
39402,12,NA
39403,14,Mod. Satisfied
39404,17,Mod. Satisfied
39405,16,Mod. Satisfied
39406,16,Very Satisfied
39407,12,Very Satisfied
39408,12,Very Satisfied
39409,9,Very Satisfied
39410,12,NA
39411,14,NA
39412,14,Mod. Satisfied
39413,11,A Little Dissat
39414,12,Very Satisfied
39415,13,Mod. Satisfied
39416,12,A Little Dissat
39417,14,Mod. Satisfied
39418,14,Very Dissatisfied
39419,10,A Little Dissat
39420,9,Mod. Satisfied
39421,10,Very Satisfied
39422,4,Mod. Satisfied
39423,16,Very Satisfied
39424,14,Mod. Satisfied
39425,12,Very Satisfied
39426,12,Mod. Satisfied
39427,15,A Little Dissat
39428,9,NA
39429,13,Mod. Satisfied
39430,12,Mod. Satisfied
39431,12,NA
39432,12,Very Satisfied
39433,13,Very Satisfied
39434,7,Mod. Satisfied
39435,16,Mod. Satisfied
39436,14,Very Dissatisfied
39437,14,Mod. Satisfied
39438,12,A Little Dissat
39439,12,Mod. Satisfied
39440,12,NA
39441,19,NA
39442,13,Mod. Satisfied
39443,14,Very Satisfied
39444,13,Very Satisfied
39445,16,Mod. Satisfied
39446,12,Very Satisfied
39447,14,Mod. Satisfied
39448,12,Very Satisfied
39449,11,Very Satisfied
39450,12,Very Dissatisfied
39451,12,A Little Dissat
39452,14,Very Satisfied
39453,13,A Little Dissat
39454,13,Mod. Satisfied
39455,14,Mod. Satisfied
39456,15,Very Satisfied
39457,16,Very Satisfied
39458,8,Very Satisfied
39459,16,Very Satisfied
39460,16,A Little Dissat
39461,12,NA
39462,16,Mod. Satisfied
39463,16,NA
39464,16,A Little Dissat
39465,18,Mod. Satisfied
39466,18,NA
39467,15,NA
39468,13,Mod. Satisfied
39469,16,Mod. Satisfied
39470,15,Mod. Satisfied
39471,13,Very Satisfied
39472,6,Very Satisfied
39473,13,Mod. Satisfied
39474,16,Very Satisfied
39475,13,Very Satisfied
39476,11,Mod. Satisfied
39477,14,Mod. Satisfied
39478,14,A Little Dissat
39479,14,Mod. Satisfied
39480,12,Mod. Satisfied
39481,14,Very Satisfied
39482,16,Mod. Satisfied
39483,20,Very Satisfied
39484,12,Very Dissatisfied
39485,12,A Little Dissat
39486,8,NA
39487,14,Very Satisfied
39488,10,NA
39489,15,A Little Dissat
39490,12,Very Satisfied
39491,12,A Little Dissat
39492,9,NA
39493,10,NA
39494,8,NA
39495,12,Very Satisfied
39496,14,Mod. Satisfied
39497,12,NA
39498,13,Mod. Satisfied
39499,10,NA
39500,13,Very Satisfied
39501,12,Mod. Satisfied
39502,13,NA
39503,14,Very Satisfied
39504,12,NA
39505,12,Mod. Satisfied
39506,14,Very Satisfied
39507,12,Very Satisfied
39508,12,NA
39509,16,Very Dissatisfied
39510,15,Very Satisfied
39511,12,NA
39512,15,Mod. Satisfied
39513,12,NA
39514,6,NA
39515,14,Mod. Satisfied
39516,14,Very Satisfied
39517,12,Mod. Satisfied
39518,12,Mod. Satisfied
39519,16,A Little Dissat
39520,12,NA
39521,18,Mod. Satisfied
39522,18,Very Satisfied
39523,15,Very Satisfied
39524,12,Very Satisfied
39525,13,Very Satisfied
39526,12,A Little Dissat
39527,12,Mod. Satisfied
39528,14,Mod. Satisfied
39529,15,Mod. Satisfied
39530,17,Very Satisfied
39531,13,Mod. Satisfied
39532,12,Very Satisfied
39533,16,Mod. Satisfied
39534,13,Very Satisfied
39535,15,Very Satisfied
39536,12,Very Satisfied
39537,12,Mod. Satisfied
39538,11,Mod. Satisfied
39539,12,Mod. Satisfied
39540,12,Very Satisfied
39541,13,Mod. Satisfied
39542,12,Very Satisfied
39543,12,NA
39544,12,A Little Dissat
39545,13,Mod. Satisfied
39546,16,Mod. Satisfied
39547,10,Mod. Satisfied
39548,16,NA
39549,12,Very Satisfied
39550,13,Very Satisfied
39551,12,Mod. Satisfied
39552,20,Mod. Satisfied
39553,14,Mod. Satisfied
39554,14,Very Satisfied
39555,12,Mod. Satisfied
39556,17,Mod. Satisfied
39557,20,Very Satisfied
39558,14,Mod. Satisfied
39559,14,Very Satisfied
39560,15,NA
39561,16,NA
39562,15,Mod. Satisfied
39563,12,Mod. Satisfied
39564,12,Very Satisfied
39565,12,NA
39566,16,Very Satisfied
39567,17,NA
39568,13,NA
39569,17,Mod. Satisfied
39570,12,Very Satisfied
39571,11,NA
39572,13,A Little Dissat
39573,20,Mod. Satisfied
39574,18,Very Satisfied
39575,11,Mod. Satisfied
39576,12,A Little Dissat
39577,11,Very Satisfied
39578,8,NA
39579,12,Mod. Satisfied
39580,12,Very Dissatisfied
39581,12,Mod. Satisfied
39582,20,NA
39583,17,Mod. Satisfied
39584,12,A Little Dissat
39585,16,Mod. Satisfied
39586,16,Very Satisfied
39587,12,Very Satisfied
39588,14,Very Satisfied
39589,14,Mod. Satisfied
39590,18,Mod. Satisfied
39591,12,Mod. Satisfied
39592,12,A Little Dissat
39593,20,Very Satisfied
39594,16,Mod. Satisfied
39595,10,Mod. Satisfied
39596,12,Mod. Satisfied
39597,8,Very Satisfied
39598,12,A Little Dissat
39599,10,Mod. Satisfied
39600,10,Mod. Satisfied
39601,9,Mod. Satisfied
39602,12,NA
39603,12,Mod. Satisfied
39604,9,Very Satisfied
39605,12,Very Satisfied
39606,8,NA
39607,12,Very Satisfied
39608,13,Very Satisfied
39609,12,Mod. Satisfied
39610,12,Very Satisfied
39611,16,Very Satisfied
39612,18,NA
39613,16,Mod. Satisfied
39614,16,Mod. Satisfied
39615,12,NA
39616,8,NA
39617,12,NA
39618,16,Mod. Satisfied
39619,17,Very Satisfied
39620,16,A Little Dissat
39621,16,Mod. Satisfied
39622,12,Mod. Satisfied
39623,14,Mod. Satisfied
39624,14,Mod. Satisfied
39625,11,Very Satisfied
39626,14,NA
39627,12,Very Dissatisfied
39628,14,Very Satisfied
39629,14,Very Satisfied
39630,12,Mod. Satisfied
39631,13,A Little Dissat
39632,18,NA
39633,11,Very Satisfied
39634,12,Very Satisfied
39635,13,Very Satisfied
39636,12,NA
39637,12,Mod. Satisfied
39638,13,Mod. Satisfied
39639,14,Mod. Satisfied
39640,17,Very Satisfied
39641,20,NA
39642,17,NA
39643,14,Mod. Satisfied
39644,14,NA
39645,18,NA
39646,19,NA
39647,15,Mod. Satisfied
39648,16,NA
39649,13,NA
39650,16,Mod. Satisfied
39651,16,NA
39652,12,Very Satisfied
39653,14,A Little Dissat
39654,16,Mod. Satisfied
39655,15,Mod. Satisfied
39656,15,Very Satisfied
39657,14,NA
39658,17,Mod. Satisfied
39659,16,A Little Dissat
39660,19,Mod. Satisfied
39661,15,Very Satisfied
39662,14,Mod. Satisfied
39663,16,Very Satisfied
39664,13,Mod. Satisfied
39665,16,Mod. Satisfied
39666,14,Mod. Satisfied
39667,8,Mod. Satisfied
39668,5,Mod. Satisfied
39669,18,Very Satisfied
39670,13,NA
39671,12,Mod. Satisfied
39672,14,Very Satisfied
39673,18,Very Satisfied
39674,11,Very Satisfied
39675,14,Mod. Satisfied
39676,14,Very Satisfied
39677,18,Very Satisfied
39678,14,Very Satisfied
39679,13,Very Satisfied
39680,16,Very Satisfied
39681,17,Very Satisfied
39682,16,Mod. Satisfied
39683,14,Very Satisfied
39684,14,A Little Dissat
39685,15,Mod. Satisfied
39686,17,Mod. Satisfied
39687,14,Mod. Satisfied
39688,12,Very Satisfied
39689,16,Very Satisfied
39690,14,Mod. Satisfied
39691,16,Mod. Satisfied
39692,14,Very Satisfied
39693,16,Mod. Satisfied
39694,16,Very Satisfied
39695,15,Mod. Satisfied
39696,15,Very Satisfied
39697,16,Very Satisfied
39698,16,Very Satisfied
39699,12,NA
39700,12,NA
39701,3,Mod. Satisfied
39702,12,Very Satisfied
39703,13,Very Satisfied
39704,12,Mod. Satisfied
39705,16,Very Satisfied
39706,12,Very Satisfied
39707,12,A Little Dissat
39708,20,Very Satisfied
39709,12,A Little Dissat
39710,16,Mod. Satisfied
39711,20,Mod. Satisfied
39712,15,Mod. Satisfied
39713,12,Mod. Satisfied
39714,13,Very Dissatisfied
39715,12,NA
39716,12,NA
39717,13,A Little Dissat
39718,10,Mod. Satisfied
39719,15,Mod. Satisfied
39720,13,Very Satisfied
39721,12,A Little Dissat
39722,16,NA
39723,12,Very Satisfied
39724,16,NA
39725,15,Mod. Satisfied
39726,14,A Little Dissat
39727,11,NA
39728,14,Mod. Satisfied
39729,11,Very Dissatisfied
39730,12,A Little Dissat
39731,10,Very Satisfied
39732,12,Mod. Satisfied
39733,12,A Little Dissat
39734,10,Mod. Satisfied
39735,12,Mod. Satisfied
39736,9,NA
39737,18,Very Satisfied
39738,12,Mod. Satisfied
39739,16,Mod. Satisfied
39740,11,Mod. Satisfied
39741,12,Mod. Satisfied
39742,16,Very Satisfied
39743,18,Very Satisfied
39744,12,NA
39745,12,Very Satisfied
39746,14,A Little Dissat
39747,15,Very Satisfied
39748,12,Mod. Satisfied
39749,12,Mod. Satisfied
39750,14,Very Satisfied
39751,16,Mod. Satisfied
39752,14,Very Satisfied
39753,16,Very Satisfied
39754,16,Very Satisfied
39755,19,Very Satisfied
39756,20,Mod. Satisfied
39757,14,Mod. Satisfied
39758,12,Very Dissatisfied
39759,11,NA
39760,12,Mod. Satisfied
39761,12,Mod. Satisfied
39762,18,NA
39763,13,Mod. Satisfied
39764,12,Very Satisfied
39765,16,Very Dissatisfied
39766,12,Mod. Satisfied
39767,12,A Little Dissat
39768,14,Very Satisfied
39769,12,Mod. Satisfied
39770,17,Very Satisfied
39771,13,Mod. Satisfied
39772,16,Very Satisfied
39773,9,Mod. Satisfied
39774,12,Mod. Satisfied
39775,17,Mod. Satisfied
39776,12,A Little Dissat
39777,12,Mod. Satisfied
39778,13,Very Dissatisfied
39779,8,NA
39780,9,Mod. Satisfied
39781,13,Very Satisfied
39782,16,Mod. Satisfied
39783,11,NA
39784,12,Mod. Satisfied
39785,13,Mod. Satisfied
39786,14,NA
39787,12,Mod. Satisfied
39788,12,Mod. Satisfied
39789,11,Very Satisfied
39790,12,A Little Dissat
39791,12,Very Satisfied
39792,17,Mod. Satisfied
39793,18,Mod. Satisfied
39794,12,NA
39795,12,Mod. Satisfied
39796,12,Very Satisfied
39797,12,Very Satisfied
39798,12,Mod. Satisfied
39799,13,Mod. Satisfied
39800,15,Mod. Satisfied
39801,15,Very Satisfied
39802,16,Very Satisfied
39803,12,NA
39804,8,Very Dissatisfied
39805,13,NA
39806,12,NA
39807,12,Very Satisfied
39808,11,Very Satisfied
39809,14,Mod. Satisfied
39810,14,NA
39811,14,Mod. Satisfied
39812,14,Very Satisfied
39813,13,Mod. Satisfied
39814,16,Mod. Satisfied
39815,14,Mod. Satisfied
39816,14,Very Satisfied
39817,13,Very Satisfied
39818,12,Mod. Satisfied
39819,14,Mod. Satisfied
39820,12,A Little Dissat
39821,12,Mod. Satisfied
39822,12,Very Satisfied
39823,12,NA
39824,10,Mod. Satisfied
39825,15,NA
39826,12,Mod. Satisfied
39827,12,Very Satisfied
39828,16,Very Satisfied
39829,14,Very Satisfied
39830,11,Mod. Satisfied
39831,12,Very Satisfied
39832,8,NA
39833,8,NA
39834,11,NA
39835,16,Very Satisfied
39836,13,Mod. Satisfied
39837,13,NA
39838,12,Mod. Satisfied
39839,14,NA
39840,12,NA
39841,13,NA
39842,11,A Little Dissat
39843,18,Mod. Satisfied
39844,13,A Little Dissat
39845,17,Mod. Satisfied
39846,16,Mod. Satisfied
39847,18,Very Satisfied
39848,11,NA
39849,17,Very Satisfied
39850,20,Very Satisfied
39851,16,Mod. Satisfied
39852,14,Mod. Satisfied
39853,14,Mod. Satisfied
39854,12,NA
39855,16,Very Satisfied
39856,11,Very Satisfied
39857,16,NA
39858,13,Very Dissatisfied
39859,14,Very Satisfied
39860,11,NA
39861,11,NA
39862,12,NA
39863,16,Very Satisfied
39864,13,Very Satisfied
39865,16,Mod. Satisfied
39866,12,NA
39867,14,Mod. Satisfied
39868,16,Very Satisfied
39869,8,A Little Dissat
39870,8,A Little Dissat
39871,17,Very Satisfied
39872,12,Mod. Satisfied
39873,12,Very Satisfied
39874,12,Mod. Satisfied
39875,8,NA
39876,14,NA
39877,14,NA
39878,13,Mod. Satisfied
39879,14,Mod. Satisfied
39880,14,Very Satisfied
39881,12,A Little Dissat
39882,12,Mod. Satisfied
39883,10,Very Satisfied
39884,12,Very Satisfied
39885,11,Mod. Satisfied
39886,9,NA
39887,8,Very Satisfied
39888,12,Very Satisfied
39889,13,A Little Dissat
39890,14,Mod. Satisfied
39891,7,NA
39892,10,NA
39893,14,Mod. Satisfied
39894,15,NA
39895,6,NA
39896,14,NA
39897,16,NA
39898,16,Mod. Satisfied
39899,12,NA
39900,18,Mod. Satisfied
39901,19,Mod. Satisfied
39902,16,NA
39903,18,Mod. Satisfied
39904,15,A Little Dissat
39905,12,Very Satisfied
39906,20,A Little Dissat
39907,14,NA
39908,19,Mod. Satisfied
39909,16,A Little Dissat
39910,16,Mod. Satisfied
39911,16,Very Satisfied
39912,11,Very Satisfied
39913,8,NA
39914,17,Very Satisfied
39915,12,Mod. Satisfied
39916,18,A Little Dissat
39917,14,Mod. Satisfied
39918,18,Very Satisfied
39919,14,A Little Dissat
39920,13,NA
39921,12,NA
39922,12,NA
39923,12,Mod. Satisfied
39924,16,Very Satisfied
39925,12,Mod. Satisfied
39926,17,Very Dissatisfied
39927,16,Mod. Satisfied
39928,13,A Little Dissat
39929,16,Mod. Satisfied
39930,14,Mod. Satisfied
39931,12,Mod. Satisfied
39932,16,Mod. Satisfied
39933,14,Very Satisfied
39934,14,Mod. Satisfied
39935,12,Very Satisfied
39936,10,NA
39937,12,Mod. Satisfied
39938,18,NA
39939,7,Very Satisfied
39940,12,NA
39941,12,NA
39942,12,Mod. Satisfied
39943,14,Very Satisfied
39944,12,Very Dissatisfied
39945,10,Very Satisfied
39946,10,NA
39947,12,Very Satisfied
39948,NA,Mod. Satisfied
39949,12,NA
39950,14,Mod. Satisfied
39951,9,NA
39952,10,Mod. Satisfied
39953,13,NA
39954,8,NA
39955,11,Mod. Satisfied
39956,13,Very Satisfied
39957,12,Very Satisfied
39958,NA,NA
39959,11,Mod. Satisfied
39960,9,Mod. Satisfied
39961,9,NA
39962,12,Very Satisfied
39963,14,NA
39964,12,A Little Dissat
39965,13,Very Satisfied
39966,12,NA
39967,19,Very Satisfied
39968,16,Mod. Satisfied
39969,16,Mod. Satisfied
39970,12,Very Dissatisfied
39971,16,Very Satisfied
39972,15,Very Satisfied
39973,10,Mod. Satisfied
39974,17,Mod. Satisfied
39975,14,Mod. Satisfied
39976,9,NA
39977,16,NA
39978,14,Very Satisfied
39979,14,Mod. Satisfied
39980,14,NA
39981,19,Very Satisfied
39982,13,Very Satisfied
39983,9,Very Satisfied
39984,15,Very Dissatisfied
39985,13,Mod. Satisfied
39986,16,A Little Dissat
39987,13,Very Satisfied
39988,20,A Little Dissat
39989,14,Mod. Satisfied
39990,16,Mod. Satisfied
39991,16,Mod. Satisfied
39992,13,A Little Dissat
39993,13,Mod. Satisfied
39994,12,Mod. Satisfied
39995,18,Mod. Satisfied
39996,16,Very Satisfied
39997,13,Very Dissatisfied
39998,14,Very Dissatisfied
39999,14,Very Satisfied
40000,12,NA
40001,12,Very Satisfied
40002,14,Mod. Satisfied
40003,11,NA
40004,16,Very Satisfied
40005,18,Very Satisfied
40006,16,Very Satisfied
40007,12,NA
40008,11,A Little Dissat
40009,10,Mod. Satisfied
40010,12,Very Satisfied
40011,17,Mod. Satisfied
40012,16,Very Satisfied
40013,14,Very Satisfied
40014,13,NA
40015,16,Very Satisfied
40016,16,Very Satisfied
40017,15,NA
40018,12,Mod. Satisfied
40019,16,Very Satisfied
40020,18,NA
40021,12,Mod. Satisfied
40022,12,NA
40023,15,Mod. Satisfied
40024,13,Mod. Satisfied
40025,16,A Little Dissat
40026,14,Very Dissatisfied
40027,13,Very Satisfied
40028,12,Very Satisfied
40029,12,Mod. Satisfied
40030,12,Very Satisfied
40031,14,Very Satisfied
40032,20,Very Dissatisfied
40033,16,Mod. Satisfied
40034,15,Mod. Satisfied
40035,12,Mod. Satisfied
40036,12,Mod. Satisfied
40037,14,Very Satisfied
40038,14,Mod. Satisfied
40039,16,Very Satisfied
40040,17,Very Dissatisfied
40041,14,A Little Dissat
40042,13,Very Satisfied
40043,16,Mod. Satisfied
40044,12,Very Satisfied
40045,13,Mod. Satisfied
40046,12,NA
40047,13,Very Satisfied
40048,12,Very Satisfied
40049,12,Mod. Satisfied
40050,10,A Little Dissat
40051,11,A Little Dissat
40052,12,Mod. Satisfied
40053,13,Mod. Satisfied
40054,12,Very Satisfied
40055,12,NA
40056,11,NA
40057,13,Very Dissatisfied
40058,16,Mod. Satisfied
40059,12,NA
40060,12,Very Satisfied
40061,20,Very Satisfied
40062,14,Very Satisfied
40063,16,Mod. Satisfied
40064,18,Very Satisfied
40065,14,Very Satisfied
40066,14,Very Satisfied
40067,12,Mod. Satisfied
40068,14,NA
40069,15,Very Satisfied
40070,16,Mod. Satisfied
40071,15,A Little Dissat
40072,18,Very Satisfied
40073,15,Very Satisfied
40074,12,Mod. Satisfied
40075,16,Mod. Satisfied
40076,12,Mod. Satisfied
40077,14,Mod. Satisfied
40078,12,Very Satisfied
40079,16,Very Dissatisfied
40080,12,NA
40081,12,Very Satisfied
40082,12,Mod. Satisfied
40083,12,Very Satisfied
40084,18,Mod. Satisfied
40085,16,Very Satisfied
40086,10,Very Satisfied
40087,17,Mod. Satisfied
40088,16,Very Satisfied
40089,13,Very Satisfied
40090,18,Very Dissatisfied
40091,13,Very Satisfied
40092,7,NA
40093,14,NA
40094,13,NA
40095,12,Very Satisfied
40096,12,Very Satisfied
40097,12,Mod. Satisfied
40098,9,Mod. Satisfied
40099,11,Mod. Satisfied
40100,2,NA
40101,8,Mod. Satisfied
40102,12,Mod. Satisfied
40103,12,Mod. Satisfied
40104,14,Very Satisfied
40105,14,Very Satisfied
40106,6,NA
40107,13,Very Satisfied
40108,12,Very Satisfied
40109,12,Mod. Satisfied
40110,12,A Little Dissat
40111,13,Mod. Satisfied
40112,12,Very Satisfied
40113,14,Very Dissatisfied
40114,16,Mod. Satisfied
40115,18,Very Satisfied
40116,18,Mod. Satisfied
40117,12,NA
40118,15,Very Satisfied
40119,18,Very Satisfied
40120,20,A Little Dissat
40121,17,Very Satisfied
40122,14,Very Satisfied
40123,19,Very Satisfied
40124,12,Mod. Satisfied
40125,14,Mod. Satisfied
40126,12,Very Satisfied
40127,8,NA
40128,10,NA
40129,11,Very Satisfied
40130,15,NA
40131,13,Very Satisfied
40132,10,Mod. Satisfied
40133,10,NA
40134,16,NA
40135,7,NA
40136,10,NA
40137,8,NA
40138,10,NA
40139,12,NA
40140,14,NA
40141,16,Very Satisfied
40142,16,NA
40143,12,Mod. Satisfied
40144,12,Very Satisfied
40145,14,A Little Dissat
40146,14,Mod. Satisfied
40147,16,Very Satisfied
40148,16,Mod. Satisfied
40149,17,NA
40150,19,Mod. Satisfied
40151,14,NA
40152,12,NA
40153,14,Very Satisfied
40154,16,Mod. Satisfied
40155,14,Very Satisfied
40156,12,NA
40157,16,NA
40158,16,Very Satisfied
40159,18,A Little Dissat
40160,11,NA
40161,14,A Little Dissat
40162,14,Mod. Satisfied
40163,12,Very Satisfied
40164,12,Very Dissatisfied
40165,12,Very Dissatisfied
40166,18,Mod. Satisfied
40167,13,Mod. Satisfied
40168,11,Mod. Satisfied
40169,11,Very Satisfied
40170,12,Mod. Satisfied
40171,9,NA
40172,16,Mod. Satisfied
40173,12,Very Satisfied
40174,18,Very Satisfied
40175,13,Mod. Satisfied
40176,12,Very Satisfied
40177,16,Very Satisfied
40178,14,Very Satisfied
40179,16,Mod. Satisfied
40180,17,Mod. Satisfied
40181,16,NA
40182,12,Mod. Satisfied
40183,20,Mod. Satisfied
40184,20,Very Satisfied
40185,13,Mod. Satisfied
40186,16,Very Satisfied
40187,15,NA
40188,11,Mod. Satisfied
40189,12,Mod. Satisfied
40190,14,Mod. Satisfied
40191,18,NA
40192,12,Mod. Satisfied
40193,16,Very Satisfied
40194,18,Very Satisfied
40195,14,NA
40196,16,NA
40197,14,Very Satisfied
40198,14,Very Satisfied
40199,17,Mod. Satisfied
40200,13,Very Satisfied
40201,16,Mod. Satisfied
40202,16,Mod. Satisfied
40203,20,NA
40204,12,Very Dissatisfied
40205,14,Very Satisfied
40206,16,Mod. Satisfied
40207,12,Mod. Satisfied
40208,14,Mod. Satisfied
40209,11,Very Satisfied
40210,4,NA
40211,14,NA
40212,12,Very Satisfied
40213,4,NA
40214,12,Mod. Satisfied
40215,15,Very Satisfied
40216,11,NA
40217,8,NA
40218,3,NA
40219,9,NA
40220,16,Very Satisfied
40221,8,Mod. Satisfied
40222,10,NA
40223,11,NA
40224,12,NA
40225,16,Mod. Satisfied
40226,9,Very Satisfied
40227,12,NA
40228,12,NA
40229,15,Very Satisfied
40230,14,Very Dissatisfied
40231,12,A Little Dissat
40232,12,Very Satisfied
40233,12,NA
40234,12,Mod. Satisfied
40235,12,Very Satisfied
40236,12,Mod. Satisfied
40237,14,Mod. Satisfied
40238,12,NA
40239,16,Very Satisfied
40240,13,Very Satisfied
40241,16,Very Dissatisfied
40242,12,Very Satisfied
40243,11,Mod. Satisfied
40244,15,Very Satisfied
40245,12,Mod. Satisfied
40246,17,Very Satisfied
40247,16,Very Satisfied
40248,13,NA
40249,12,A Little Dissat
40250,10,Mod. Satisfied
40251,16,NA
40252,12,Very Satisfied
40253,20,Very Satisfied
40254,17,NA
40255,12,Very Satisfied
40256,12,NA
40257,13,NA
40258,16,Very Dissatisfied
40259,16,Mod. Satisfied
40260,12,Very Satisfied
40261,12,Mod. Satisfied
40262,16,Mod. Satisfied
40263,12,NA
40264,16,NA
40265,13,NA
40266,16,Very Satisfied
40267,16,Very Satisfied
40268,17,Very Satisfied
40269,12,Very Satisfied
40270,13,Very Satisfied
40271,14,Mod. Satisfied
40272,13,NA
40273,19,Very Satisfied
40274,15,Very Satisfied
40275,13,Very Satisfied
40276,12,Very Satisfied
40277,11,NA
40278,6,Very Satisfied
40279,15,Mod. Satisfied
40280,14,Very Satisfied
40281,14,Very Satisfied
40282,16,Very Satisfied
40283,13,Very Satisfied
40284,14,Very Satisfied
40285,12,Very Satisfied
40286,12,Very Satisfied
40287,12,Mod. Satisfied
40288,16,A Little Dissat
40289,12,Very Satisfied
40290,16,Very Satisfied
40291,7,NA
40292,20,Mod. Satisfied
40293,13,Very Satisfied
40294,14,Mod. Satisfied
40295,12,Mod. Satisfied
40296,12,Mod. Satisfied
40297,15,Mod. Satisfied
40298,14,A Little Dissat
40299,20,NA
40300,13,NA
40301,14,NA
40302,13,NA
40303,14,Very Satisfied
40304,13,Very Satisfied
40305,12,A Little Dissat
40306,12,NA
40307,12,Very Satisfied
40308,14,Mod. Satisfied
40309,13,A Little Dissat
40310,8,Very Satisfied
40311,12,NA
40312,5,NA
40313,12,NA
40314,12,NA
40315,12,NA
40316,17,Very Satisfied
40317,16,Very Satisfied
40318,10,Very Satisfied
40319,13,Mod. Satisfied
40320,13,Very Satisfied
40321,10,Very Satisfied
40322,16,Very Satisfied
40323,11,Very Satisfied
40324,16,Very Satisfied
40325,14,Very Satisfied
40326,19,Very Satisfied
40327,20,Mod. Satisfied
40328,12,NA
40329,12,NA
40330,13,NA
40331,11,NA
40332,13,Mod. Satisfied
40333,7,Very Satisfied
40334,12,NA
40335,11,NA
40336,12,A Little Dissat
40337,16,Very Satisfied
40338,12,Very Satisfied
40339,12,Mod. Satisfied
40340,12,NA
40341,12,Mod. Satisfied
40342,12,NA
40343,12,Mod. Satisfied
40344,13,Very Satisfied
40345,19,Very Dissatisfied
40346,13,A Little Dissat
40347,13,NA
40348,14,Very Satisfied
40349,20,NA
40350,12,Very Satisfied
40351,12,Mod. Satisfied
40352,12,Very Satisfied
40353,12,Very Satisfied
40354,15,Very Satisfied
40355,12,Mod. Satisfied
40356,13,NA
40357,13,Very Satisfied
40358,8,NA
40359,8,Mod. Satisfied
40360,9,NA
40361,16,Very Satisfied
40362,12,Very Satisfied
40363,12,Mod. Satisfied
40364,12,Mod. Satisfied
40365,12,Mod. Satisfied
40366,13,Mod. Satisfied
40367,9,NA
40368,12,Very Satisfied
40369,14,Very Satisfied
40370,12,Mod. Satisfied
40371,12,Mod. Satisfied
40372,11,NA
40373,12,Very Satisfied
40374,8,NA
40375,8,NA
40376,11,NA
40377,12,Very Satisfied
40378,8,NA
40379,8,NA
40380,11,Very Satisfied
40381,8,NA
40382,17,Very Satisfied
40383,12,Mod. Satisfied
40384,12,NA
40385,12,Very Satisfied
40386,17,Very Satisfied
40387,16,NA
40388,15,NA
40389,20,Very Satisfied
40390,16,Mod. Satisfied
40391,17,NA
40392,20,Mod. Satisfied
40393,14,NA
40394,13,NA
40395,15,NA
40396,14,NA
40397,17,NA
40398,18,A Little Dissat
40399,14,Mod. Satisfied
40400,12,Very Satisfied
40401,15,Very Satisfied
40402,18,Mod. Satisfied
40403,16,NA
40404,12,Mod. Satisfied
40405,14,A Little Dissat
40406,16,Mod. Satisfied
40407,16,Very Satisfied
40408,18,Mod. Satisfied
40409,15,NA
40410,19,Very Satisfied
40411,11,NA
40412,6,NA
40413,12,Very Satisfied
40414,12,Mod. Satisfied
40415,7,NA
40416,10,NA
40417,5,Mod. Satisfied
40418,12,Mod. Satisfied
40419,12,Mod. Satisfied
40420,13,Mod. Satisfied
40421,10,Mod. Satisfied
40422,8,Very Satisfied
40423,12,Mod. Satisfied
40424,13,Mod. Satisfied
40425,12,Very Satisfied
40426,14,Very Satisfied
40427,12,Mod. Satisfied
40428,12,NA
40429,12,Mod. Satisfied
40430,12,Mod. Satisfied
40431,9,NA
40432,10,Very Satisfied
40433,12,NA
40434,7,NA
40435,13,NA
40436,12,Very Satisfied
40437,12,Very Satisfied
40438,12,NA
40439,16,Mod. Satisfied
40440,18,A Little Dissat
40441,14,Very Satisfied
40442,14,Very Satisfied
40443,12,Very Satisfied
40444,10,Very Satisfied
40445,14,Mod. Satisfied
40446,12,NA
40447,8,Mod. Satisfied
40448,8,NA
40449,9,A Little Dissat
40450,9,Mod. Satisfied
40451,4,NA
40452,9,Mod. Satisfied
40453,10,NA
40454,14,Very Satisfied
40455,12,NA
40456,14,Very Satisfied
40457,6,A Little Dissat
40458,13,Mod. Satisfied
40459,11,Mod. Satisfied
40460,14,Very Satisfied
40461,13,Very Satisfied
40462,12,Very Satisfied
40463,12,Very Satisfied
40464,13,A Little Dissat
40465,15,Mod. Satisfied
40466,12,Mod. Satisfied
40467,13,NA
40468,12,Mod. Satisfied
40469,12,Mod. Satisfied
40470,13,Very Satisfied
40471,8,NA
40472,15,Very Satisfied
40473,12,Very Satisfied
40474,12,Mod. Satisfied
40475,12,Mod. Satisfied
40476,10,Mod. Satisfied
40477,11,NA
40478,10,Very Satisfied
40479,16,Mod. Satisfied
40480,13,Very Satisfied
40481,16,Very Satisfied
40482,12,Mod. Satisfied
40483,12,NA
40484,9,NA
40485,14,Very Satisfied
40486,14,Very Satisfied
40487,8,A Little Dissat
40488,12,Very Satisfied
40489,12,Very Dissatisfied
40490,13,NA
40491,12,Mod. Satisfied
40492,8,NA
40493,14,Mod. Satisfied
40494,9,NA
40495,14,Mod. Satisfied
40496,16,Mod. Satisfied
40497,13,Mod. Satisfied
40498,12,Very Satisfied
40499,20,Very Satisfied
40500,12,NA
40501,15,NA
40502,12,Very Satisfied
40503,15,Very Satisfied
40504,15,Very Satisfied
40505,15,Very Satisfied
40506,12,Very Satisfied
40507,18,Very Satisfied
40508,12,Mod. Satisfied
40509,12,NA
40510,16,Mod. Satisfied
40511,18,Mod. Satisfied
40512,14,Very Satisfied
40513,8,NA
40514,14,Very Satisfied
40515,17,NA
40516,13,A Little Dissat
40517,14,A Little Dissat
40518,15,Mod. Satisfied
40519,14,Mod. Satisfied
40520,14,Very Satisfied
40521,8,NA
40522,10,Very Satisfied
40523,12,NA
40524,9,Very Satisfied
40525,18,NA
40526,16,NA
40527,13,Very Satisfied
40528,12,Very Satisfied
40529,12,Very Satisfied
40530,12,Very Satisfied
40531,11,Very Satisfied
40532,12,Mod. Satisfied
40533,12,NA
40534,12,Mod. Satisfied
40535,12,A Little Dissat
40536,16,NA
40537,12,NA
40538,9,Mod. Satisfied
40539,13,NA
40540,12,Very Satisfied
40541,12,Very Satisfied
40542,12,Mod. Satisfied
40543,12,Mod. Satisfied
40544,12,Mod. Satisfied
40545,12,Very Satisfied
40546,15,Mod. Satisfied
40547,12,NA
40548,17,Mod. Satisfied
40549,12,Mod. Satisfied
40550,12,NA
40551,12,Mod. Satisfied
40552,16,Mod. Satisfied
40553,10,NA
40554,16,Mod. Satisfied
40555,16,Mod. Satisfied
40556,12,Very Satisfied
40557,8,NA
40558,13,Mod. Satisfied
40559,12,Mod. Satisfied
40560,12,Mod. Satisfied
40561,16,Mod. Satisfied
40562,11,Mod. Satisfied
40563,12,A Little Dissat
40564,13,Very Satisfied
40565,18,Mod. Satisfied
40566,12,NA
40567,16,Mod. Satisfied
40568,16,NA
40569,14,Very Satisfied
40570,14,Mod. Satisfied
40571,16,Mod. Satisfied
40572,16,Mod. Satisfied
40573,13,Mod. Satisfied
40574,12,NA
40575,12,Mod. Satisfied
40576,13,Very Satisfied
40577,12,Very Satisfied
40578,12,Very Satisfied
40579,12,NA
40580,12,Very Satisfied
40581,12,Mod. Satisfied
40582,12,Mod. Satisfied
40583,16,Very Satisfied
40584,12,Very Satisfied
40585,9,Mod. Satisfied
40586,12,Mod. Satisfied
40587,16,NA
40588,15,Mod. Satisfied
40589,12,Mod. Satisfied
40590,14,Mod. Satisfied
40591,12,NA
40592,13,Very Satisfied
40593,14,Mod. Satisfied
40594,14,Mod. Satisfied
40595,14,NA
40596,12,NA
40597,12,Very Satisfied
40598,12,Mod. Satisfied
40599,13,Mod. Satisfied
40600,15,Very Satisfied
40601,12,Mod. Satisfied
40602,12,NA
40603,13,Mod. Satisfied
40604,17,Very Satisfied
40605,12,Very Satisfied
40606,11,Very Satisfied
40607,12,Mod. Satisfied
40608,8,Very Satisfied
40609,11,NA
40610,12,Very Satisfied
40611,10,Very Satisfied
40612,13,Mod. Satisfied
40613,15,Very Satisfied
40614,8,Very Satisfied
40615,13,Mod. Satisfied
40616,16,Very Satisfied
40617,12,NA
40618,8,NA
40619,14,Very Satisfied
40620,14,Mod. Satisfied
40621,12,Very Satisfied
40622,11,Very Satisfied
40623,15,Mod. Satisfied
40624,16,Very Satisfied
40625,12,Very Satisfied
40626,16,Mod. Satisfied
40627,10,Mod. Satisfied
40628,10,Very Satisfied
40629,6,NA
40630,5,NA
40631,12,Very Satisfied
40632,7,A Little Dissat
40633,12,Very Satisfied
40634,8,Very Satisfied
40635,12,Mod. Satisfied
40636,12,NA
40637,11,NA
40638,12,Mod. Satisfied
40639,13,NA
40640,9,A Little Dissat
40641,12,Mod. Satisfied
40642,16,Very Satisfied
40643,16,Very Satisfied
40644,14,NA
40645,13,Very Satisfied
40646,15,Very Satisfied
40647,16,Mod. Satisfied
40648,13,Very Satisfied
40649,11,Very Satisfied
40650,8,NA
40651,6,NA
40652,14,Very Satisfied
40653,3,Mod. Satisfied
40654,8,Very Satisfied
40655,13,Very Satisfied
40656,11,NA
40657,12,A Little Dissat
40658,12,Mod. Satisfied
40659,15,Very Satisfied
40660,12,Very Satisfied
40661,12,Mod. Satisfied
40662,0,Very Satisfied
40663,9,Mod. Satisfied
40664,12,Very Satisfied
40665,14,Very Satisfied
40666,14,NA
40667,9,Very Satisfied
40668,13,Very Satisfied
40669,8,NA
40670,12,NA
40671,12,Very Satisfied
40672,20,Very Satisfied
40673,12,Mod. Satisfied
40674,12,NA
40675,16,Mod. Satisfied
40676,11,A Little Dissat
40677,15,Mod. Satisfied
40678,12,Very Satisfied
40679,13,NA
40680,15,Mod. Satisfied
40681,13,Mod. Satisfied
40682,14,Mod. Satisfied
40683,14,Mod. Satisfied
40684,16,Very Satisfied
40685,12,Mod. Satisfied
40686,13,NA
40687,12,A Little Dissat
40688,14,A Little Dissat
40689,16,Very Satisfied
40690,19,Very Satisfied
40691,14,Mod. Satisfied
40692,13,Very Satisfied
40693,12,Mod. Satisfied
40694,12,Mod. Satisfied
40695,9,NA
40696,12,NA
40697,12,Mod. Satisfied
40698,12,Mod. Satisfied
40699,12,Very Satisfied
40700,15,Mod. Satisfied
40701,12,Mod. Satisfied
40702,14,Very Satisfied
40703,14,NA
40704,7,NA
40705,12,NA
40706,12,Mod. Satisfied
40707,13,Mod. Satisfied
40708,12,NA
40709,10,Mod. Satisfied
40710,12,Mod. Satisfied
40711,14,Mod. Satisfied
40712,12,Mod. Satisfied
40713,8,A Little Dissat
40714,13,A Little Dissat
40715,11,Very Satisfied
40716,12,NA
40717,12,NA
40718,13,Very Satisfied
40719,14,Mod. Satisfied
40720,12,NA
40721,14,Very Satisfied
40722,12,NA
40723,12,NA
40724,16,Mod. Satisfied
40725,12,Very Satisfied
40726,13,Mod. Satisfied
40727,12,Mod. Satisfied
40728,12,Mod. Satisfied
40729,12,NA
40730,17,NA
40731,13,A Little Dissat
40732,12,Mod. Satisfied
40733,14,Very Satisfied
40734,12,Mod. Satisfied
40735,16,NA
40736,17,A Little Dissat
40737,16,NA
40738,11,Mod. Satisfied
40739,13,Mod. Satisfied
40740,12,Mod. Satisfied
40741,14,NA
40742,16,Very Satisfied
40743,17,NA
40744,13,Very Satisfied
40745,16,Mod. Satisfied
40746,12,Very Dissatisfied
40747,16,Very Satisfied
40748,12,Very Satisfied
40749,16,NA
40750,12,Very Satisfied
40751,12,NA
40752,15,Mod. Satisfied
40753,12,Mod. Satisfied
40754,12,A Little Dissat
40755,12,Very Satisfied
40756,13,Very Satisfied
40757,16,Mod. Satisfied
40758,16,Very Satisfied
40759,12,NA
40760,15,Mod. Satisfied
40761,12,Mod. Satisfied
40762,12,Very Satisfied
40763,12,Very Satisfied
40764,10,NA
40765,12,NA
40766,12,Very Satisfied
40767,11,Mod. Satisfied
40768,16,Mod. Satisfied
40769,8,NA
40770,9,Very Satisfied
40771,12,Very Satisfied
40772,10,Mod. Satisfied
40773,10,A Little Dissat
40774,12,A Little Dissat
40775,12,A Little Dissat
40776,15,Very Satisfied
40777,12,Very Satisfied
40778,9,NA
40779,12,Mod. Satisfied
40780,12,Very Satisfied
40781,12,Very Satisfied
40782,12,Very Satisfied
40783,12,NA
40784,16,Very Satisfied
40785,13,Mod. Satisfied
40786,14,NA
40787,15,Mod. Satisfied
40788,20,Mod. Satisfied
40789,7,NA
40790,14,Very Satisfied
40791,8,NA
40792,10,Mod. Satisfied
40793,12,A Little Dissat
40794,15,Very Satisfied
40795,12,Very Satisfied
40796,12,Very Satisfied
40797,10,Very Satisfied
40798,11,Mod. Satisfied
40799,12,Mod. Satisfied
40800,12,Very Satisfied
40801,10,Mod. Satisfied
40802,8,NA
40803,3,NA
40804,17,NA
40805,12,NA
40806,12,NA
40807,13,NA
40808,12,NA
40809,12,NA
40810,12,Very Satisfied
40811,8,NA
40812,6,NA
40813,6,NA
40814,11,Mod. Satisfied
40815,12,Very Dissatisfied
40816,12,Mod. Satisfied
40817,12,Mod. Satisfied
40818,9,Mod. Satisfied
40819,10,NA
40820,13,A Little Dissat
40821,14,Very Satisfied
40822,12,Mod. Satisfied
40823,8,Very Satisfied
40824,10,Very Satisfied
40825,16,Mod. Satisfied
40826,10,A Little Dissat
40827,13,Very Satisfied
40828,12,Mod. Satisfied
40829,14,Mod. Satisfied
40830,12,Mod. Satisfied
40831,13,NA
40832,9,NA
40833,13,NA
40834,14,Mod. Satisfied
40835,12,Mod. Satisfied
40836,12,Very Satisfied
40837,14,Mod. Satisfied
40838,12,NA
40839,13,Very Satisfied
40840,12,NA
40841,12,Mod. Satisfied
40842,14,Very Satisfied
40843,13,Very Satisfied
40844,16,Mod. Satisfied
40845,13,Very Satisfied
40846,14,Very Satisfied
40847,13,Mod. Satisfied
40848,6,Very Satisfied
40849,17,Mod. Satisfied
40850,12,Mod. Satisfied
40851,12,Very Satisfied
40852,16,Mod. Satisfied
40853,16,NA
40854,12,Very Satisfied
40855,14,NA
40856,18,A Little Dissat
40857,16,Mod. Satisfied
40858,20,A Little Dissat
40859,16,Very Satisfied
40860,11,Mod. Satisfied
40861,10,NA
40862,13,NA
40863,15,NA
40864,15,NA
40865,17,A Little Dissat
40866,12,Very Dissatisfied
40867,10,Very Satisfied
40868,10,Mod. Satisfied
40869,18,Very Dissatisfied
40870,17,Very Satisfied
40871,12,Very Satisfied
40872,20,Mod. Satisfied
40873,17,Very Satisfied
40874,14,Very Satisfied
40875,10,Very Satisfied
40876,16,Mod. Satisfied
40877,12,NA
40878,12,NA
40879,12,Very Satisfied
40880,12,Very Satisfied
40881,12,Very Satisfied
40882,20,Very Satisfied
40883,12,NA
40884,12,A Little Dissat
40885,20,Very Satisfied
40886,5,NA
40887,11,NA
40888,10,Mod. Satisfied
40889,17,Very Satisfied
40890,14,Very Satisfied
40891,16,Mod. Satisfied
40892,20,Very Satisfied
40893,16,Mod. Satisfied
40894,11,NA
40895,18,Mod. Satisfied
40896,16,Very Satisfied
40897,17,Mod. Satisfied
40898,12,Mod. Satisfied
40899,16,Mod. Satisfied
40900,16,A Little Dissat
40901,18,Mod. Satisfied
40902,12,NA
40903,17,NA
40904,15,NA
40905,12,Very Satisfied
40906,12,NA
40907,12,Very Satisfied
40908,18,Very Satisfied
40909,12,Mod. Satisfied
40910,5,NA
40911,9,NA
40912,7,NA
40913,12,NA
40914,5,NA
40915,12,NA
40916,12,NA
40917,12,Mod. Satisfied
40918,12,Mod. Satisfied
40919,12,Very Satisfied
40920,12,Very Satisfied
40921,13,Very Satisfied
40922,12,Very Satisfied
40923,13,Very Satisfied
40924,14,Very Satisfied
40925,12,NA
40926,12,Very Dissatisfied
40927,12,Very Satisfied
40928,12,NA
40929,12,NA
40930,16,Very Satisfied
40931,11,Very Satisfied
40932,12,Mod. Satisfied
40933,19,A Little Dissat
40934,14,Mod. Satisfied
40935,16,Very Satisfied
40936,13,Very Satisfied
40937,2,NA
40938,7,NA
40939,12,Mod. Satisfied
40940,16,NA
40941,12,NA
40942,14,Mod. Satisfied
40943,13,NA
40944,14,NA
40945,11,NA
40946,18,NA
40947,12,Very Satisfied
40948,12,Mod. Satisfied
40949,12,Mod. Satisfied
40950,12,NA
40951,15,Very Satisfied
40952,13,Very Satisfied
40953,15,NA
40954,13,NA
40955,12,A Little Dissat
40956,16,Very Satisfied
40957,16,Very Satisfied
40958,14,NA
40959,12,NA
40960,14,NA
40961,17,NA
40962,12,NA
40963,9,NA
40964,14,NA
40965,16,Very Satisfied
40966,16,Very Satisfied
40967,17,Very Satisfied
40968,16,Very Satisfied
40969,8,NA
40970,14,Very Satisfied
40971,20,Very Satisfied
40972,14,NA
40973,13,NA
40974,16,NA
40975,10,NA
40976,17,Very Satisfied
40977,14,NA
40978,13,NA
40979,10,Very Satisfied
40980,9,Very Satisfied
40981,14,NA
40982,12,NA
40983,12,NA
40984,12,NA
40985,15,NA
40986,13,Very Dissatisfied
40987,17,NA
40988,20,NA
40989,13,Very Satisfied
40990,13,NA
40991,16,NA
40992,12,NA
40993,14,NA
40994,18,NA
40995,14,NA
40996,19,Very Satisfied
40997,12,Very Satisfied
40998,8,Very Satisfied
40999,12,NA
41000,11,Very Dissatisfied
41001,5,NA
41002,9,NA
41003,9,NA
41004,13,NA
41005,11,NA
41006,11,NA
41007,11,NA
41008,15,Very Satisfied
41009,13,NA
41010,14,NA
41011,15,Very Satisfied
41012,13,NA
41013,13,NA
41014,11,NA
41015,14,Very Satisfied
41016,13,Mod. Satisfied
41017,12,NA
41018,12,NA
41019,NA,NA
41020,18,NA
41021,7,NA
41022,14,NA
41023,12,NA
41024,12,NA
41025,12,NA
41026,15,Very Satisfied
41027,16,Very Satisfied
41028,16,NA
41029,17,Mod. Satisfied
41030,14,Very Satisfied
41031,12,NA
41032,16,Very Satisfied
41033,13,Mod. Satisfied
41034,13,NA
41035,13,NA
41036,14,NA
41037,13,NA
41038,11,Very Satisfied
41039,17,NA
41040,12,NA
41041,12,Very Satisfied
41042,14,Very Satisfied
41043,11,NA
41044,12,Mod. Satisfied
41045,2,NA
41046,11,NA
41047,12,Very Satisfied
41048,15,NA
41049,11,A Little Dissat
41050,12,NA
41051,12,NA
41052,12,NA
41053,12,NA
41054,11,NA
41055,11,NA
41056,12,NA
41057,12,NA
41058,2,Very Satisfied
41059,15,NA
41060,15,NA
41061,16,NA
41062,12,NA
41063,17,NA
41064,20,NA
41065,16,NA
41066,13,Mod. Satisfied
41067,12,Mod. Satisfied
41068,12,NA
41069,14,Mod. Satisfied
41070,13,NA
41071,10,NA
41072,15,Mod. Satisfied
41073,16,NA
41074,14,NA
41075,12,NA
41076,16,NA
41077,12,NA
41078,12,NA
41079,12,NA
41080,12,Mod. Satisfied
41081,12,NA
41082,14,NA
41083,12,NA
41084,14,NA
41085,17,Very Satisfied
41086,18,Mod. Satisfied
41087,16,Mod. Satisfied
41088,13,NA
41089,12,NA
41090,12,NA
41091,12,Mod. Satisfied
41092,13,Very Satisfied
41093,12,Mod. Satisfied
41094,12,NA
41095,15,NA
41096,12,NA
41097,12,NA
41098,15,NA
41099,9,NA
41100,16,NA
41101,12,Mod. Satisfied
41102,12,NA
41103,16,Mod. Satisfied
41104,12,NA
41105,16,NA
41106,14,NA
41107,14,Very Satisfied
41108,12,Mod. Satisfied
41109,15,Very Satisfied
41110,16,NA
41111,16,NA
41112,16,NA
41113,20,Very Dissatisfied
41114,18,NA
41115,14,Mod. Satisfied
41116,17,Mod. Satisfied
41117,12,A Little Dissat
41118,16,Very Satisfied
41119,11,NA
41120,12,NA
41121,13,NA
41122,10,NA
41123,13,NA
41124,14,Very Satisfied
41125,15,NA
41126,16,NA
41127,16,NA
41128,13,Very Satisfied
41129,13,NA
41130,12,NA
41131,13,NA
41132,14,NA
41133,20,NA
41134,2,NA
41135,12,Mod. Satisfied
41136,18,Mod. Satisfied
41137,14,NA
41138,17,NA
41139,16,NA
41140,12,Very Dissatisfied
41141,14,NA
41142,10,Very Satisfied
41143,16,NA
41144,9,NA
41145,14,Mod. Satisfied
41146,13,NA
41147,13,NA
41148,14,NA
41149,14,NA
41150,14,Very Satisfied
41151,16,NA
41152,14,NA
41153,16,Mod. Satisfied
41154,14,NA
41155,15,NA
41156,12,Very Satisfied
41157,11,Very Satisfied
41158,13,NA
41159,12,NA
41160,14,Mod. Satisfied
41161,12,Mod. Satisfied
41162,12,NA
41163,14,NA
41164,16,NA
41165,20,NA
41166,20,NA
41167,12,NA
41168,16,Very Satisfied
41169,2,NA
41170,14,NA
41171,14,NA
41172,12,Mod. Satisfied
41173,12,NA
41174,12,Mod. Satisfied
41175,13,Mod. Satisfied
41176,14,A Little Dissat
41177,9,NA
41178,10,NA
41179,11,Very Satisfied
41180,18,NA
41181,14,NA
41182,14,Mod. Satisfied
41183,12,Mod. Satisfied
41184,9,NA
41185,12,Very Satisfied
41186,13,NA
41187,9,NA
41188,16,NA
41189,14,Very Satisfied
41190,16,Mod. Satisfied
41191,11,NA
41192,14,Very Satisfied
41193,14,NA
41194,15,Very Satisfied
41195,12,NA
41196,12,NA
41197,5,NA
41198,14,NA
41199,13,NA
41200,16,Very Satisfied
41201,11,Mod. Satisfied
41202,14,NA
41203,11,NA
41204,12,NA
41205,11,Mod. Satisfied
41206,16,Very Satisfied
41207,16,NA
41208,13,NA
41209,18,Very Satisfied
41210,15,NA
41211,16,NA
41212,16,Very Satisfied
41213,11,NA
41214,12,Mod. Satisfied
41215,20,Very Satisfied
41216,16,NA
41217,18,Mod. Satisfied
41218,10,NA
41219,18,NA
41220,19,Very Satisfied
41221,16,Very Satisfied
41222,17,NA
41223,6,Mod. Satisfied
41224,14,Mod. Satisfied
41225,13,NA
41226,15,NA
41227,15,NA
41228,12,Very Satisfied
41229,18,Very Satisfied
41230,13,NA
41231,13,NA
41232,14,Mod. Satisfied
41233,14,NA
41234,14,NA
41235,14,NA
41236,13,NA
41237,16,NA
41238,15,NA
41239,12,NA
41240,12,NA
41241,12,Mod. Satisfied
41242,18,Very Satisfied
41243,12,NA
41244,14,NA
41245,12,Very Satisfied
41246,16,Very Satisfied
41247,16,NA
41248,14,Very Satisfied
41249,18,Very Satisfied
41250,16,NA
41251,12,NA
41252,18,NA
41253,17,Very Satisfied
41254,18,Mod. Satisfied
41255,16,Mod. Satisfied
41256,12,NA
41257,12,NA
41258,12,Very Satisfied
41259,16,NA
41260,12,Mod. Satisfied
41261,12,NA
41262,12,Mod. Satisfied
41263,16,NA
41264,16,NA
41265,15,Very Satisfied
41266,14,NA
41267,16,A Little Dissat
41268,18,NA
41269,14,NA
41270,14,Very Satisfied
41271,16,Mod. Satisfied
41272,20,Very Satisfied
41273,19,A Little Dissat
41274,16,Very Dissatisfied
41275,11,NA
41276,16,NA
41277,16,A Little Dissat
41278,15,NA
41279,8,NA
41280,5,NA
41281,13,NA
41282,17,Very Dissatisfied
41283,14,NA
41284,12,NA
41285,9,Very Dissatisfied
41286,16,NA
41287,14,Mod. Satisfied
41288,13,NA
41289,12,NA
41290,13,NA
41291,12,Very Satisfied
41292,2,Mod. Satisfied
41293,14,Mod. Satisfied
41294,13,NA
41295,16,NA
41296,16,Very Satisfied
41297,14,NA
41298,14,Mod. Satisfied
41299,17,Very Satisfied
41300,12,NA
41301,18,NA
41302,17,Very Satisfied
41303,18,NA
41304,16,NA
41305,15,NA
41306,16,Very Satisfied
41307,12,NA
41308,19,NA
41309,16,NA
41310,14,NA
41311,12,NA
41312,14,NA
41313,12,Very Satisfied
41314,12,Mod. Satisfied
41315,15,NA
41316,14,NA
41317,16,A Little Dissat
41318,15,Mod. Satisfied
41319,12,Mod. Satisfied
41320,12,A Little Dissat
41321,20,Very Satisfied
41322,8,NA
41323,11,NA
41324,9,NA
41325,12,NA
41326,11,NA
41327,14,NA
41328,12,NA
41329,12,NA
41330,13,Very Satisfied
41331,12,A Little Dissat
41332,14,NA
41333,14,NA
41334,12,NA
41335,12,Mod. Satisfied
41336,12,NA
41337,12,NA
41338,12,A Little Dissat
41339,13,Very Satisfied
41340,13,NA
41341,14,Very Satisfied
41342,14,A Little Dissat
41343,14,NA
41344,18,NA
41345,20,Very Satisfied
41346,13,Mod. Satisfied
41347,12,Very Dissatisfied
41348,12,NA
41349,13,Very Satisfied
41350,16,Mod. Satisfied
41351,17,Very Satisfied
41352,17,NA
41353,16,NA
41354,14,Very Satisfied
41355,14,Mod. Satisfied
41356,6,NA
41357,15,Very Satisfied
41358,15,NA
41359,14,NA
41360,16,Very Dissatisfied
41361,16,Mod. Satisfied
41362,NA,NA
41363,18,NA
41364,16,Mod. Satisfied
41365,16,Very Satisfied
41366,16,Very Satisfied
41367,18,NA
41368,12,NA
41369,19,Mod. Satisfied
41370,19,Very Satisfied
41371,13,NA
41372,11,NA
41373,16,NA
41374,18,Mod. Satisfied
41375,11,NA
41376,12,NA
41377,14,Very Satisfied
41378,12,Mod. Satisfied
41379,14,NA
41380,6,NA
41381,NA,Very Satisfied
41382,20,Very Satisfied
41383,17,NA
41384,19,NA
41385,16,Very Satisfied
41386,16,Mod. Satisfied
41387,20,NA
41388,16,NA
41389,20,Very Satisfied
41390,16,NA
41391,16,NA
41392,6,NA
41393,9,NA
41394,12,NA
41395,15,NA
41396,14,NA
41397,NA,NA
41398,14,NA
41399,13,A Little Dissat
41400,14,NA
41401,12,NA
41402,6,NA
41403,12,NA
41404,16,Mod. Satisfied
41405,14,NA
41406,14,A Little Dissat
41407,18,NA
41408,11,NA
41409,14,Mod. Satisfied
41410,12,NA
41411,18,NA
41412,14,NA
41413,17,NA
41414,8,NA
41415,18,NA
41416,14,Very Satisfied
41417,12,NA
41418,12,NA
41419,12,NA
41420,9,Mod. Satisfied
41421,11,Mod. Satisfied
41422,8,NA
41423,13,NA
41424,12,Very Dissatisfied
41425,12,Very Satisfied
41426,18,A Little Dissat
41427,16,A Little Dissat
41428,13,Very Satisfied
41429,18,NA
41430,18,NA
41431,16,NA
41432,16,Very Satisfied
41433,18,Very Satisfied
41434,17,Very Satisfied
41435,12,Very Satisfied
41436,14,NA
41437,12,Mod. Satisfied
41438,16,NA
41439,12,Mod. Satisfied
41440,13,NA
41441,14,NA
41442,13,NA
41443,15,Mod. Satisfied
41444,14,Mod. Satisfied
41445,14,Very Satisfied
41446,12,NA
41447,11,A Little Dissat
41448,11,NA
41449,14,NA
41450,12,A Little Dissat
41451,16,NA
41452,15,NA
41453,16,Very Satisfied
41454,16,Mod. Satisfied
41455,20,Very Satisfied
41456,16,NA
41457,19,NA
41458,19,NA
41459,16,Mod. Satisfied
41460,20,Mod. Satisfied
41461,12,NA
41462,12,Mod. Satisfied
41463,18,NA
41464,15,NA
41465,12,Mod. Satisfied
41466,12,NA
41467,12,NA
41468,15,Mod. Satisfied
41469,14,Mod. Satisfied
41470,15,Very Satisfied
41471,16,NA
41472,12,A Little Dissat
41473,12,NA
41474,18,NA
41475,15,NA
41476,14,NA
41477,14,NA
41478,18,Very Satisfied
41479,19,Mod. Satisfied
41480,13,NA
41481,14,NA
41482,12,Very Satisfied
41483,11,Mod. Satisfied
41484,18,NA
41485,20,NA
41486,13,Very Satisfied
41487,16,Mod. Satisfied
41488,16,NA
41489,15,NA
41490,13,NA
41491,16,Very Satisfied
41492,13,NA
41493,12,NA
41494,12,Mod. Satisfied
41495,12,NA
41496,14,NA
41497,12,Mod. Satisfied
41498,12,Mod. Satisfied
41499,14,NA
41500,12,NA
41501,12,Very Dissatisfied
41502,9,Mod. Satisfied
41503,12,NA
41504,14,NA
41505,12,NA
41506,13,NA
41507,12,NA
41508,14,NA
41509,15,NA
41510,9,NA
41511,8,Mod. Satisfied
41512,16,NA
41513,12,Very Satisfied
41514,12,NA
41515,12,NA
41516,12,Mod. Satisfied
41517,12,NA
41518,12,NA
41519,14,NA
41520,12,A Little Dissat
41521,14,Very Satisfied
41522,6,NA
41523,11,NA
41524,14,Very Satisfied
41525,12,Mod. Satisfied
41526,12,NA
41527,2,Very Satisfied
41528,12,Very Satisfied
41529,12,NA
41530,16,NA
41531,11,NA
41532,12,Mod. Satisfied
41533,12,Very Satisfied
41534,16,Very Satisfied
41535,17,Very Satisfied
41536,12,Mod. Satisfied
41537,12,NA
41538,18,Very Satisfied
41539,12,NA
41540,18,NA
41541,7,NA
41542,12,NA
41543,11,NA
41544,12,NA
41545,18,NA
41546,18,Very Satisfied
41547,12,Very Satisfied
41548,12,NA
41549,12,NA
41550,15,Very Satisfied
41551,12,Very Satisfied
41552,14,NA
41553,8,NA
41554,12,Very Satisfied
41555,11,A Little Dissat
41556,12,NA
41557,12,NA
41558,12,Mod. Satisfied
41559,12,NA
41560,16,Mod. Satisfied
41561,10,Very Satisfied
41562,13,NA
41563,9,NA
41564,13,NA
41565,15,Mod. Satisfied
41566,11,NA
41567,12,NA
41568,12,Mod. Satisfied
41569,16,Mod. Satisfied
41570,13,NA
41571,16,NA
41572,12,NA
41573,13,NA
41574,8,Very Satisfied
41575,2,A Little Dissat
41576,9,NA
41577,10,NA
41578,14,NA
41579,12,NA
41580,18,NA
41581,4,NA
41582,14,NA
41583,9,NA
41584,16,Mod. Satisfied
41585,12,NA
41586,12,NA
41587,12,Very Satisfied
41588,15,NA
41589,20,NA
41590,16,Very Satisfied
41591,12,NA
41592,12,NA
41593,14,NA
41594,8,NA
41595,12,NA
41596,9,NA
41597,12,NA
41598,12,Very Satisfied
41599,17,NA
41600,16,NA
41601,12,NA
41602,18,Very Satisfied
41603,12,Mod. Satisfied
41604,14,Very Satisfied
41605,12,Very Satisfied
41606,12,NA
41607,14,NA
41608,15,NA
41609,16,NA
41610,12,NA
41611,12,NA
41612,15,NA
41613,12,NA
41614,14,NA
41615,16,NA
41616,16,NA
41617,18,NA
41618,20,Mod. Satisfied
41619,16,A Little Dissat
41620,16,Very Satisfied
41621,14,Mod. Satisfied
41622,12,NA
41623,13,NA
41624,8,Mod. Satisfied
41625,12,NA
41626,12,NA
41627,14,Mod. Satisfied
41628,9,Very Satisfied
41629,16,Mod. Satisfied
41630,13,NA
41631,12,NA
41632,11,NA
41633,13,Mod. Satisfied
41634,14,NA
41635,2,NA
41636,18,NA
41637,14,Very Satisfied
41638,12,Very Satisfied
41639,12,NA
41640,15,NA
41641,12,Mod. Satisfied
41642,12,Very Satisfied
41643,13,Mod. Satisfied
41644,14,NA
41645,12,Very Satisfied
41646,14,Very Satisfied
41647,16,Very Satisfied
41648,12,NA
41649,13,NA
41650,18,NA
41651,12,Mod. Satisfied
41652,14,NA
41653,12,NA
41654,16,NA
41655,20,NA
41656,18,NA
41657,16,Mod. Satisfied
41658,13,NA
41659,15,NA
41660,11,NA
41661,14,Very Satisfied
41662,11,NA
41663,11,NA
41664,14,NA
41665,11,Very Satisfied
41666,12,NA
41667,13,A Little Dissat
41668,12,Mod. Satisfied
41669,14,NA
41670,14,NA
41671,14,Very Satisfied
41672,13,NA
41673,9,NA
41674,13,NA
41675,13,Very Satisfied
41676,6,Very Satisfied
41677,14,Mod. Satisfied
41678,12,NA
41679,13,NA
41680,10,Mod. Satisfied
41681,13,Very Dissatisfied
41682,12,Mod. Satisfied
41683,14,NA
41684,6,NA
41685,16,Mod. Satisfied
41686,13,Very Satisfied
41687,14,NA
41688,10,Very Satisfied
41689,14,NA
41690,16,Very Satisfied
41691,14,NA
41692,12,NA
41693,16,Very Satisfied
41694,15,NA
41695,16,NA
41696,15,NA
41697,16,Mod. Satisfied
41698,12,NA
41699,2,NA
41700,16,NA
41701,17,NA
41702,16,Very Satisfied
41703,14,NA
41704,16,Mod. Satisfied
41705,16,NA
41706,20,NA
41707,18,NA
41708,16,NA
41709,16,Mod. Satisfied
41710,18,Mod. Satisfied
41711,13,NA
41712,12,NA
41713,12,NA
41714,12,NA
41715,9,Very Satisfied
41716,9,NA
41717,14,NA
41718,12,NA
41719,12,NA
41720,15,NA
41721,18,NA
41722,12,NA
41723,12,Very Satisfied
41724,13,NA
41725,11,NA
41726,14,NA
41727,6,NA
41728,12,NA
41729,13,NA
41730,12,NA
41731,11,NA
41732,17,NA
41733,12,NA
41734,12,Very Satisfied
41735,19,NA
41736,12,NA
41737,10,NA
41738,8,NA
41739,18,Mod. Satisfied
41740,14,NA
41741,14,Very Satisfied
41742,13,Very Satisfied
41743,12,NA
41744,20,Mod. Satisfied
41745,12,Mod. Satisfied
41746,14,NA
41747,10,NA
41748,7,NA
41749,13,Mod. Satisfied
41750,9,Mod. Satisfied
41751,12,NA
41752,9,Very Satisfied
41753,12,NA
41754,10,Very Satisfied
41755,12,Mod. Satisfied
41756,10,NA
41757,11,NA
41758,14,Very Satisfied
41759,17,Very Dissatisfied
41760,12,A Little Dissat
41761,16,NA
41762,19,NA
41763,12,Very Satisfied
41764,8,NA
41765,12,NA
41766,16,NA
41767,12,Very Satisfied
41768,11,Very Satisfied
41769,12,NA
41770,12,Very Satisfied
41771,14,NA
41772,10,NA
41773,10,A Little Dissat
41774,16,NA
41775,14,NA
41776,11,Mod. Satisfied
41777,13,Very Satisfied
41778,15,NA
41779,20,NA
41780,17,Very Satisfied
41781,14,Very Satisfied
41782,12,NA
41783,6,NA
41784,15,NA
41785,14,NA
41786,14,NA
41787,8,NA
41788,12,Mod. Satisfied
41789,12,Very Satisfied
41790,16,NA
41791,19,NA
41792,16,NA
41793,16,Mod. Satisfied
41794,13,Mod. Satisfied
41795,16,A Little Dissat
41796,17,NA
41797,15,A Little Dissat
41798,12,NA
41799,20,NA
41800,15,Mod. Satisfied
41801,15,NA
41802,18,NA
41803,14,NA
41804,14,NA
41805,8,NA
41806,8,Very Satisfied
41807,16,NA
41808,13,NA
41809,12,Mod. Satisfied
41810,12,NA
41811,12,Mod. Satisfied
41812,13,Very Satisfied
41813,13,NA
41814,8,NA
41815,13,Very Satisfied
41816,16,A Little Dissat
41817,18,NA
41818,12,NA
41819,20,Mod. Satisfied
41820,11,NA
41821,18,NA
41822,16,NA
41823,16,NA
41824,12,Very Dissatisfied
41825,12,Very Satisfied
41826,13,NA
41827,12,Very Satisfied
41828,12,NA
41829,12,NA
41830,12,NA
41831,12,Very Satisfied
41832,NA,NA
41833,19,Very Satisfied
41834,12,NA
41835,14,Very Satisfied
41836,6,Very Satisfied
41837,12,NA
41838,12,NA
41839,12,Mod. Satisfied
41840,12,Very Satisfied
41841,12,NA
41842,12,NA
41843,2,Very Satisfied
41844,12,NA
41845,17,Very Satisfied
41846,12,Mod. Satisfied
41847,18,NA
41848,12,NA
41849,12,NA
41850,18,NA
41851,14,NA
41852,11,Very Satisfied
41853,15,Mod. Satisfied
41854,12,NA
41855,13,NA
41856,12,Mod. Satisfied
41857,8,NA
41858,12,NA
41859,12,NA
41860,12,Very Satisfied
41861,12,NA
41862,12,A Little Dissat
41863,8,Very Satisfied
41864,12,NA
41865,12,Mod. Satisfied
41866,11,NA
41867,14,Very Satisfied
41868,20,NA
41869,12,NA
41870,12,Mod. Satisfied
41871,13,NA
41872,14,NA
41873,15,NA
41874,14,A Little Dissat
41875,6,Very Satisfied
41876,5,NA
41877,12,Very Satisfied
41878,12,NA
41879,12,NA
41880,12,Very Satisfied
41881,12,Very Dissatisfied
41882,6,NA
41883,12,NA
41884,20,NA
41885,15,NA
41886,12,Very Satisfied
41887,15,Very Satisfied
41888,14,NA
41889,14,Mod. Satisfied
41890,18,NA
41891,18,NA
41892,17,NA
41893,12,Mod. Satisfied
41894,14,NA
41895,14,A Little Dissat
41896,14,Very Satisfied
41897,14,NA
41898,13,Very Satisfied
41899,16,NA
41900,18,NA
41901,12,Very Satisfied
41902,13,Very Satisfied
41903,10,NA
41904,12,Very Satisfied
41905,12,Very Satisfied
41906,12,NA
41907,17,NA
41908,14,NA
41909,12,A Little Dissat
41910,12,Very Satisfied
41911,12,NA
41912,16,NA
41913,12,NA
41914,12,Very Satisfied
41915,13,NA
41916,13,NA
41917,12,NA
41918,15,NA
41919,12,NA
41920,14,Mod. Satisfied
41921,12,NA
41922,12,NA
41923,12,Very Satisfied
41924,12,Mod. Satisfied
41925,14,NA
41926,16,NA
41927,15,Very Satisfied
41928,12,Mod. Satisfied
41929,12,NA
41930,10,NA
41931,12,Mod. Satisfied
41932,12,Very Satisfied
41933,13,Mod. Satisfied
41934,15,NA
41935,10,Very Satisfied
41936,12,NA
41937,12,Very Satisfied
41938,15,NA
41939,12,NA
41940,8,Very Satisfied
41941,14,NA
41942,15,NA
41943,8,NA
41944,12,NA
41945,12,NA
41946,12,NA
41947,12,Very Satisfied
41948,14,Mod. Satisfied
41949,11,A Little Dissat
41950,13,NA
41951,8,NA
41952,12,NA
41953,16,Very Satisfied
41954,14,Mod. Satisfied
41955,16,NA
41956,14,Mod. Satisfied
41957,19,NA
41958,12,Mod. Satisfied
41959,11,Very Satisfied
41960,15,NA
41961,20,NA
41962,16,NA
41963,12,Very Satisfied
41964,12,Very Satisfied
41965,10,A Little Dissat
41966,16,Very Satisfied
41967,13,Mod. Satisfied
41968,14,Very Satisfied
41969,12,NA
41970,13,NA
41971,10,NA
41972,13,Very Satisfied
41973,12,NA
41974,13,NA
41975,11,NA
41976,10,Very Satisfied
41977,14,NA
41978,16,NA
41979,16,NA
41980,12,NA
41981,12,NA
41982,18,NA
41983,13,Very Satisfied
41984,18,NA
41985,9,NA
41986,18,Very Satisfied
41987,13,NA
41988,19,NA
41989,19,Mod. Satisfied
41990,12,NA
41991,11,NA
41992,10,NA
41993,16,NA
41994,18,NA
41995,17,Mod. Satisfied
41996,12,NA
41997,15,Mod. Satisfied
41998,11,A Little Dissat
41999,13,Mod. Satisfied
42000,11,NA
42001,12,NA
42002,9,NA
42003,11,Mod. Satisfied
42004,12,NA
42005,12,Very Satisfied
42006,13,Mod. Satisfied
42007,13,Mod. Satisfied
42008,16,Very Satisfied
42009,20,NA
42010,13,NA
42011,12,NA
42012,16,Mod. Satisfied
42013,14,NA
42014,12,NA
42015,16,NA
42016,14,NA
42017,14,NA
42018,13,NA
42019,13,NA
42020,13,NA
42021,18,NA
42022,16,Mod. Satisfied
42023,16,NA
42024,12,NA
42025,18,NA
42026,8,NA
42027,12,Mod. Satisfied
42028,12,Very Satisfied
42029,18,NA
42030,14,NA
42031,16,NA
42032,17,NA
42033,13,NA
42034,12,NA
42035,10,NA
42036,14,NA
42037,12,A Little Dissat
42038,14,NA
42039,12,NA
42040,15,NA
42041,11,NA
42042,10,NA
42043,17,NA
42044,15,Mod. Satisfied
42045,12,Mod. Satisfied
42046,12,NA
42047,12,NA
42048,8,NA
42049,12,Very Dissatisfied
42050,12,NA
42051,14,NA
42052,14,NA
42053,12,Very Satisfied
42054,13,Very Satisfied
42055,11,Mod. Satisfied
42056,8,NA
42057,12,NA
42058,12,NA
42059,12,Very Satisfied
42060,16,Very Satisfied
42061,12,NA
42062,11,NA
42063,13,Very Satisfied
42064,18,Very Satisfied
42065,16,NA
42066,12,NA
42067,14,NA
42068,NA,NA
42069,12,NA
42070,12,NA
42071,12,NA
42072,8,NA
42073,12,NA
42074,12,Very Satisfied
42075,12,NA
42076,18,Very Satisfied
42077,12,Mod. Satisfied
42078,14,Very Satisfied
42079,16,NA
42080,16,NA
42081,16,Mod. Satisfied
42082,10,Mod. Satisfied
42083,18,NA
42084,14,Very Satisfied
42085,8,NA
42086,12,NA
42087,13,Very Satisfied
42088,12,NA
42089,12,NA
42090,12,NA
42091,12,Mod. Satisfied
42092,12,NA
42093,12,NA
42094,19,NA
42095,9,Very Satisfied
42096,12,NA
42097,10,NA
42098,12,NA
42099,12,Mod. Satisfied
42100,12,NA
42101,12,NA
42102,16,NA
42103,18,NA
42104,16,Mod. Satisfied
42105,14,NA
42106,18,NA
42107,20,NA
42108,16,NA
42109,15,Very Satisfied
42110,13,NA
42111,14,NA
42112,NA,NA
42113,12,NA
42114,15,NA
42115,16,NA
42116,20,Very Satisfied
42117,19,Very Satisfied
42118,8,Very Satisfied
42119,12,NA
42120,16,Very Satisfied
42121,16,Mod. Satisfied
42122,16,NA
42123,12,Very Satisfied
42124,14,Very Satisfied
42125,12,NA
42126,12,NA
42127,17,NA
42128,20,NA
42129,9,Very Satisfied
42130,9,Mod. Satisfied
42131,14,Very Dissatisfied
42132,12,NA
42133,12,NA
42134,12,NA
42135,12,Very Satisfied
42136,12,NA
42137,14,Very Satisfied
42138,12,NA
42139,8,Very Satisfied
42140,8,Mod. Satisfied
42141,12,NA
42142,13,NA
42143,14,NA
42144,12,NA
42145,12,NA
42146,13,Mod. Satisfied
42147,14,NA
42148,16,NA
42149,13,NA
42150,15,Very Satisfied
42151,12,NA
42152,13,NA
42153,14,Very Satisfied
42154,19,NA
42155,14,Mod. Satisfied
42156,13,Mod. Satisfied
42157,15,A Little Dissat
42158,9,NA
42159,6,NA
42160,12,NA
42161,12,NA
42162,11,NA
42163,2,A Little Dissat
42164,14,Mod. Satisfied
42165,16,Very Satisfied
42166,14,NA
42167,12,NA
42168,20,NA
42169,18,Mod. Satisfied
42170,15,Very Satisfied
42171,16,NA
42172,17,NA
42173,12,Mod. Satisfied
42174,16,A Little Dissat
42175,13,NA
42176,10,NA
42177,16,Very Satisfied
42178,16,NA
42179,14,NA
42180,15,Very Satisfied
42181,10,NA
42182,16,Mod. Satisfied
42183,15,NA
42184,13,NA
42185,12,NA
42186,15,Very Satisfied
42187,13,NA
42188,12,NA
42189,14,NA
42190,18,A Little Dissat
42191,11,NA
42192,15,NA
42193,11,Mod. Satisfied
42194,16,NA
42195,12,NA
42196,16,NA
42197,17,NA
42198,14,NA
42199,12,NA
42200,14,Very Satisfied
42201,5,Very Satisfied
42202,11,NA
42203,14,NA
42204,11,Very Satisfied
42205,12,NA
42206,15,NA
42207,14,NA
42208,12,NA
42209,10,Mod. Satisfied
42210,9,A Little Dissat
42211,12,Mod. Satisfied
42212,14,NA
42213,12,Very Satisfied
42214,16,A Little Dissat
42215,15,NA
42216,17,Very Dissatisfied
42217,12,Very Satisfied
42218,17,Mod. Satisfied
42219,14,NA
42220,13,NA
42221,12,NA
42222,16,Very Satisfied
42223,11,NA
42224,11,Very Satisfied
42225,12,NA
42226,14,Very Satisfied
42227,12,Very Satisfied
42228,14,Very Satisfied
42229,18,NA
42230,12,Mod. Satisfied
42231,14,NA
42232,11,Very Satisfied
42233,12,Very Satisfied
42234,12,Mod. Satisfied
42235,14,NA
42236,17,NA
42237,16,NA
42238,12,NA
42239,18,Mod. Satisfied
42240,12,NA
42241,12,NA
42242,13,NA
42243,13,Very Satisfied
42244,11,NA
42245,NA,NA
42246,13,NA
42247,10,Mod. Satisfied
42248,9,A Little Dissat
42249,14,NA
42250,12,NA
42251,17,NA
42252,11,Mod. Satisfied
42253,6,NA
42254,14,Very Satisfied
42255,17,Very Satisfied
42256,19,Mod. Satisfied
42257,16,NA
42258,11,Mod. Satisfied
42259,14,Mod. Satisfied
42260,12,NA
42261,12,Mod. Satisfied
42262,17,Very Satisfied
42263,12,NA
42264,10,NA
42265,8,A Little Dissat
42266,14,A Little Dissat
42267,8,NA
42268,9,NA
42269,11,NA
42270,19,NA
42271,12,A Little Dissat
42272,12,NA
42273,16,NA
42274,12,NA
42275,13,Mod. Satisfied
42276,15,NA
42277,11,Mod. Satisfied
42278,12,Very Satisfied
42279,7,Mod. Satisfied
42280,8,NA
42281,12,NA
42282,10,NA
42283,11,A Little Dissat
42284,9,Mod. Satisfied
42285,8,NA
42286,12,NA
42287,12,NA
42288,12,Very Satisfied
42289,10,Very Satisfied
42290,14,NA
42291,14,Very Satisfied
42292,20,Very Satisfied
42293,20,NA
42294,20,Very Satisfied
42295,20,Mod. Satisfied
42296,16,Very Satisfied
42297,12,NA
42298,12,Mod. Satisfied
42299,12,NA
42300,12,NA
42301,12,A Little Dissat
42302,14,NA
42303,15,NA
42304,12,NA
42305,10,NA
42306,20,NA
42307,14,Very Satisfied
42308,11,NA
42309,11,NA
42310,20,NA
42311,16,Very Satisfied
42312,18,NA
42313,17,NA
42314,14,NA
42315,12,NA
42316,16,NA
42317,13,NA
42318,12,Very Satisfied
42319,16,NA
42320,16,NA
42321,16,NA
42322,16,Mod. Satisfied
42323,16,NA
42324,15,NA
42325,14,NA
42326,11,NA
42327,15,NA
42328,10,Very Satisfied
42329,16,Very Dissatisfied
42330,16,NA
42331,11,Very Satisfied
42332,12,Mod. Satisfied
42333,18,NA
42334,13,NA
42335,12,Very Satisfied
42336,9,NA
42337,12,Very Satisfied
42338,12,NA
42339,14,Mod. Satisfied
42340,14,Very Satisfied
42341,12,NA
42342,12,NA
42343,14,Very Satisfied
42344,14,NA
42345,16,NA
42346,15,Mod. Satisfied
42347,16,NA
42348,12,NA
42349,17,A Little Dissat
42350,17,NA
42351,16,NA
42352,16,Mod. Satisfied
42353,17,NA
42354,16,NA
42355,16,Mod. Satisfied
42356,16,Mod. Satisfied
42357,16,NA
42358,13,Very Satisfied
42359,12,Very Satisfied
42360,12,NA
42361,20,NA
42362,12,NA
42363,13,NA
42364,11,A Little Dissat
42365,12,Mod. Satisfied
42366,12,NA
42367,11,NA
42368,18,NA
42369,14,NA
42370,12,NA
42371,19,NA
42372,19,Mod. Satisfied
42373,16,NA
42374,20,NA
42375,19,Mod. Satisfied
42376,16,Mod. Satisfied
42377,12,NA
42378,13,NA
42379,11,NA
42380,17,Very Satisfied
42381,11,NA
42382,18,NA
42383,13,NA
42384,12,Mod. Satisfied
42385,16,Very Dissatisfied
42386,13,NA
42387,12,NA
42388,13,Mod. Satisfied
42389,12,Mod. Satisfied
42390,7,NA
42391,13,NA
42392,12,Mod. Satisfied
42393,15,A Little Dissat
42394,13,Mod. Satisfied
42395,14,NA
42396,17,NA
42397,12,NA
42398,13,Mod. Satisfied
42399,12,NA
42400,14,NA
42401,13,Very Satisfied
42402,12,NA
42403,16,NA
42404,6,Mod. Satisfied
42405,14,A Little Dissat
42406,12,Very Satisfied
42407,13,NA
42408,9,NA
42409,12,NA
42410,12,NA
42411,12,NA
42412,12,A Little Dissat
42413,14,NA
42414,16,NA
42415,14,NA
42416,20,Mod. Satisfied
42417,16,NA
42418,18,NA
42419,13,Mod. Satisfied
42420,NA,NA
42421,19,Very Satisfied
42422,NA,NA
42423,17,NA
42424,16,Mod. Satisfied
42425,16,Mod. Satisfied
42426,14,Mod. Satisfied
42427,15,NA
42428,15,NA
42429,12,Very Satisfied
42430,10,Very Satisfied
42431,14,NA
42432,12,Very Satisfied
42433,15,NA
42434,14,NA
42435,NA,NA
42436,16,Very Satisfied
42437,16,Very Satisfied
42438,12,Very Satisfied
42439,12,Very Satisfied
42440,13,Very Satisfied
42441,16,NA
42442,12,NA
42443,12,Very Satisfied
42444,12,NA
42445,12,NA
42446,12,Very Satisfied
42447,11,Mod. Satisfied
42448,12,Mod. Satisfied
42449,12,NA
42450,14,A Little Dissat
42451,18,Very Dissatisfied
42452,13,NA
42453,10,Very Satisfied
42454,13,NA
42455,12,NA
42456,12,Very Satisfied
42457,10,NA
42458,12,NA
42459,12,NA
42460,19,Very Satisfied
42461,12,NA
42462,16,NA
42463,14,Mod. Satisfied
42464,18,Mod. Satisfied
42465,16,NA
42466,18,Very Satisfied
42467,18,Very Satisfied
42468,13,A Little Dissat
42469,14,NA
42470,16,Mod. Satisfied
42471,20,NA
42472,16,A Little Dissat
42473,14,NA
42474,17,NA
42475,12,Very Dissatisfied
42476,12,A Little Dissat
42477,11,NA
42478,12,NA
42479,14,NA
42480,12,NA
42481,13,NA
42482,14,NA
42483,12,Mod. Satisfied
42484,12,NA
42485,12,Very Satisfied
42486,16,Mod. Satisfied
42487,NA,Mod. Satisfied
42488,12,NA
42489,13,NA
42490,11,NA
42491,12,NA
42492,14,Very Satisfied
42493,12,Very Satisfied
42494,10,NA
42495,11,Very Satisfied
42496,14,Mod. Satisfied
42497,14,NA
42498,14,NA
42499,12,A Little Dissat
42500,14,Mod. Satisfied
42501,18,NA
42502,8,Very Satisfied
42503,12,Very Satisfied
42504,15,Mod. Satisfied
42505,20,NA
42506,13,NA
42507,14,Mod. Satisfied
42508,12,Very Satisfied
42509,14,NA
42510,13,Mod. Satisfied
42511,13,Very Satisfied
42512,16,NA
42513,16,NA
42514,14,NA
42515,16,Very Satisfied
42516,13,Mod. Satisfied
42517,16,NA
42518,16,NA
42519,16,Mod. Satisfied
42520,14,Very Satisfied
42521,15,Mod. Satisfied
42522,14,NA
42523,18,Very Satisfied
42524,14,NA
42525,12,NA
42526,12,Very Satisfied
42527,12,Very Satisfied
42528,14,NA
42529,12,NA
42530,16,Mod. Satisfied
42531,12,NA
42532,12,NA
42533,14,NA
42534,13,Mod. Satisfied
42535,12,Very Satisfied
42536,12,Mod. Satisfied
42537,15,NA
42538,16,NA
42539,13,Mod. Satisfied
42540,15,Very Dissatisfied
42541,12,Mod. Satisfied
42542,12,NA
42543,16,NA
42544,0,Mod. Satisfied
42545,14,Very Satisfied
42546,12,NA
42547,14,Very Satisfied
42548,9,NA
42549,12,NA
42550,13,NA
42551,14,NA
42552,14,NA
42553,15,NA
42554,12,Very Satisfied
42555,12,NA
42556,13,NA
42557,16,NA
42558,16,NA
42559,12,Very Satisfied
42560,11,NA
42561,14,NA
42562,17,NA
42563,16,Very Satisfied
42564,16,NA
42565,16,NA
42566,14,NA
42567,14,NA
42568,16,Very Dissatisfied
42569,16,Very Satisfied
42570,12,NA
42571,14,NA
42572,16,NA
42573,16,NA
42574,11,Very Dissatisfied
42575,14,NA
42576,4,NA
42577,6,NA
42578,16,NA
42579,16,NA
42580,15,NA
42581,15,NA
42582,15,Mod. Satisfied
42583,16,NA
42584,14,A Little Dissat
42585,16,NA
42586,20,Mod. Satisfied
42587,16,Mod. Satisfied
42588,12,NA
42589,18,Mod. Satisfied
42590,14,NA
42591,16,Mod. Satisfied
42592,19,NA
42593,12,NA
42594,12,A Little Dissat
42595,13,NA
42596,13,NA
42597,12,Mod. Satisfied
42598,13,Mod. Satisfied
42599,13,NA
42600,14,NA
42601,12,A Little Dissat
42602,12,NA
42603,12,Very Satisfied
42604,14,Very Satisfied
42605,12,Mod. Satisfied
42606,9,NA
42607,10,NA
42608,8,Very Satisfied
42609,13,NA
42610,14,NA
42611,11,NA
42612,12,Very Satisfied
42613,15,Mod. Satisfied
42614,11,Mod. Satisfied
42615,13,NA
42616,9,NA
42617,11,Mod. Satisfied
42618,12,Mod. Satisfied
42619,12,NA
42620,12,NA
42621,17,Very Satisfied
42622,16,A Little Dissat
42623,13,Very Dissatisfied
42624,12,NA
42625,14,Very Satisfied
42626,16,NA
42627,14,NA
42628,17,NA
42629,13,NA
42630,12,NA
42631,17,NA
42632,6,NA
42633,16,NA
42634,1,NA
42635,14,Very Satisfied
42636,16,Mod. Satisfied
42637,12,Very Satisfied
42638,13,NA
42639,16,Very Satisfied
42640,17,Very Dissatisfied
42641,17,Mod. Satisfied
42642,20,NA
42643,13,NA
42644,2,NA
42645,13,Mod. Satisfied
42646,17,Very Satisfied
42647,13,NA
42648,15,Very Satisfied
42649,12,NA
42650,15,NA
42651,13,NA
42652,17,Very Satisfied
42653,13,NA
42654,18,Mod. Satisfied
42655,17,Very Satisfied
42656,17,Very Satisfied
42657,15,NA
42658,13,Mod. Satisfied
42659,18,NA
42660,15,NA
42661,14,NA
42662,15,NA
42663,12,NA
42664,14,Mod. Satisfied
42665,2,Very Satisfied
42666,17,NA
42667,12,NA
42668,14,NA
42669,12,NA
42670,12,NA
42671,14,NA
42672,13,NA
42673,13,NA
42674,12,NA
42675,16,NA
42676,14,NA
42677,18,NA
42678,15,NA
42679,20,NA
42680,17,Mod. Satisfied
42681,14,NA
42682,15,Mod. Satisfied
42683,18,NA
42684,12,NA
42685,15,NA
42686,14,A Little Dissat
42687,16,NA
42688,10,NA
42689,19,Very Satisfied
42690,12,Mod. Satisfied
42691,11,NA
42692,8,NA
42693,14,NA
42694,15,NA
42695,12,NA
42696,12,Mod. Satisfied
42697,12,NA
42698,12,Mod. Satisfied
42699,13,NA
42700,17,NA
42701,9,NA
42702,16,Very Satisfied
42703,12,Very Satisfied
42704,12,Mod. Satisfied
42705,12,NA
42706,10,NA
42707,19,NA
42708,20,Mod. Satisfied
42709,12,Very Satisfied
42710,15,Very Satisfied
42711,19,NA
42712,16,NA
42713,16,Mod. Satisfied
42714,16,NA
42715,14,NA
42716,12,NA
42717,18,NA
42718,16,Very Satisfied
42719,16,Very Satisfied
42720,18,NA
42721,14,NA
42722,16,Mod. Satisfied
42723,13,NA
42724,20,NA
42725,16,NA
42726,16,NA
42727,16,NA
42728,12,Very Satisfied
42729,14,NA
42730,12,Very Dissatisfied
42731,16,Very Satisfied
42732,13,NA
42733,10,NA
42734,14,Mod. Satisfied
42735,16,Very Dissatisfied
42736,15,NA
42737,18,Mod. Satisfied
42738,16,Very Satisfied
42739,17,Mod. Satisfied
42740,14,Very Satisfied
42741,14,NA
42742,18,NA
42743,16,Very Satisfied
42744,16,NA
42745,12,NA
42746,13,Very Satisfied
42747,18,NA
42748,16,NA
42749,13,NA
42750,14,NA
42751,13,NA
42752,18,Mod. Satisfied
42753,16,NA
42754,12,Mod. Satisfied
42755,16,NA
42756,16,NA
42757,16,NA
42758,19,Mod. Satisfied
42759,16,NA
42760,15,NA
42761,14,Mod. Satisfied
42762,16,Very Satisfied
42763,18,NA
42764,15,NA
42765,14,NA
42766,14,A Little Dissat
42767,10,Very Satisfied
42768,16,NA
42769,18,NA
42770,12,NA
42771,16,Very Satisfied
42772,15,Mod. Satisfied
42773,16,NA
42774,12,NA
42775,14,NA
42776,15,Very Satisfied
42777,11,A Little Dissat
42778,13,Very Satisfied
42779,12,NA
42780,8,NA
42781,12,Very Satisfied
42782,12,Mod. Satisfied
42783,9,NA
42784,14,Very Satisfied
42785,12,Very Satisfied
42786,19,NA
42787,17,NA
42788,14,NA
42789,12,NA
42790,12,NA
42791,15,NA
42792,20,NA
42793,18,Very Satisfied
42794,16,A Little Dissat
42795,19,Mod. Satisfied
42796,20,NA
42797,16,NA
42798,20,Mod. Satisfied
42799,20,NA
42800,18,NA
42801,15,NA
42802,12,NA
42803,16,NA
42804,18,Very Satisfied
42805,16,Very Satisfied
42806,16,Mod. Satisfied
42807,20,NA
42808,16,Very Satisfied
42809,18,Very Satisfied
42810,15,NA
42811,12,Mod. Satisfied
42812,18,Very Satisfied
42813,14,NA
42814,16,NA
42815,15,NA
42816,18,Very Satisfied
42817,10,NA
42818,12,Mod. Satisfied
42819,12,NA
42820,12,NA
42821,12,NA
42822,11,NA
42823,16,Mod. Satisfied
42824,13,A Little Dissat
42825,16,NA
42826,18,NA
42827,17,NA
42828,19,Very Satisfied
42829,13,NA
42830,16,NA
42831,15,NA
42832,12,A Little Dissat
42833,12,Very Satisfied
42834,12,NA
42835,12,NA
42836,14,NA
42837,19,NA
42838,18,NA
42839,10,Very Satisfied
42840,16,Very Satisfied
42841,12,NA
42842,10,NA
42843,7,NA
42844,17,Very Satisfied
42845,12,NA
42846,20,NA
42847,17,Very Satisfied
42848,18,Mod. Satisfied
42849,18,NA
42850,15,NA
42851,16,Very Satisfied
42852,12,NA
42853,12,Mod. Satisfied
42854,5,NA
42855,20,NA
42856,14,Very Satisfied
42857,12,NA
42858,12,NA
42859,12,Very Satisfied
42860,12,Very Satisfied
42861,9,NA
42862,16,NA
42863,12,NA
42864,8,NA
42865,19,NA
42866,7,NA
42867,0,NA
42868,12,Very Satisfied
42869,8,NA
42870,15,Very Dissatisfied
42871,13,Very Satisfied
42872,13,NA
42873,16,NA
42874,15,NA
42875,14,Mod. Satisfied
42876,12,Very Satisfied
42877,13,NA
42878,14,NA
42879,14,Very Satisfied
42880,16,NA
42881,12,NA
42882,12,Very Satisfied
42883,16,NA
42884,19,NA
42885,12,NA
42886,14,A Little Dissat
42887,10,NA
42888,12,Very Satisfied
42889,14,NA
42890,17,NA
42891,14,Very Satisfied
42892,18,Very Satisfied
42893,15,Mod. Satisfied
42894,12,NA
42895,14,A Little Dissat
42896,18,Very Satisfied
42897,12,NA
42898,15,NA
42899,11,NA
42900,14,Very Satisfied
42901,16,NA
42902,12,NA
42903,10,NA
42904,16,Very Satisfied
42905,15,NA
42906,12,NA
42907,12,Very Satisfied
42908,16,Mod. Satisfied
42909,17,NA
42910,12,NA
42911,18,NA
42912,12,NA
42913,14,Mod. Satisfied
42914,12,NA
42915,8,NA
42916,12,Mod. Satisfied
42917,14,Very Satisfied
42918,10,NA
42919,13,NA
42920,20,Very Satisfied
42921,12,NA
42922,17,NA
42923,13,Very Satisfied
42924,11,NA
42925,12,Very Satisfied
42926,12,NA
42927,12,Very Satisfied
42928,17,NA
42929,13,NA
42930,14,NA
42931,12,NA
42932,12,NA
42933,12,A Little Dissat
42934,6,NA
42935,12,NA
42936,11,NA
42937,12,Mod. Satisfied
42938,10,NA
42939,12,NA
42940,13,NA
42941,12,Very Satisfied
42942,12,Very Satisfied
42943,15,A Little Dissat
42944,14,NA
42945,16,NA
42946,6,Very Satisfied
42947,12,Very Satisfied
42948,13,Mod. Satisfied
42949,19,NA
42950,14,NA
42951,10,Very Dissatisfied
42952,13,NA
42953,3,NA
42954,12,NA
42955,18,Very Satisfied
42956,7,NA
42957,8,NA
42958,12,Very Satisfied
42959,11,Very Satisfied
42960,12,A Little Dissat
42961,16,Mod. Satisfied
42962,16,NA
42963,16,NA
42964,12,NA
42965,14,A Little Dissat
42966,8,Very Satisfied
42967,12,Mod. Satisfied
42968,12,NA
42969,12,NA
42970,17,NA
42971,13,Mod. Satisfied
42972,11,NA
42973,18,NA
42974,12,Very Satisfied
42975,12,NA
42976,14,NA
42977,12,NA
42978,12,NA
42979,17,Very Satisfied
42980,12,Mod. Satisfied
42981,15,NA
42982,14,NA
42983,16,NA
42984,13,NA
42985,12,Very Satisfied
42986,12,Mod. Satisfied
42987,12,NA
42988,12,NA
42989,11,NA
42990,13,Very Satisfied
42991,14,NA
42992,15,NA
42993,18,NA
42994,18,Mod. Satisfied
42995,12,NA
42996,17,NA
42997,16,NA
42998,15,NA
42999,16,Very Satisfied
43000,12,Very Satisfied
43001,12,NA
43002,8,Mod. Satisfied
43003,10,Very Dissatisfied
43004,13,NA
43005,13,Very Satisfied
43006,10,Very Satisfied
43007,14,Mod. Satisfied
43008,17,Very Satisfied
43009,16,NA
43010,14,NA
43011,13,NA
43012,12,NA
43013,20,Very Satisfied
43014,16,Very Satisfied
43015,20,NA
43016,20,NA
43017,16,Very Satisfied
43018,11,NA
43019,12,NA
43020,14,NA
43021,12,NA
43022,12,Mod. Satisfied
43023,14,Mod. Satisfied
43024,16,NA
43025,16,NA
43026,13,NA
43027,12,Very Satisfied
43028,20,NA
43029,18,NA
43030,15,Mod. Satisfied
43031,9,NA
43032,14,NA
43033,14,NA
43034,12,NA
43035,9,NA
43036,12,NA
43037,4,NA
43038,12,Very Satisfied
43039,14,NA
43040,8,NA
43041,10,Very Satisfied
43042,8,Mod. Satisfied
43043,13,Mod. Satisfied
43044,12,Very Satisfied
43045,12,NA
43046,8,NA
43047,18,NA
43048,10,NA
43049,8,Very Satisfied
43050,10,NA
43051,14,NA
43052,16,NA
43053,11,NA
43054,4,NA
43055,12,Very Satisfied
43056,11,A Little Dissat
43057,11,NA
43058,8,NA
43059,0,NA
43060,11,Mod. Satisfied
43061,12,Very Satisfied
43062,16,NA
43063,12,Very Dissatisfied
43064,12,NA
43065,7,NA
43066,12,Mod. Satisfied
43067,14,Very Satisfied
43068,11,NA
43069,12,NA
43070,12,NA
43071,12,Very Satisfied
43072,13,Very Satisfied
43073,19,NA
43074,13,NA
43075,16,Mod. Satisfied
43076,12,Very Satisfied
43077,15,NA
43078,16,NA
43079,14,Very Satisfied
43080,12,NA
43081,12,NA
43082,12,NA
43083,12,Very Satisfied
43084,14,Very Satisfied
43085,12,Very Satisfied
43086,12,NA
43087,14,NA
43088,12,A Little Dissat
43089,2,Very Satisfied
43090,12,NA
43091,14,Very Satisfied
43092,12,A Little Dissat
43093,12,Very Satisfied
43094,8,NA
43095,12,Very Satisfied
43096,8,NA
43097,12,NA
43098,13,NA
43099,13,Very Satisfied
43100,13,Mod. Satisfied
43101,14,Very Satisfied
43102,12,NA
43103,13,NA
43104,12,Mod. Satisfied
43105,13,Very Satisfied
43106,12,NA
43107,14,NA
43108,11,NA
43109,16,NA
43110,12,NA
43111,15,NA
43112,12,Very Satisfied
43113,7,NA
43114,12,NA
43115,8,NA
43116,10,Very Satisfied
43117,13,NA
43118,13,NA
43119,14,Very Satisfied
43120,12,NA
43121,8,Very Satisfied
43122,7,NA
43123,13,Very Satisfied
43124,13,NA
43125,12,NA
43126,12,NA
43127,12,Very Satisfied
43128,12,NA
43129,8,NA
43130,16,NA
43131,16,NA
43132,1,NA
43133,15,Mod. Satisfied
43134,12,NA
43135,12,A Little Dissat
43136,11,Mod. Satisfied
43137,12,NA
43138,14,NA
43139,11,NA
43140,16,NA
43141,13,NA
43142,16,Mod. Satisfied
43143,11,NA
43144,12,NA
43145,12,Mod. Satisfied
43146,12,Very Satisfied
43147,8,NA
43148,17,NA
43149,12,NA
43150,12,Mod. Satisfied
43151,15,Very Satisfied
43152,11,Very Satisfied
43153,13,NA
43154,13,NA
43155,4,Very Satisfied
43156,12,NA
43157,10,NA
43158,12,Mod. Satisfied
43159,16,Mod. Satisfied
43160,16,NA
43161,11,Very Satisfied
43162,12,Very Satisfied
43163,12,Mod. Satisfied
43164,11,Very Satisfied
43165,12,NA
43166,12,Very Satisfied
43167,17,NA
43168,3,A Little Dissat
43169,13,NA
43170,11,NA
43171,12,NA
43172,13,Mod. Satisfied
43173,12,NA
43174,12,Very Satisfied
43175,13,A Little Dissat
43176,12,A Little Dissat
43177,14,NA
43178,13,Very Satisfied
43179,12,Very Satisfied
43180,6,NA
43181,12,NA
43182,10,Very Satisfied
43183,11,NA
43184,10,NA
43185,14,NA
43186,16,NA
43187,13,Mod. Satisfied
43188,12,NA
43189,15,Mod. Satisfied
43190,12,Very Satisfied
43191,12,NA
43192,14,NA
43193,11,Very Dissatisfied
43194,11,Very Satisfied
43195,14,Very Satisfied
43196,12,NA
43197,16,Very Satisfied
43198,17,NA
43199,12,NA
43200,16,NA
43201,12,Very Satisfied
43202,12,NA
43203,13,NA
43204,13,Mod. Satisfied
43205,16,A Little Dissat
43206,15,NA
43207,14,NA
43208,11,NA
43209,12,NA
43210,12,Mod. Satisfied
43211,12,Very Satisfied
43212,11,NA
43213,7,NA
43214,9,A Little Dissat
43215,12,NA
43216,9,Mod. Satisfied
43217,12,NA
43218,16,NA
43219,14,NA
43220,15,Very Satisfied
43221,16,Very Satisfied
43222,12,NA
43223,13,NA
43224,20,Very Satisfied
43225,17,Mod. Satisfied
43226,12,NA
43227,16,Very Dissatisfied
43228,20,NA
43229,8,NA
43230,16,Mod. Satisfied
43231,15,Mod. Satisfied
43232,14,NA
43233,10,NA
43234,12,NA
43235,12,NA
43236,14,NA
43237,17,Very Satisfied
43238,8,NA
43239,12,NA
43240,13,NA
43241,14,Very Satisfied
43242,16,Very Satisfied
43243,12,Mod. Satisfied
43244,13,NA
43245,12,NA
43246,14,A Little Dissat
43247,12,NA
43248,12,NA
43249,12,NA
43250,16,NA
43251,14,NA
43252,16,A Little Dissat
43253,16,Very Satisfied
43254,14,NA
43255,13,NA
43256,12,Mod. Satisfied
43257,15,NA
43258,15,NA
43259,14,Very Satisfied
43260,14,Very Satisfied
43261,12,NA
43262,14,Mod. Satisfied
43263,12,NA
43264,18,NA
43265,20,NA
43266,12,NA
43267,16,Mod. Satisfied
43268,12,Mod. Satisfied
43269,15,NA
43270,16,NA
43271,18,NA
43272,16,Very Satisfied
43273,12,NA
43274,12,NA
43275,14,NA
43276,13,Mod. Satisfied
43277,9,Very Satisfied
43278,12,NA
43279,13,NA
43280,12,NA
43281,10,NA
43282,12,Mod. Satisfied
43283,14,Very Satisfied
43284,12,NA
43285,14,NA
43286,15,NA
43287,13,Very Satisfied
43288,18,Very Satisfied
43289,12,NA
43290,15,NA
43291,13,A Little Dissat
43292,0,Mod. Satisfied
43293,14,NA
43294,17,NA
43295,12,NA
43296,20,NA
43297,15,NA
43298,8,NA
43299,15,NA
43300,12,Very Satisfied
43301,11,NA
43302,14,NA
43303,11,NA
43304,11,NA
43305,16,Very Satisfied
43306,12,NA
43307,12,NA
43308,10,NA
43309,16,Very Satisfied
43310,12,NA
43311,13,NA
43312,11,NA
43313,8,Very Satisfied
43314,12,NA
43315,12,NA
43316,12,Very Satisfied
43317,9,Very Satisfied
43318,12,Mod. Satisfied
43319,12,NA
43320,9,NA
43321,12,Very Satisfied
43322,12,A Little Dissat
43323,13,NA
43324,20,NA
43325,17,Very Satisfied
43326,12,Mod. Satisfied
43327,14,A Little Dissat
43328,13,NA
43329,16,NA
43330,14,NA
43331,12,NA
43332,10,Very Dissatisfied
43333,17,Very Satisfied
43334,13,NA
43335,10,NA
43336,16,NA
43337,12,NA
43338,16,Very Satisfied
43339,18,NA
43340,12,NA
43341,12,NA
43342,12,Mod. Satisfied
43343,14,NA
43344,12,NA
43345,18,NA
43346,13,Very Satisfied
43347,15,Very Satisfied
43348,7,NA
43349,10,NA
43350,13,NA
43351,12,NA
43352,13,NA
43353,9,NA
43354,11,NA
43355,9,NA
43356,12,Mod. Satisfied
43357,8,NA
43358,12,NA
43359,11,NA
43360,12,Very Satisfied
43361,12,Very Satisfied
43362,0,NA
43363,12,NA
43364,6,NA
43365,12,Very Satisfied
43366,12,NA
43367,17,NA
43368,11,NA
43369,13,NA
43370,12,NA
43371,13,Mod. Satisfied
43372,16,NA
43373,16,NA
43374,16,Mod. Satisfied
43375,15,Mod. Satisfied
43376,15,NA
43377,13,NA
43378,17,Very Satisfied
43379,12,NA
43380,14,NA
43381,12,Very Satisfied
43382,16,Very Satisfied
43383,14,NA
43384,12,NA
43385,14,NA
43386,12,Mod. Satisfied
43387,15,NA
43388,16,Very Satisfied
43389,16,NA
43390,16,NA
43391,10,NA
43392,12,NA
43393,16,NA
43394,10,NA
43395,10,Very Satisfied
43396,12,NA
43397,12,NA
43398,11,Mod. Satisfied
43399,15,Mod. Satisfied
43400,10,NA
43401,9,NA
43402,12,Very Satisfied
43403,8,NA
43404,16,NA
43405,12,Mod. Satisfied
43406,15,NA
43407,8,NA
43408,9,NA
43409,11,Very Satisfied
43410,12,Very Satisfied
43411,12,NA
43412,12,NA
43413,12,A Little Dissat
43414,12,NA
43415,8,Mod. Satisfied
43416,15,Very Satisfied
43417,17,Very Satisfied
43418,18,NA
43419,10,NA
43420,16,Mod. Satisfied
43421,12,NA
43422,13,Mod. Satisfied
43423,10,NA
43424,10,NA
43425,13,NA
43426,12,Very Dissatisfied
43427,16,Mod. Satisfied
43428,12,Mod. Satisfied
43429,12,NA
43430,6,NA
43431,13,Mod. Satisfied
43432,11,NA
43433,11,NA
43434,12,NA
43435,16,Very Satisfied
43436,12,NA
43437,13,Mod. Satisfied
43438,13,A Little Dissat
43439,12,Mod. Satisfied
43440,10,NA
43441,12,NA
43442,12,Very Satisfied
43443,13,Very Satisfied
43444,17,NA
43445,12,NA
43446,12,NA
43447,10,NA
43448,12,NA
43449,9,NA
43450,13,NA
43451,16,NA
43452,8,NA
43453,12,NA
43454,10,NA
43455,12,Very Satisfied
43456,11,NA
43457,8,NA
43458,12,NA
43459,14,Very Satisfied
43460,14,Very Satisfied
43461,13,NA
43462,17,NA
43463,12,Very Satisfied
43464,13,NA
43465,16,NA
43466,14,NA
43467,12,NA
43468,18,Very Satisfied
43469,14,NA
43470,16,Very Satisfied
43471,12,Mod. Satisfied
43472,12,Very Satisfied
43473,12,Very Satisfied
43474,19,Very Satisfied
43475,12,Very Satisfied
43476,16,NA
43477,16,Mod. Satisfied
43478,18,Very Satisfied
43479,16,NA
43480,15,NA
43481,15,NA
43482,12,NA
43483,16,Mod. Satisfied
43484,16,NA
43485,12,Mod. Satisfied
43486,11,Mod. Satisfied
43487,6,NA
43488,15,NA
43489,10,A Little Dissat
43490,12,A Little Dissat
43491,13,NA
43492,12,NA
43493,14,NA
43494,16,Mod. Satisfied
43495,12,NA
43496,14,Mod. Satisfied
43497,10,NA
43498,15,NA
43499,18,NA
43500,12,NA
43501,14,Mod. Satisfied
43502,16,NA
43503,12,NA
43504,14,NA
43505,12,NA
43506,16,NA
43507,13,NA
43508,12,NA
43509,10,NA
43510,11,NA
43511,14,NA
43512,12,NA
43513,12,NA
43514,19,Mod. Satisfied
43515,14,NA
43516,16,NA
43517,12,Mod. Satisfied
43518,14,NA
43519,12,NA
43520,12,NA
43521,12,NA
43522,13,Mod. Satisfied
43523,12,NA
43524,15,NA
43525,16,NA
43526,11,Very Satisfied
43527,13,NA
43528,13,NA
43529,14,NA
43530,16,NA
43531,20,A Little Dissat
43532,14,Mod. Satisfied
43533,12,NA
43534,14,Mod. Satisfied
43535,14,NA
43536,12,NA
43537,12,NA
43538,12,Very Satisfied
43539,16,A Little Dissat
43540,12,NA
43541,12,NA
43542,17,NA
43543,12,NA
43544,12,A Little Dissat
43545,16,NA
43546,12,Very Satisfied
43547,11,NA
43548,16,NA
43549,16,NA
43550,12,NA
43551,12,NA
43552,18,NA
43553,16,NA
43554,13,Very Satisfied
43555,18,NA
43556,16,Very Satisfied
43557,14,NA
43558,16,NA
43559,12,A Little Dissat
43560,12,NA
43561,12,NA
43562,20,Very Satisfied
43563,13,NA
43564,20,NA
43565,16,NA
43566,12,NA
43567,14,NA
43568,12,NA
43569,10,NA
43570,12,Very Satisfied
43571,6,NA
43572,16,NA
43573,10,NA
43574,14,Mod. Satisfied
43575,17,NA
43576,18,Very Satisfied
43577,17,Very Satisfied
43578,14,NA
43579,11,NA
43580,17,Mod. Satisfied
43581,12,A Little Dissat
43582,16,Mod. Satisfied
43583,15,NA
43584,14,Mod. Satisfied
43585,14,Very Satisfied
43586,12,NA
43587,12,NA
43588,14,NA
43589,20,Mod. Satisfied
43590,13,A Little Dissat
43591,14,NA
43592,5,NA
43593,12,Very Satisfied
43594,14,NA
43595,18,Very Satisfied
43596,14,NA
43597,12,NA
43598,12,NA
43599,13,NA
43600,8,Very Dissatisfied
43601,12,Very Satisfied
43602,12,NA
43603,10,Mod. Satisfied
43604,15,Mod. Satisfied
43605,15,Mod. Satisfied
43606,9,NA
43607,16,NA
43608,12,Very Satisfied
43609,12,NA
43610,14,NA
43611,16,Mod. Satisfied
43612,12,Very Satisfied
43613,14,NA
43614,16,NA
43615,16,NA
43616,12,NA
43617,12,NA
43618,13,Very Satisfied
43619,18,Mod. Satisfied
43620,12,NA
43621,16,NA
43622,13,NA
43623,14,Mod. Satisfied
43624,19,Very Satisfied
43625,16,NA
43626,14,NA
43627,12,NA
43628,16,NA
43629,12,NA
43630,15,Very Dissatisfied
43631,12,Very Satisfied
43632,12,NA
43633,12,Mod. Satisfied
43634,16,NA
43635,12,NA
43636,16,NA
43637,14,NA
43638,12,NA
43639,4,NA
43640,12,Mod. Satisfied
43641,9,NA
43642,16,NA
43643,16,Mod. Satisfied
43644,13,NA
43645,12,NA
43646,16,NA
43647,16,NA
43648,15,Very Satisfied
43649,12,Very Satisfied
43650,14,Very Satisfied
43651,9,NA
43652,12,NA
43653,13,NA
43654,11,NA
43655,14,Very Dissatisfied
43656,14,NA
43657,13,Very Satisfied
43658,12,NA
43659,14,Mod. Satisfied
43660,10,Very Satisfied
43661,16,Mod. Satisfied
43662,13,NA
43663,11,Very Satisfied
43664,5,NA
43665,16,Very Satisfied
43666,12,NA
43667,12,NA
43668,12,NA
43669,16,NA
43670,16,NA
43671,14,Very Satisfied
43672,12,Very Satisfied
43673,11,NA
43674,16,NA
43675,12,Very Satisfied
43676,12,Very Dissatisfied
43677,12,NA
43678,10,NA
43679,14,NA
43680,13,NA
43681,14,NA
43682,12,NA
43683,14,NA
43684,10,A Little Dissat
43685,9,NA
43686,13,NA
43687,15,Very Satisfied
43688,12,NA
43689,12,NA
43690,12,Very Satisfied
43691,13,NA
43692,14,NA
43693,13,NA
43694,9,Very Satisfied
43695,16,NA
43696,12,NA
43697,12,NA
43698,13,Mod. Satisfied
43699,9,NA
43700,14,Mod. Satisfied
43701,14,NA
43702,14,Very Satisfied
43703,17,NA
43704,16,Mod. Satisfied
43705,14,Very Satisfied
43706,14,NA
43707,12,Very Satisfied
43708,14,Very Dissatisfied
43709,12,NA
43710,12,NA
43711,10,NA
43712,18,Very Satisfied
43713,14,Mod. Satisfied
43714,11,A Little Dissat
43715,9,NA
43716,9,A Little Dissat
43717,16,NA
43718,11,NA
43719,13,Mod. Satisfied
43720,14,NA
43721,12,NA
43722,14,NA
43723,13,NA
43724,16,NA
43725,13,NA
43726,16,NA
43727,16,NA
43728,16,NA
43729,12,NA
43730,12,NA
43731,13,A Little Dissat
43732,18,Mod. Satisfied
43733,17,NA
43734,16,NA
43735,20,Very Satisfied
43736,19,NA
43737,18,Mod. Satisfied
43738,16,Very Dissatisfied
43739,13,Very Satisfied
43740,14,Very Dissatisfied
43741,12,A Little Dissat
43742,15,Very Satisfied
43743,14,NA
43744,16,Mod. Satisfied
43745,13,Very Satisfied
43746,18,Mod. Satisfied
43747,13,Mod. Satisfied
43748,16,Mod. Satisfied
43749,13,Very Satisfied
43750,17,NA
43751,12,NA
43752,12,NA
43753,12,Mod. Satisfied
43754,8,Very Satisfied
43755,16,NA
43756,16,Very Satisfied
43757,16,A Little Dissat
43758,16,NA
43759,16,NA
43760,16,NA
43761,20,NA
43762,18,Very Satisfied
43763,20,NA
43764,18,Mod. Satisfied
43765,14,NA
43766,14,A Little Dissat
43767,18,Very Satisfied
43768,18,Very Satisfied
43769,16,NA
43770,17,NA
43771,18,Mod. Satisfied
43772,15,NA
43773,16,Mod. Satisfied
43774,14,Very Satisfied
43775,16,Very Satisfied
43776,18,Very Satisfied
43777,10,NA
43778,18,NA
43779,15,Very Satisfied
43780,12,Very Satisfied
43781,17,NA
43782,16,NA
43783,17,Mod. Satisfied
43784,12,Mod. Satisfied
43785,16,NA
43786,12,NA
43787,15,A Little Dissat
43788,12,NA
43789,16,Mod. Satisfied
43790,15,Very Satisfied
43791,14,NA
43792,13,NA
43793,12,Very Satisfied
43794,12,NA
43795,12,Very Satisfied
43796,13,NA
43797,12,NA
43798,12,Very Dissatisfied
43799,20,Very Satisfied
43800,19,Very Satisfied
43801,16,NA
43802,16,Mod. Satisfied
43803,14,NA
43804,17,Very Satisfied
43805,8,Mod. Satisfied
43806,10,NA
43807,12,Very Satisfied
43808,15,NA
43809,15,Mod. Satisfied
43810,9,Mod. Satisfied
43811,14,NA
43812,8,NA
43813,12,Mod. Satisfied
43814,18,NA
43815,20,NA
43816,14,Very Satisfied
43817,13,Mod. Satisfied
43818,16,NA
43819,16,Mod. Satisfied
43820,20,Very Satisfied
43821,17,Very Satisfied
43822,11,Mod. Satisfied
43823,12,NA
43824,14,Very Satisfied
43825,18,Very Satisfied
43826,18,Mod. Satisfied
43827,12,NA
43828,15,NA
43829,6,A Little Dissat
43830,12,Mod. Satisfied
43831,11,NA
43832,12,Mod. Satisfied
43833,14,NA
43834,18,Very Satisfied
43835,16,Mod. Satisfied
43836,9,Mod. Satisfied
43837,14,NA
43838,12,NA
43839,16,Mod. Satisfied
43840,12,Very Satisfied
43841,12,Mod. Satisfied
43842,16,NA
43843,12,Very Satisfied
43844,15,Very Satisfied
43845,19,Very Satisfied
43846,15,NA
43847,14,NA
43848,16,Mod. Satisfied
43849,9,NA
43850,12,NA
43851,12,Mod. Satisfied
43852,18,NA
43853,16,NA
43854,12,NA
43855,16,Mod. Satisfied
43856,18,Mod. Satisfied
43857,19,NA
43858,12,NA
43859,15,Mod. Satisfied
43860,19,Very Satisfied
43861,16,NA
43862,14,Mod. Satisfied
43863,13,Very Satisfied
43864,11,Mod. Satisfied
43865,14,NA
43866,16,NA
43867,16,NA
43868,16,Very Satisfied
43869,16,NA
43870,14,Very Dissatisfied
43871,16,Very Satisfied
43872,14,Mod. Satisfied
43873,19,NA
43874,16,Very Satisfied
43875,18,NA
43876,17,NA
43877,16,NA
43878,14,Very Satisfied
43879,13,NA
43880,12,NA
43881,6,NA
43882,13,NA
43883,14,NA
43884,14,Very Satisfied
43885,14,NA
43886,12,NA
43887,12,Mod. Satisfied
43888,13,Very Satisfied
43889,12,NA
43890,14,NA
43891,15,NA
43892,NA,NA
43893,15,Very Dissatisfied
43894,14,Very Satisfied
43895,14,Very Satisfied
43896,12,Mod. Satisfied
43897,15,NA
43898,16,A Little Dissat
43899,12,Very Satisfied
43900,12,NA
43901,14,NA
43902,15,NA
43903,12,A Little Dissat
43904,14,NA
43905,11,Very Satisfied
43906,12,Very Satisfied
43907,13,Mod. Satisfied
43908,15,NA
43909,14,NA
43910,6,Very Satisfied
43911,15,NA
43912,14,Very Satisfied
43913,14,Very Satisfied
43914,14,Mod. Satisfied
43915,11,Very Satisfied
43916,16,NA
43917,15,NA
43918,13,NA
43919,15,Mod. Satisfied
43920,15,A Little Dissat
43921,16,Very Satisfied
43922,16,Very Satisfied
43923,12,NA
43924,17,Mod. Satisfied
43925,11,NA
43926,14,Mod. Satisfied
43927,12,NA
43928,13,NA
43929,13,Mod. Satisfied
43930,16,A Little Dissat
43931,17,NA
43932,16,Very Satisfied
43933,10,NA
43934,14,Mod. Satisfied
43935,14,Very Satisfied
43936,16,NA
43937,13,NA
43938,14,NA
43939,15,Very Satisfied
43940,14,Very Satisfied
43941,18,NA
43942,11,Mod. Satisfied
43943,6,Very Satisfied
43944,14,Very Satisfied
43945,10,NA
43946,12,NA
43947,9,Very Satisfied
43948,18,NA
43949,12,Very Dissatisfied
43950,11,NA
43951,17,Very Satisfied
43952,12,NA
43953,14,NA
43954,18,NA
43955,16,Very Satisfied
43956,12,Very Satisfied
43957,20,Very Satisfied
43958,17,NA
43959,17,NA
43960,14,A Little Dissat
43961,16,Very Dissatisfied
43962,12,NA
43963,9,Mod. Satisfied
43964,11,NA
43965,14,NA
43966,20,NA
43967,16,NA
43968,16,NA
43969,15,NA
43970,16,Mod. Satisfied
43971,12,NA
43972,12,Mod. Satisfied
43973,12,Mod. Satisfied
43974,12,NA
43975,13,Very Satisfied
43976,16,NA
43977,16,Mod. Satisfied
43978,18,A Little Dissat
43979,16,NA
43980,13,Very Satisfied
43981,17,Very Satisfied
43982,19,Very Satisfied
43983,16,NA
43984,14,Mod. Satisfied
43985,16,Mod. Satisfied
43986,13,Mod. Satisfied
43987,16,NA
43988,14,Very Satisfied
43989,12,Mod. Satisfied
43990,12,NA
43991,12,NA
43992,14,NA
43993,13,NA
43994,16,NA
43995,12,Very Satisfied
43996,14,NA
43997,16,NA
43998,14,NA
43999,16,Mod. Satisfied
44000,14,NA
44001,12,A Little Dissat
44002,14,NA
44003,13,NA
44004,15,Very Satisfied
44005,15,Mod. Satisfied
44006,12,Very Satisfied
44007,12,NA
44008,15,Mod. Satisfied
44009,14,NA
44010,11,Mod. Satisfied
44011,12,NA
44012,11,NA
44013,20,Mod. Satisfied
44014,16,NA
44015,12,A Little Dissat
44016,12,Mod. Satisfied
44017,18,Mod. Satisfied
44018,12,NA
44019,16,Very Satisfied
44020,12,NA
44021,15,NA
44022,15,Very Satisfied
44023,15,Mod. Satisfied
44024,15,NA
44025,12,Very Satisfied
44026,16,NA
44027,13,A Little Dissat
44028,15,Mod. Satisfied
44029,13,NA
44030,11,Mod. Satisfied
44031,12,NA
44032,12,Very Satisfied
44033,13,NA
44034,16,NA
44035,16,NA
44036,16,NA
44037,17,NA
44038,16,NA
44039,13,A Little Dissat
44040,20,Very Satisfied
44041,13,Very Dissatisfied
44042,12,NA
44043,14,Very Satisfied
44044,12,NA
44045,14,Mod. Satisfied
44046,13,Mod. Satisfied
44047,14,Mod. Satisfied
44048,16,NA
44049,9,Mod. Satisfied
44050,16,Very Satisfied
44051,16,NA
44052,14,NA
44053,14,Mod. Satisfied
44054,12,NA
44055,8,NA
44056,12,NA
44057,16,NA
44058,12,NA
44059,12,NA
44060,15,A Little Dissat
44061,15,Very Satisfied
44062,16,Mod. Satisfied
44063,18,Very Satisfied
44064,16,NA
44065,16,Mod. Satisfied
44066,16,Mod. Satisfied
44067,10,NA
44068,17,NA
44069,12,Very Satisfied
44070,13,NA
44071,18,NA
44072,12,NA
44073,19,Mod. Satisfied
44074,13,Very Satisfied
44075,16,NA
44076,12,NA
44077,13,Mod. Satisfied
44078,2,Very Dissatisfied
44079,16,NA
44080,16,NA
44081,20,Very Satisfied
44082,9,Very Satisfied
44083,16,Very Satisfied
44084,16,NA
44085,18,NA
44086,10,NA
44087,15,Mod. Satisfied
44088,12,NA
44089,20,NA
44090,20,NA
44091,12,Very Satisfied
44092,18,NA
44093,11,Very Dissatisfied
44094,13,A Little Dissat
44095,14,NA
44096,14,Mod. Satisfied
44097,12,Very Satisfied
44098,12,Very Satisfied
44099,14,Very Satisfied
44100,16,NA
44101,16,Very Satisfied
44102,14,Very Satisfied
44103,16,NA
44104,12,Very Satisfied
44105,16,NA
44106,15,Very Satisfied
44107,20,Very Satisfied
44108,16,NA
44109,14,Very Dissatisfied
44110,15,NA
44111,16,NA
44112,18,NA
44113,13,Very Satisfied
44114,12,Mod. Satisfied
44115,5,Mod. Satisfied
44116,12,NA
44117,14,NA
44118,12,NA
44119,16,NA
44120,16,NA
44121,12,Very Satisfied
44122,16,Very Satisfied
44123,12,NA
44124,18,Mod. Satisfied
44125,12,NA
44126,13,Very Satisfied
44127,12,Very Satisfied
44128,12,NA
44129,17,NA
44130,16,NA
44131,16,Mod. Satisfied
44132,18,Very Satisfied
44133,16,NA
44134,12,NA
44135,18,Mod. Satisfied
44136,15,Very Satisfied
44137,12,Very Satisfied
44138,20,Mod. Satisfied
44139,13,NA
44140,16,NA
44141,17,NA
44142,18,Mod. Satisfied
44143,14,NA
44144,14,NA
44145,11,NA
44146,12,Very Satisfied
44147,14,NA
44148,11,NA
44149,12,Very Satisfied
44150,16,NA
44151,14,NA
44152,13,Very Dissatisfied
44153,10,NA
44154,16,A Little Dissat
44155,14,Very Dissatisfied
44156,12,Very Satisfied
44157,12,NA
44158,16,NA
44159,16,A Little Dissat
44160,19,Very Satisfied
44161,18,Very Satisfied
44162,16,Very Satisfied
44163,3,NA
44164,16,NA
44165,14,NA
44166,14,Mod. Satisfied
44167,16,Very Satisfied
44168,14,Very Satisfied
44169,13,NA
44170,20,NA
44171,17,Very Satisfied
44172,14,NA
44173,14,NA
44174,13,NA
44175,13,NA
44176,12,NA
44177,8,Very Dissatisfied
44178,14,Very Satisfied
44179,14,Mod. Satisfied
44180,14,Mod. Satisfied
44181,12,NA
44182,17,Very Satisfied
44183,15,NA
44184,12,Very Satisfied
44185,15,Mod. Satisfied
44186,13,NA
44187,11,NA
44188,13,NA
44189,12,Mod. Satisfied
44190,7,NA
44191,11,Very Dissatisfied
44192,14,Mod. Satisfied
44193,16,Very Satisfied
44194,11,Very Satisfied
44195,12,Mod. Satisfied
44196,13,NA
44197,10,NA
44198,12,NA
44199,12,Mod. Satisfied
44200,11,NA
44201,14,Very Satisfied
44202,12,Mod. Satisfied
44203,14,Very Satisfied
44204,14,Mod. Satisfied
44205,15,Very Satisfied
44206,12,NA
44207,14,NA
44208,16,NA
44209,14,NA
44210,11,NA
44211,8,NA
44212,14,NA
44213,14,NA
44214,12,NA
44215,14,Mod. Satisfied
44216,13,A Little Dissat
44217,8,NA
44218,12,NA
44219,16,NA
44220,16,Very Satisfied
44221,15,NA
44222,14,NA
44223,18,NA
44224,15,Mod. Satisfied
44225,11,Mod. Satisfied
44226,0,NA
44227,18,Very Satisfied
44228,14,NA
44229,14,Very Satisfied
44230,16,Very Satisfied
44231,16,Very Satisfied
44232,18,Mod. Satisfied
44233,18,NA
44234,11,NA
44235,9,NA
44236,12,Very Satisfied
44237,16,NA
44238,13,Very Satisfied
44239,11,Very Satisfied
44240,16,Very Satisfied
44241,12,Very Satisfied
44242,12,NA
44243,16,NA
44244,17,NA
44245,16,Very Satisfied
44246,12,Very Satisfied
44247,17,Very Satisfied
44248,15,Very Satisfied
44249,18,Mod. Satisfied
44250,16,NA
44251,13,Mod. Satisfied
44252,15,NA
44253,16,Mod. Satisfied
44254,14,Very Satisfied
44255,14,Very Satisfied
44256,10,Very Satisfied
44257,14,NA
44258,15,NA
44259,13,NA
44260,16,Very Satisfied
44261,16,NA
44262,12,NA
44263,16,Very Satisfied
44264,13,NA
44265,16,NA
44266,20,NA
44267,16,NA
44268,13,Mod. Satisfied
44269,12,Very Satisfied
44270,14,Very Satisfied
44271,12,Mod. Satisfied
44272,12,Very Satisfied
44273,12,Very Satisfied
44274,10,Mod. Satisfied
44275,7,NA
44276,11,A Little Dissat
44277,9,Very Satisfied
44278,11,NA
44279,11,Very Satisfied
44280,16,NA
44281,14,NA
44282,14,Very Satisfied
44283,18,NA
44284,14,Very Satisfied
44285,12,NA
44286,6,Mod. Satisfied
44287,12,Mod. Satisfied
44288,12,NA
44289,12,A Little Dissat
44290,12,Very Satisfied
44291,16,NA
44292,18,Very Satisfied
44293,16,NA
44294,16,Very Satisfied
44295,14,Mod. Satisfied
44296,16,NA
44297,9,Mod. Satisfied
44298,12,Very Satisfied
44299,15,Very Satisfied
44300,13,Mod. Satisfied
44301,16,NA
44302,16,Mod. Satisfied
44303,18,Very Satisfied
44304,15,Very Satisfied
44305,16,Very Satisfied
44306,14,NA
44307,16,Very Satisfied
44308,16,NA
44309,16,Very Satisfied
44310,19,Mod. Satisfied
44311,20,Mod. Satisfied
44312,18,Mod. Satisfied
44313,16,NA
44314,11,A Little Dissat
44315,13,NA
44316,12,NA
44317,13,Mod. Satisfied
44318,16,Very Satisfied
44319,13,NA
44320,12,Mod. Satisfied
44321,13,Mod. Satisfied
44322,12,Mod. Satisfied
44323,12,NA
44324,12,Very Satisfied
44325,12,NA
44326,17,Very Satisfied
44327,16,NA
44328,13,NA
44329,14,NA
44330,12,Very Satisfied
44331,16,Very Satisfied
44332,15,A Little Dissat
44333,16,NA
44334,18,NA
44335,16,NA
44336,16,Very Satisfied
44337,18,NA
44338,16,Mod. Satisfied
44339,19,Very Satisfied
44340,19,Very Satisfied
44341,12,Mod. Satisfied
44342,9,Very Satisfied
44343,7,NA
44344,11,NA
44345,12,Mod. Satisfied
44346,10,NA
44347,14,NA
44348,14,Very Satisfied
44349,10,NA
44350,12,Mod. Satisfied
44351,15,NA
44352,16,Mod. Satisfied
44353,12,NA
44354,12,NA
44355,15,NA
44356,12,A Little Dissat
44357,13,Very Satisfied
44358,18,NA
44359,14,Mod. Satisfied
44360,14,NA
44361,12,A Little Dissat
44362,16,NA
44363,16,Mod. Satisfied
44364,16,NA
44365,12,NA
44366,16,Mod. Satisfied
44367,18,Very Satisfied
44368,13,Very Satisfied
44369,12,Mod. Satisfied
44370,17,NA
44371,14,Mod. Satisfied
44372,12,Very Satisfied
44373,12,Mod. Satisfied
44374,12,Very Satisfied
44375,17,Very Satisfied
44376,14,NA
44377,12,Mod. Satisfied
44378,17,Mod. Satisfied
44379,18,Very Satisfied
44380,14,NA
44381,11,NA
44382,15,NA
44383,11,NA
44384,15,Mod. Satisfied
44385,15,Mod. Satisfied
44386,17,NA
44387,18,Mod. Satisfied
44388,16,NA
44389,16,NA
44390,15,NA
44391,12,NA
44392,12,NA
44393,16,Very Satisfied
44394,14,Very Dissatisfied
44395,12,Very Dissatisfied
44396,11,NA
44397,12,NA
44398,14,NA
44399,14,Very Satisfied
44400,14,Mod. Satisfied
44401,12,Very Satisfied
44402,14,Very Satisfied
44403,12,NA
44404,12,NA
44405,16,Very Dissatisfied
44406,12,NA
44407,12,Very Satisfied
44408,11,Very Satisfied
44409,13,A Little Dissat
44410,18,Very Satisfied
44411,12,NA
44412,13,NA
44413,9,Very Satisfied
44414,16,Very Satisfied
44415,16,Mod. Satisfied
44416,18,Mod. Satisfied
44417,12,Very Satisfied
44418,13,Very Satisfied
44419,14,NA
44420,9,NA
44421,16,Very Satisfied
44422,10,NA
44423,16,NA
44424,16,Mod. Satisfied
44425,20,Very Satisfied
44426,16,Very Satisfied
44427,13,NA
44428,14,NA
44429,16,Very Satisfied
44430,15,Very Satisfied
44431,12,NA
44432,14,NA
44433,14,NA
44434,12,Very Dissatisfied
44435,14,Very Satisfied
44436,13,NA
44437,13,Very Satisfied
44438,11,Mod. Satisfied
44439,14,NA
44440,13,NA
44441,16,Mod. Satisfied
44442,16,NA
44443,15,Very Satisfied
44444,13,Mod. Satisfied
44445,18,Very Satisfied
44446,15,NA
44447,14,NA
44448,12,NA
44449,14,Very Satisfied
44450,12,Mod. Satisfied
44451,14,Very Satisfied
44452,14,NA
44453,13,NA
44454,12,Very Dissatisfied
44455,14,Very Satisfied
44456,12,NA
44457,16,NA
44458,15,Mod. Satisfied
44459,16,Mod. Satisfied
44460,2,NA
44461,15,NA
44462,10,Mod. Satisfied
44463,14,Mod. Satisfied
44464,12,Mod. Satisfied
44465,16,NA
44466,17,Very Satisfied
44467,11,NA
44468,16,Mod. Satisfied
44469,16,A Little Dissat
44470,16,Mod. Satisfied
44471,16,NA
44472,18,A Little Dissat
44473,16,Very Satisfied
44474,18,Very Satisfied
44475,14,Mod. Satisfied
44476,20,A Little Dissat
44477,16,Very Satisfied
44478,16,NA
44479,16,Mod. Satisfied
44480,18,Very Satisfied
44481,14,Very Satisfied
44482,12,NA
44483,16,Mod. Satisfied
44484,14,Very Satisfied
44485,12,Very Satisfied
44486,18,NA
44487,17,NA
44488,20,Very Satisfied
44489,14,Very Satisfied
44490,17,Very Satisfied
44491,20,Mod. Satisfied
44492,16,NA
44493,12,Mod. Satisfied
44494,8,NA
44495,17,NA
44496,14,NA
44497,12,NA
44498,15,A Little Dissat
44499,18,Very Satisfied
44500,19,NA
44501,17,Very Satisfied
44502,12,Very Satisfied
44503,14,Very Satisfied
44504,9,Mod. Satisfied
44505,10,Very Satisfied
44506,14,NA
44507,12,Mod. Satisfied
44508,8,NA
44509,18,NA
44510,13,Mod. Satisfied
44511,16,NA
44512,14,NA
44513,18,Very Satisfied
44514,17,A Little Dissat
44515,16,Mod. Satisfied
44516,12,Mod. Satisfied
44517,12,Mod. Satisfied
44518,12,NA
44519,14,Mod. Satisfied
44520,12,Very Satisfied
44521,12,Very Satisfied
44522,12,NA
44523,16,A Little Dissat
44524,12,NA
44525,11,A Little Dissat
44526,16,Very Satisfied
44527,16,NA
44528,13,Mod. Satisfied
44529,12,NA
44530,12,Mod. Satisfied
44531,11,NA
44532,13,Very Satisfied
44533,20,NA
44534,15,A Little Dissat
44535,13,Very Satisfied
44536,11,Very Satisfied
44537,16,Mod. Satisfied
44538,20,Mod. Satisfied
44539,17,NA
44540,14,NA
44541,16,NA
44542,18,NA
44543,12,Very Satisfied
44544,15,Mod. Satisfied
44545,14,NA
44546,15,NA
44547,14,NA
44548,14,NA
44549,10,NA
44550,12,NA
44551,8,NA
44552,13,NA
44553,16,NA
44554,16,NA
44555,14,A Little Dissat
44556,16,NA
44557,16,NA
44558,16,Very Satisfied
44559,20,NA
44560,15,NA
44561,9,NA
44562,16,NA
44563,8,NA
44564,14,Very Dissatisfied
44565,14,NA
44566,12,NA
44567,12,NA
44568,14,NA
44569,17,NA
44570,14,NA
44571,14,A Little Dissat
44572,18,Mod. Satisfied
44573,12,NA
44574,18,NA
44575,16,NA
44576,17,NA
44577,18,Very Satisfied
44578,10,NA
44579,13,Very Satisfied
44580,16,A Little Dissat
44581,13,Very Satisfied
44582,12,Very Satisfied
44583,12,NA
44584,4,NA
44585,16,NA
44586,13,Mod. Satisfied
44587,13,NA
44588,17,Very Satisfied
44589,12,NA
44590,14,NA
44591,12,Very Satisfied
44592,12,Mod. Satisfied
44593,11,NA
44594,16,NA
44595,14,NA
44596,12,Very Dissatisfied
44597,14,NA
44598,16,A Little Dissat
44599,0,NA
44600,12,NA
44601,14,NA
44602,14,Mod. Satisfied
44603,18,Very Satisfied
44604,16,Very Satisfied
44605,16,Very Satisfied
44606,14,Mod. Satisfied
44607,14,Mod. Satisfied
44608,13,Mod. Satisfied
44609,12,Mod. Satisfied
44610,16,NA
44611,12,Mod. Satisfied
44612,14,Mod. Satisfied
44613,20,NA
44614,19,Very Satisfied
44615,19,Mod. Satisfied
44616,20,NA
44617,18,NA
44618,16,NA
44619,13,NA
44620,16,Very Satisfied
44621,14,NA
44622,17,NA
44623,20,NA
44624,13,Mod. Satisfied
44625,18,NA
44626,16,Very Satisfied
44627,12,Very Satisfied
44628,16,Mod. Satisfied
44629,20,Mod. Satisfied
44630,13,NA
44631,14,NA
44632,17,NA
44633,15,Very Satisfied
44634,15,Mod. Satisfied
44635,12,Mod. Satisfied
44636,12,A Little Dissat
44637,15,Very Satisfied
44638,12,Mod. Satisfied
44639,14,NA
44640,13,Very Satisfied
44641,12,NA
44642,12,NA
44643,14,NA
44644,14,Mod. Satisfied
44645,12,NA
44646,13,Mod. Satisfied
44647,13,A Little Dissat
44648,12,Mod. Satisfied
44649,8,NA
44650,18,NA
44651,15,Mod. Satisfied
44652,12,NA
44653,11,NA
44654,16,Mod. Satisfied
44655,10,NA
44656,17,NA
44657,14,Very Dissatisfied
44658,16,Mod. Satisfied
44659,16,NA
44660,11,Mod. Satisfied
44661,14,Very Dissatisfied
44662,11,NA
44663,16,NA
44664,12,NA
44665,12,Mod. Satisfied
44666,12,NA
44667,12,Mod. Satisfied
44668,12,Very Satisfied
44669,16,Mod. Satisfied
44670,12,Very Satisfied
44671,16,Very Satisfied
44672,12,NA
44673,16,NA
44674,18,NA
44675,13,Very Satisfied
44676,16,Very Satisfied
44677,14,Very Satisfied
44678,17,A Little Dissat
44679,17,Mod. Satisfied
44680,14,Mod. Satisfied
44681,16,NA
44682,20,Mod. Satisfied
44683,14,NA
44684,18,Very Satisfied
44685,14,Very Satisfied
44686,12,NA
44687,20,Very Satisfied
44688,15,NA
44689,17,Mod. Satisfied
44690,16,Very Satisfied
44691,12,Very Satisfied
44692,14,NA
44693,12,A Little Dissat
44694,11,NA
44695,14,Mod. Satisfied
44696,6,NA
44697,11,NA
44698,19,NA
44699,20,NA
44700,13,Very Dissatisfied
44701,20,Very Satisfied
44702,16,NA
44703,20,NA
44704,12,Very Satisfied
44705,15,NA
44706,13,Very Satisfied
44707,13,Mod. Satisfied
44708,16,NA
44709,16,Very Satisfied
44710,8,NA
44711,14,NA
44712,12,NA
44713,12,NA
44714,12,Very Satisfied
44715,13,A Little Dissat
44716,13,NA
44717,16,Mod. Satisfied
44718,14,Mod. Satisfied
44719,15,NA
44720,12,Very Satisfied
44721,12,Mod. Satisfied
44722,16,Very Satisfied
44723,12,Very Satisfied
44724,16,NA
44725,12,Mod. Satisfied
44726,12,NA
44727,12,Mod. Satisfied
44728,18,Very Satisfied
44729,12,Mod. Satisfied
44730,12,Very Satisfied
44731,13,Very Satisfied
44732,16,NA
44733,13,NA
44734,20,NA
44735,18,NA
44736,16,Very Satisfied
44737,14,NA
44738,15,A Little Dissat
44739,19,NA
44740,13,NA
44741,15,NA
44742,20,Mod. Satisfied
44743,20,Very Satisfied
44744,9,NA
44745,15,NA
44746,14,NA
44747,12,Very Satisfied
44748,20,NA
44749,17,NA
44750,13,NA
44751,18,Mod. Satisfied
44752,14,Very Satisfied
44753,16,Very Satisfied
44754,12,NA
44755,18,Very Satisfied
44756,12,Very Satisfied
44757,18,NA
44758,12,Very Satisfied
44759,16,NA
44760,18,NA
44761,12,NA
44762,15,Very Satisfied
44763,14,A Little Dissat
44764,16,Mod. Satisfied
44765,16,NA
44766,14,NA
44767,14,Very Satisfied
44768,17,NA
44769,14,Mod. Satisfied
44770,15,NA
44771,14,NA
44772,16,Very Satisfied
44773,16,Very Satisfied
44774,12,Mod. Satisfied
44775,16,NA
44776,12,Very Satisfied
44777,14,NA
44778,16,Very Satisfied
44779,18,Mod. Satisfied
44780,18,A Little Dissat
44781,16,A Little Dissat
44782,16,NA
44783,14,NA
44784,12,Very Satisfied
44785,16,Very Satisfied
44786,16,Very Satisfied
44787,12,Mod. Satisfied
44788,10,Mod. Satisfied
44789,12,NA
44790,16,Very Satisfied
44791,17,NA
44792,18,Very Satisfied
44793,12,NA
44794,14,Mod. Satisfied
44795,11,NA
44796,12,NA
44797,14,Mod. Satisfied
44798,14,NA
44799,15,Very Satisfied
44800,16,Very Satisfied
44801,12,NA
44802,16,Very Satisfied
44803,12,Very Satisfied
44804,12,Very Satisfied
44805,16,Very Satisfied
44806,15,NA
44807,13,NA
44808,12,Mod. Satisfied
44809,13,NA
44810,14,Mod. Satisfied
44811,14,NA
44812,9,Mod. Satisfied
44813,8,NA
44814,12,NA
44815,14,NA
44816,12,A Little Dissat
44817,13,NA
44818,12,A Little Dissat
44819,16,NA
44820,14,NA
44821,11,NA
44822,13,Mod. Satisfied
44823,16,Mod. Satisfied
44824,12,Very Satisfied
44825,11,Very Satisfied
44826,14,Very Satisfied
44827,11,NA
44828,12,NA
44829,20,Mod. Satisfied
44830,12,NA
44831,18,Very Satisfied
44832,12,Mod. Satisfied
44833,15,Mod. Satisfied
44834,14,Very Satisfied
44835,13,NA
44836,11,Very Satisfied
44837,8,NA
44838,15,Very Satisfied
44839,11,NA
44840,13,NA
44841,17,NA
44842,14,Very Satisfied
44843,13,Very Dissatisfied
44844,17,Very Satisfied
44845,12,NA
44846,16,NA
44847,12,NA
44848,9,NA
44849,13,NA
44850,12,NA
44851,18,NA
44852,14,Mod. Satisfied
44853,16,Very Satisfied
44854,12,Mod. Satisfied
44855,14,Mod. Satisfied
44856,13,NA
44857,14,Very Satisfied
44858,16,NA
44859,12,Mod. Satisfied
44860,12,NA
44861,13,Very Satisfied
44862,11,Mod. Satisfied
44863,12,Very Satisfied
44864,14,Mod. Satisfied
44865,15,NA
44866,13,NA
44867,18,NA
44868,12,Very Satisfied
44869,8,NA
44870,12,NA
44871,15,Mod. Satisfied
44872,11,Mod. Satisfied
44873,12,A Little Dissat
44874,12,NA
44875,13,NA
44876,12,A Little Dissat
44877,9,Very Satisfied
44878,12,NA
44879,12,Very Satisfied
44880,12,NA
44881,16,Very Satisfied
44882,16,NA
44883,16,NA
44884,18,Very Satisfied
44885,16,Very Satisfied
44886,14,NA
44887,12,NA
44888,14,Mod. Satisfied
44889,12,A Little Dissat
44890,11,A Little Dissat
44891,12,NA
44892,13,NA
44893,18,NA
44894,12,NA
44895,13,Mod. Satisfied
44896,14,NA
44897,13,Mod. Satisfied
44898,12,Mod. Satisfied
44899,14,Very Satisfied
44900,14,NA
44901,14,Very Satisfied
44902,12,NA
44903,12,Very Satisfied
44904,11,Very Dissatisfied
44905,14,Mod. Satisfied
44906,13,NA
44907,20,Very Satisfied
44908,12,Very Satisfied
44909,17,Very Satisfied
44910,15,Very Satisfied
44911,19,Mod. Satisfied
44912,14,A Little Dissat
44913,12,Mod. Satisfied
44914,12,Mod. Satisfied
44915,16,NA
44916,11,NA
44917,17,Very Satisfied
44918,12,NA
44919,14,Very Satisfied
44920,14,Very Satisfied
44921,10,Very Satisfied
44922,12,NA
44923,12,NA
44924,12,Very Satisfied
44925,17,NA
44926,12,NA
44927,12,Very Satisfied
44928,12,A Little Dissat
44929,12,Mod. Satisfied
44930,12,Mod. Satisfied
44931,12,NA
44932,16,Mod. Satisfied
44933,16,NA
44934,12,Mod. Satisfied
44935,13,NA
44936,15,NA
44937,2,NA
44938,10,Mod. Satisfied
44939,12,NA
44940,12,Very Satisfied
44941,14,Mod. Satisfied
44942,16,NA
44943,12,Very Satisfied
44944,12,NA
44945,16,Very Satisfied
44946,20,Mod. Satisfied
44947,18,Mod. Satisfied
44948,8,NA
44949,16,NA
44950,16,NA
44951,12,NA
44952,18,A Little Dissat
44953,20,Mod. Satisfied
44954,18,NA
44955,12,Very Satisfied
44956,16,NA
44957,14,NA
44958,12,Very Satisfied
44959,15,NA
44960,17,Mod. Satisfied
44961,16,Mod. Satisfied
44962,12,NA
44963,12,Very Satisfied
44964,11,NA
44965,12,Very Satisfied
44966,12,Mod. Satisfied
44967,12,Very Dissatisfied
44968,13,A Little Dissat
44969,12,NA
44970,16,NA
44971,13,Very Satisfied
44972,12,Very Satisfied
44973,9,NA
44974,12,Mod. Satisfied
44975,12,NA
44976,12,Very Satisfied
44977,13,A Little Dissat
44978,19,Very Satisfied
44979,14,NA
44980,12,Very Satisfied
44981,16,Very Satisfied
44982,12,Mod. Satisfied
44983,11,Very Satisfied
44984,12,NA
44985,16,Mod. Satisfied
44986,14,NA
44987,14,Very Satisfied
44988,20,Very Satisfied
44989,14,NA
44990,17,NA
44991,14,Mod. Satisfied
44992,16,Very Satisfied
44993,16,Mod. Satisfied
44994,14,NA
44995,19,Very Satisfied
44996,14,Very Satisfied
44997,14,Mod. Satisfied
44998,16,NA
44999,13,Very Satisfied
45000,12,NA
45001,12,Very Satisfied
45002,14,NA
45003,12,NA
45004,13,NA
45005,11,NA
45006,15,NA
45007,12,Mod. Satisfied
45008,11,NA
45009,16,Mod. Satisfied
45010,12,NA
45011,13,NA
45012,15,Mod. Satisfied
45013,15,Mod. Satisfied
45014,12,Very Satisfied
45015,16,Very Satisfied
45016,14,NA
45017,15,Very Satisfied
45018,9,NA
45019,20,NA
45020,14,Mod. Satisfied
45021,12,NA
45022,12,Very Satisfied
45023,9,NA
45024,12,NA
45025,13,Very Satisfied
45026,12,NA
45027,16,Mod. Satisfied
45028,12,NA
45029,12,NA
45030,12,NA
45031,16,NA
45032,16,Very Satisfied
45033,16,Very Satisfied
45034,12,Very Satisfied
45035,20,NA
45036,13,Very Satisfied
45037,16,NA
45038,12,Very Satisfied
45039,16,NA
45040,11,Very Satisfied
45041,13,Mod. Satisfied
45042,13,Very Satisfied
45043,20,Mod. Satisfied
45044,12,NA
45045,8,NA
45046,7,NA
45047,12,NA
45048,16,NA
45049,12,NA
45050,12,Very Satisfied
45051,13,NA
45052,16,NA
45053,14,Very Satisfied
45054,12,Mod. Satisfied
45055,12,NA
45056,12,Very Satisfied
45057,12,NA
45058,12,A Little Dissat
45059,12,Mod. Satisfied
45060,12,Very Satisfied
45061,8,NA
45062,14,Mod. Satisfied
45063,16,Mod. Satisfied
45064,12,Very Satisfied
45065,16,Mod. Satisfied
45066,17,Very Satisfied
45067,15,Very Satisfied
45068,16,Mod. Satisfied
45069,12,Very Dissatisfied
45070,12,Mod. Satisfied
45071,17,NA
45072,17,NA
45073,13,Mod. Satisfied
45074,16,Very Satisfied
45075,12,NA
45076,13,Very Satisfied
45077,16,NA
45078,16,NA
45079,13,Very Dissatisfied
45080,11,NA
45081,6,A Little Dissat
45082,11,NA
45083,12,NA
45084,11,NA
45085,11,NA
45086,12,NA
45087,13,NA
45088,15,NA
45089,14,NA
45090,10,Very Satisfied
45091,15,Mod. Satisfied
45092,12,NA
45093,14,NA
45094,12,Very Satisfied
45095,13,Very Satisfied
45096,14,NA
45097,14,Very Satisfied
45098,12,NA
45099,16,Very Satisfied
45100,16,Very Satisfied
45101,16,NA
45102,13,Mod. Satisfied
45103,19,A Little Dissat
45104,16,NA
45105,12,NA
45106,20,NA
45107,16,NA
45108,15,Mod. Satisfied
45109,12,NA
45110,12,NA
45111,16,Mod. Satisfied
45112,12,NA
45113,13,Very Satisfied
45114,19,NA
45115,11,NA
45116,12,NA
45117,13,Very Satisfied
45118,17,Very Satisfied
45119,9,Mod. Satisfied
45120,15,Mod. Satisfied
45121,10,NA
45122,12,Mod. Satisfied
45123,12,Very Satisfied
45124,9,Mod. Satisfied
45125,12,Mod. Satisfied
45126,12,NA
45127,12,NA
45128,15,NA
45129,20,Very Satisfied
45130,12,Very Satisfied
45131,18,Very Satisfied
45132,12,NA
45133,14,Very Satisfied
45134,15,Very Dissatisfied
45135,12,NA
45136,16,NA
45137,11,NA
45138,16,Very Satisfied
45139,12,Mod. Satisfied
45140,12,NA
45141,11,NA
45142,10,NA
45143,11,Very Satisfied
45144,13,NA
45145,14,Very Satisfied
45146,12,NA
45147,12,NA
45148,13,NA
45149,16,NA
45150,16,NA
45151,15,NA
45152,13,NA
45153,15,NA
45154,15,NA
45155,11,NA
45156,15,NA
45157,13,NA
45158,12,NA
45159,14,NA
45160,17,NA
45161,16,Very Satisfied
45162,18,NA
45163,9,NA
45164,17,Very Satisfied
45165,12,Very Satisfied
45166,17,NA
45167,17,Mod. Satisfied
45168,12,Very Dissatisfied
45169,18,NA
45170,13,NA
45171,14,Mod. Satisfied
45172,14,Very Satisfied
45173,16,Very Satisfied
45174,12,NA
45175,9,NA
45176,16,Very Satisfied
45177,12,Very Dissatisfied
45178,14,NA
45179,12,NA
45180,12,Mod. Satisfied
45181,15,NA
45182,12,Very Satisfied
45183,7,Very Dissatisfied
45184,11,NA
45185,12,A Little Dissat
45186,3,Very Satisfied
45187,17,NA
45188,20,Mod. Satisfied
45189,16,Mod. Satisfied
45190,12,NA
45191,14,NA
45192,16,Very Satisfied
45193,12,NA
45194,11,NA
45195,19,NA
45196,12,Very Satisfied
45197,14,Mod. Satisfied
45198,13,NA
45199,16,NA
45200,18,Very Satisfied
45201,20,NA
45202,14,NA
45203,12,Mod. Satisfied
45204,16,NA
45205,12,Mod. Satisfied
45206,18,Mod. Satisfied
45207,11,NA
45208,12,NA
45209,14,NA
45210,12,NA
45211,12,A Little Dissat
45212,12,NA
45213,12,Very Satisfied
45214,8,NA
45215,13,Mod. Satisfied
45216,13,NA
45217,0,NA
45218,12,NA
45219,13,Very Satisfied
45220,20,Very Satisfied
45221,12,NA
45222,12,Very Satisfied
45223,15,NA
45224,14,NA
45225,12,Mod. Satisfied
45226,12,Very Satisfied
45227,14,NA
45228,14,NA
45229,14,NA
45230,13,Very Satisfied
45231,12,Very Dissatisfied
45232,13,Very Satisfied
45233,12,Very Satisfied
45234,13,NA
45235,9,NA
45236,13,NA
45237,14,Mod. Satisfied
45238,13,NA
45239,10,NA
45240,9,Very Dissatisfied
45241,14,NA
45242,16,Very Satisfied
45243,11,Mod. Satisfied
45244,11,A Little Dissat
45245,20,NA
45246,13,Mod. Satisfied
45247,12,Very Satisfied
45248,12,Very Satisfied
45249,11,NA
45250,8,Very Satisfied
45251,11,NA
45252,10,NA
45253,14,NA
45254,15,Very Satisfied
45255,12,NA
45256,9,Very Satisfied
45257,16,NA
45258,10,A Little Dissat
45259,8,NA
45260,20,NA
45261,16,Mod. Satisfied
45262,13,Very Satisfied
45263,14,Very Satisfied
45264,11,NA
45265,13,Very Satisfied
45266,14,Mod. Satisfied
45267,16,NA
45268,2,NA
45269,20,Very Satisfied
45270,10,NA
45271,12,NA
45272,14,NA
45273,11,NA
45274,12,Mod. Satisfied
45275,16,Very Satisfied
45276,12,NA
45277,20,Very Satisfied
45278,15,A Little Dissat
45279,12,NA
45280,12,Very Satisfied
45281,12,NA
45282,17,NA
45283,16,NA
45284,11,Mod. Satisfied
45285,11,NA
45286,14,NA
45287,5,NA
45288,12,NA
45289,14,NA
45290,14,Mod. Satisfied
45291,12,Very Satisfied
45292,20,Very Satisfied
45293,13,A Little Dissat
45294,15,NA
45295,14,NA
45296,18,Very Satisfied
45297,12,NA
45298,16,NA
45299,9,Very Satisfied
45300,14,NA
45301,13,Mod. Satisfied
45302,12,Very Satisfied
45303,16,Mod. Satisfied
45304,14,NA
45305,17,NA
45306,15,Very Dissatisfied
45307,17,NA
45308,17,Very Dissatisfied
45309,16,NA
45310,16,NA
45311,16,NA
45312,16,Mod. Satisfied
45313,20,Very Satisfied
45314,20,Very Dissatisfied
45315,16,NA
45316,14,Mod. Satisfied
45317,3,Very Satisfied
45318,14,Very Satisfied
45319,19,NA
45320,13,Mod. Satisfied
45321,19,Very Satisfied
45322,12,NA
45323,14,Very Dissatisfied
45324,14,Mod. Satisfied
45325,19,NA
45326,9,NA
45327,19,Very Satisfied
45328,17,NA
45329,11,NA
45330,12,NA
45331,16,NA
45332,12,Very Satisfied
45333,12,Very Satisfied
45334,20,NA
45335,20,NA
45336,18,Very Dissatisfied
45337,20,Very Satisfied
45338,20,NA
45339,17,NA
45340,18,NA
45341,16,NA
45342,18,Very Satisfied
45343,15,NA
45344,13,Very Satisfied
45345,13,Very Satisfied
45346,15,Very Satisfied
45347,18,Very Satisfied
45348,13,NA
45349,19,NA
45350,12,Mod. Satisfied
45351,16,Mod. Satisfied
45352,18,Mod. Satisfied
45353,11,NA
45354,14,NA
45355,20,NA
45356,12,Mod. Satisfied
45357,20,Mod. Satisfied
45358,11,NA
45359,14,NA
45360,14,NA
45361,16,NA
45362,15,Very Satisfied
45363,13,NA
45364,16,Very Satisfied
45365,16,NA
45366,19,Very Satisfied
45367,11,Mod. Satisfied
45368,12,NA
45369,16,Mod. Satisfied
45370,15,Very Satisfied
45371,12,NA
45372,17,Mod. Satisfied
45373,14,NA
45374,12,Mod. Satisfied
45375,20,Very Satisfied
45376,12,Very Satisfied
45377,15,Very Satisfied
45378,14,NA
45379,18,Very Satisfied
45380,16,A Little Dissat
45381,12,Mod. Satisfied
45382,16,NA
45383,12,NA
45384,20,Very Satisfied
45385,13,NA
45386,12,NA
45387,16,Very Satisfied
45388,11,Very Satisfied
45389,16,Very Satisfied
45390,14,Mod. Satisfied
45391,16,Mod. Satisfied
45392,17,NA
45393,16,NA
45394,10,Mod. Satisfied
45395,16,Very Satisfied
45396,14,NA
45397,18,Very Satisfied
45398,10,NA
45399,13,Mod. Satisfied
45400,12,Very Dissatisfied
45401,15,Very Dissatisfied
45402,15,Very Satisfied
45403,16,NA
45404,12,NA
45405,11,NA
45406,12,NA
45407,14,Very Satisfied
45408,12,Mod. Satisfied
45409,10,Very Satisfied
45410,12,Very Satisfied
45411,12,Very Satisfied
45412,11,Very Satisfied
45413,11,Very Satisfied
45414,15,NA
45415,12,NA
45416,12,Mod. Satisfied
45417,14,NA
45418,15,Very Satisfied
45419,6,NA
45420,12,NA
45421,12,Mod. Satisfied
45422,12,Mod. Satisfied
45423,11,NA
45424,9,NA
45425,12,NA
45426,14,NA
45427,14,NA
45428,12,A Little Dissat
45429,12,Very Satisfied
45430,11,Mod. Satisfied
45431,8,NA
45432,12,Very Satisfied
45433,12,Very Satisfied
45434,6,NA
45435,12,A Little Dissat
45436,12,Very Satisfied
45437,14,Mod. Satisfied
45438,12,NA
45439,18,Very Satisfied
45440,12,NA
45441,14,Mod. Satisfied
45442,18,Very Satisfied
45443,17,NA
45444,15,Very Satisfied
45445,13,A Little Dissat
45446,12,Very Dissatisfied
45447,19,Very Satisfied
45448,17,Mod. Satisfied
45449,14,NA
45450,17,NA
45451,11,Very Satisfied
45452,17,Mod. Satisfied
45453,9,Mod. Satisfied
45454,12,NA
45455,5,Mod. Satisfied
45456,12,Mod. Satisfied
45457,8,A Little Dissat
45458,12,NA
45459,16,Very Satisfied
45460,12,Mod. Satisfied
45461,17,NA
45462,12,Mod. Satisfied
45463,12,NA
45464,16,NA
45465,14,Very Satisfied
45466,14,Very Satisfied
45467,15,NA
45468,12,NA
45469,15,NA
45470,18,Mod. Satisfied
45471,14,Very Satisfied
45472,16,Very Satisfied
45473,16,NA
45474,13,NA
45475,9,NA
45476,14,Very Satisfied
45477,13,NA
45478,18,Mod. Satisfied
45479,16,NA
45480,20,Very Satisfied
45481,13,NA
45482,10,A Little Dissat
45483,16,NA
45484,10,Very Satisfied
45485,11,A Little Dissat
45486,12,NA
45487,16,A Little Dissat
45488,13,NA
45489,16,Very Dissatisfied
45490,15,NA
45491,16,NA
45492,14,NA
45493,15,NA
45494,17,NA
45495,12,NA
45496,16,NA
45497,12,NA
45498,12,Very Satisfied
45499,13,NA
45500,14,Very Satisfied
45501,7,NA
45502,12,NA
45503,14,Mod. Satisfied
45504,12,Very Satisfied
45505,14,NA
45506,15,NA
45507,11,A Little Dissat
45508,11,Mod. Satisfied
45509,12,Mod. Satisfied
45510,12,NA
45511,12,NA
45512,15,NA
45513,14,Very Satisfied
45514,19,Mod. Satisfied
45515,12,NA
45516,14,Mod. Satisfied
45517,16,NA
45518,15,NA
45519,12,Very Satisfied
45520,13,Very Satisfied
45521,18,Mod. Satisfied
45522,12,NA
45523,12,A Little Dissat
45524,14,NA
45525,12,Mod. Satisfied
45526,11,Very Satisfied
45527,13,Mod. Satisfied
45528,17,NA
45529,17,Very Satisfied
45530,20,Very Satisfied
45531,13,NA
45532,16,Very Satisfied
45533,NA,NA
45534,16,Very Satisfied
45535,13,NA
45536,12,NA
45537,14,NA
45538,16,Mod. Satisfied
45539,17,Mod. Satisfied
45540,15,NA
45541,14,A Little Dissat
45542,12,NA
45543,15,Very Dissatisfied
45544,13,NA
45545,14,NA
45546,20,A Little Dissat
45547,12,Very Satisfied
45548,11,NA
45549,14,NA
45550,10,NA
45551,12,Very Satisfied
45552,12,Very Satisfied
45553,13,NA
45554,12,NA
45555,15,NA
45556,16,NA
45557,12,Very Satisfied
45558,13,NA
45559,15,Mod. Satisfied
45560,18,NA
45561,20,Very Satisfied
45562,8,NA
45563,16,NA
45564,18,Very Satisfied
45565,12,A Little Dissat
45566,18,NA
45567,16,NA
45568,16,Very Satisfied
45569,14,NA
45570,12,Mod. Satisfied
45571,13,A Little Dissat
45572,14,Mod. Satisfied
45573,13,NA
45574,15,Mod. Satisfied
45575,15,NA
45576,20,Very Satisfied
45577,15,NA
45578,19,Very Satisfied
45579,19,NA
45580,12,NA
45581,16,NA
45582,12,NA
45583,14,NA
45584,18,NA
45585,12,NA
45586,14,NA
45587,12,NA
45588,16,Very Satisfied
45589,13,Mod. Satisfied
45590,18,Very Satisfied
45591,13,Mod. Satisfied
45592,20,NA
45593,12,Very Satisfied
45594,14,Very Satisfied
45595,14,Very Satisfied
45596,12,NA
45597,12,Very Satisfied
45598,12,Very Satisfied
45599,15,Mod. Satisfied
45600,18,NA
45601,14,NA
45602,14,Very Satisfied
45603,20,NA
45604,17,NA
45605,16,Very Satisfied
45606,16,NA
45607,15,Very Satisfied
45608,16,NA
45609,12,Mod. Satisfied
45610,15,NA
45611,18,Mod. Satisfied
45612,16,Mod. Satisfied
45613,16,Mod. Satisfied
45614,16,Very Satisfied
45615,14,Very Satisfied
45616,16,NA
45617,11,Very Satisfied
45618,12,Mod. Satisfied
45619,13,NA
45620,14,Very Satisfied
45621,20,NA
45622,12,Mod. Satisfied
45623,12,NA
45624,18,NA
45625,17,NA
45626,12,NA
45627,12,Mod. Satisfied
45628,16,NA
45629,14,NA
45630,20,NA
45631,14,Very Dissatisfied
45632,13,Mod. Satisfied
45633,12,Mod. Satisfied
45634,13,NA
45635,18,NA
45636,12,Very Satisfied
45637,11,Very Satisfied
45638,12,NA
45639,9,NA
45640,12,NA
45641,17,Very Satisfied
45642,19,Very Satisfied
45643,12,NA
45644,6,Very Satisfied
45645,16,Very Dissatisfied
45646,11,NA
45647,13,Very Satisfied
45648,16,Very Satisfied
45649,12,Very Satisfied
45650,19,NA
45651,12,Very Satisfied
45652,14,A Little Dissat
45653,10,NA
45654,14,NA
45655,13,Mod. Satisfied
45656,14,NA
45657,13,Very Satisfied
45658,11,NA
45659,12,NA
45660,10,Very Satisfied
45661,2,Mod. Satisfied
45662,14,NA
45663,13,NA
45664,12,Mod. Satisfied
45665,13,NA
45666,13,NA
45667,16,NA
45668,11,NA
45669,16,Very Satisfied
45670,14,NA
45671,13,Very Satisfied
45672,17,Mod. Satisfied
45673,10,NA
45674,12,NA
45675,12,Mod. Satisfied
45676,18,NA
45677,16,Very Satisfied
45678,15,Mod. Satisfied
45679,12,Mod. Satisfied
45680,14,NA
45681,14,Mod. Satisfied
45682,14,Very Satisfied
45683,0,NA
45684,12,NA
45685,16,A Little Dissat
45686,7,NA
45687,12,NA
45688,12,NA
45689,16,NA
45690,16,Very Satisfied
45691,16,Very Satisfied
45692,12,NA
45693,16,Mod. Satisfied
45694,15,Mod. Satisfied
45695,16,NA
45696,13,NA
45697,18,NA
45698,16,NA
45699,12,NA
45700,13,NA
45701,12,NA
45702,11,NA
45703,20,Mod. Satisfied
45704,16,Mod. Satisfied
45705,20,Very Satisfied
45706,12,NA
45707,18,Very Satisfied
45708,12,NA
45709,8,A Little Dissat
45710,17,NA
45711,12,A Little Dissat
45712,12,Mod. Satisfied
45713,12,NA
45714,12,NA
45715,18,Very Satisfied
45716,16,NA
45717,12,Very Satisfied
45718,15,NA
45719,19,NA
45720,12,A Little Dissat
45721,15,Mod. Satisfied
45722,18,NA
45723,20,NA
45724,14,Very Satisfied
45725,12,Very Satisfied
45726,12,NA
45727,12,NA
45728,14,Very Satisfied
45729,12,Mod. Satisfied
45730,12,Very Satisfied
45731,16,NA
45732,19,Very Satisfied
45733,20,Very Satisfied
45734,13,NA
45735,18,NA
45736,17,Mod. Satisfied
45737,13,Very Satisfied
45738,15,Very Satisfied
45739,16,Mod. Satisfied
45740,14,NA
45741,12,Very Satisfied
45742,16,NA
45743,16,NA
45744,15,NA
45745,13,NA
45746,16,Very Dissatisfied
45747,20,A Little Dissat
45748,16,NA
45749,12,Very Satisfied
45750,20,NA
45751,19,Very Satisfied
45752,11,Mod. Satisfied
45753,12,Mod. Satisfied
45754,14,NA
45755,13,Very Satisfied
45756,15,NA
45757,14,Very Satisfied
45758,18,NA
45759,14,NA
45760,12,Very Satisfied
45761,10,NA
45762,14,NA
45763,12,NA
45764,20,NA
45765,14,Very Satisfied
45766,18,Very Satisfied
45767,14,Mod. Satisfied
45768,12,A Little Dissat
45769,11,NA
45770,12,NA
45771,12,Mod. Satisfied
45772,12,Mod. Satisfied
45773,11,NA
45774,12,Very Satisfied
45775,14,Very Satisfied
45776,14,Very Satisfied
45777,6,NA
45778,15,NA
45779,13,Mod. Satisfied
45780,11,NA
45781,6,Very Dissatisfied
45782,11,NA
45783,14,Very Satisfied
45784,14,Very Satisfied
45785,14,NA
45786,12,NA
45787,14,NA
45788,16,Mod. Satisfied
45789,13,Mod. Satisfied
45790,17,Very Satisfied
45791,12,NA
45792,16,Very Satisfied
45793,14,NA
45794,14,NA
45795,16,NA
45796,12,Very Satisfied
45797,19,Very Satisfied
45798,10,Very Satisfied
45799,15,NA
45800,12,Mod. Satisfied
45801,12,Mod. Satisfied
45802,16,NA
45803,12,NA
45804,16,NA
45805,14,Very Satisfied
45806,8,Mod. Satisfied
45807,12,Very Satisfied
45808,12,Very Satisfied
45809,12,NA
45810,12,NA
45811,15,Mod. Satisfied
45812,13,NA
45813,12,Mod. Satisfied
45814,8,NA
45815,13,Very Dissatisfied
45816,12,NA
45817,12,NA
45818,12,NA
45819,12,Very Satisfied
45820,8,NA
45821,19,NA
45822,12,NA
45823,12,Very Satisfied
45824,12,Very Satisfied
45825,10,NA
45826,12,Mod. Satisfied
45827,12,Very Satisfied
45828,12,A Little Dissat
45829,14,Very Satisfied
45830,10,NA
45831,12,Mod. Satisfied
45832,12,Mod. Satisfied
45833,16,Mod. Satisfied
45834,14,Very Satisfied
45835,16,Very Satisfied
45836,12,Very Satisfied
45837,12,NA
45838,18,A Little Dissat
45839,13,NA
45840,18,NA
45841,13,Very Satisfied
45842,13,Mod. Satisfied
45843,13,Mod. Satisfied
45844,13,Very Satisfied
45845,10,NA
45846,13,Very Satisfied
45847,10,NA
45848,16,NA
45849,13,NA
45850,13,NA
45851,13,Very Satisfied
45852,12,Very Satisfied
45853,12,Mod. Satisfied
45854,12,NA
45855,10,NA
45856,12,NA
45857,11,NA
45858,12,Very Satisfied
45859,14,NA
45860,13,Very Satisfied
45861,12,NA
45862,12,NA
45863,10,NA
45864,12,Very Satisfied
45865,11,Mod. Satisfied
45866,12,NA
45867,12,Very Satisfied
45868,12,NA
45869,8,NA
45870,8,NA
45871,13,NA
45872,15,NA
45873,11,A Little Dissat
45874,10,NA
45875,8,NA
45876,12,Mod. Satisfied
45877,12,NA
45878,12,A Little Dissat
45879,8,NA
45880,12,NA
45881,16,NA
45882,12,NA
45883,12,Very Satisfied
45884,13,NA
45885,13,Very Satisfied
45886,13,NA
45887,16,NA
45888,9,NA
45889,13,A Little Dissat
45890,13,Mod. Satisfied
45891,12,NA
45892,12,NA
45893,12,NA
45894,12,NA
45895,16,NA
45896,12,Very Satisfied
45897,17,Very Satisfied
45898,10,Mod. Satisfied
45899,13,NA
45900,17,NA
45901,9,NA
45902,16,NA
45903,8,NA
45904,12,NA
45905,8,NA
45906,12,NA
45907,16,NA
45908,9,NA
45909,16,NA
45910,13,NA
45911,11,Very Satisfied
45912,11,Mod. Satisfied
45913,12,Very Dissatisfied
45914,12,Very Satisfied
45915,13,NA
45916,17,Mod. Satisfied
45917,12,Mod. Satisfied
45918,9,NA
45919,9,Mod. Satisfied
45920,12,Mod. Satisfied
45921,12,NA
45922,12,NA
45923,12,Very Satisfied
45924,12,NA
45925,6,A Little Dissat
45926,12,NA
45927,10,A Little Dissat
45928,11,Mod. Satisfied
45929,12,Mod. Satisfied
45930,14,Very Satisfied
45931,16,NA
45932,12,Mod. Satisfied
45933,11,NA
45934,12,NA
45935,11,NA
45936,14,NA
45937,12,NA
45938,12,NA
45939,8,NA
45940,13,NA
45941,14,Mod. Satisfied
45942,14,Mod. Satisfied
45943,11,Very Satisfied
45944,10,Very Satisfied
45945,12,Mod. Satisfied
45946,19,Very Satisfied
45947,12,Mod. Satisfied
45948,17,Very Satisfied
45949,11,NA
45950,20,NA
45951,8,Very Satisfied
45952,12,Mod. Satisfied
45953,12,NA
45954,12,NA
45955,12,Very Satisfied
45956,7,Very Satisfied
45957,15,Very Dissatisfied
45958,15,NA
45959,4,NA
45960,11,Very Satisfied
45961,7,NA
45962,14,Mod. Satisfied
45963,12,NA
45964,12,Mod. Satisfied
45965,9,NA
45966,10,NA
45967,15,Mod. Satisfied
45968,13,Very Satisfied
45969,14,NA
45970,12,Very Satisfied
45971,16,Very Satisfied
45972,12,NA
45973,12,NA
45974,12,NA
45975,18,Very Satisfied
45976,12,Very Satisfied
45977,12,NA
45978,12,Very Satisfied
45979,16,Mod. Satisfied
45980,16,Very Satisfied
45981,14,NA
45982,14,NA
45983,12,NA
45984,12,Mod. Satisfied
45985,16,NA
45986,11,NA
45987,10,Very Satisfied
45988,14,NA
45989,15,NA
45990,14,NA
45991,14,Mod. Satisfied
45992,9,NA
45993,20,Very Satisfied
45994,13,NA
45995,14,A Little Dissat
45996,10,NA
45997,2,NA
45998,12,NA
45999,12,Very Satisfied
46000,18,NA
46001,17,Very Satisfied
46002,14,A Little Dissat
46003,13,Mod. Satisfied
46004,19,NA
46005,14,A Little Dissat
46006,11,Mod. Satisfied
46007,16,NA
46008,16,NA
46009,11,Very Dissatisfied
46010,12,NA
46011,9,Mod. Satisfied
46012,12,Very Satisfied
46013,12,A Little Dissat
46014,12,NA
46015,11,Very Satisfied
46016,12,Mod. Satisfied
46017,12,NA
46018,13,Mod. Satisfied
46019,11,Mod. Satisfied
46020,12,Mod. Satisfied
46021,8,NA
46022,19,Mod. Satisfied
46023,18,Mod. Satisfied
46024,16,NA
46025,12,Mod. Satisfied
46026,13,Very Satisfied
46027,12,Very Satisfied
46028,16,NA
46029,14,NA
46030,12,NA
46031,13,Mod. Satisfied
46032,14,NA
46033,14,NA
46034,14,Very Satisfied
46035,13,NA
46036,14,NA
46037,16,NA
46038,8,NA
46039,16,Very Satisfied
46040,12,NA
46041,12,Very Satisfied
46042,20,NA
46043,12,NA
46044,12,NA
46045,9,Very Satisfied
46046,17,NA
46047,12,NA
46048,2,NA
46049,11,Mod. Satisfied
46050,11,NA
46051,12,Mod. Satisfied
46052,10,A Little Dissat
46053,8,NA
46054,11,NA
46055,11,NA
46056,8,Very Dissatisfied
46057,8,Very Satisfied
46058,16,Very Satisfied
46059,7,NA
46060,14,NA
46061,7,Very Dissatisfied
46062,12,NA
46063,12,Very Satisfied
46064,16,Mod. Satisfied
46065,20,Very Satisfied
46066,16,Very Satisfied
46067,16,NA
46068,16,NA
46069,16,NA
46070,18,Very Satisfied
46071,12,Very Satisfied
46072,12,NA
46073,16,Very Satisfied
46074,15,Very Satisfied
46075,14,Very Satisfied
46076,14,NA
46077,12,NA
46078,13,NA
46079,16,Mod. Satisfied
46080,13,NA
46081,15,Mod. Satisfied
46082,11,A Little Dissat
46083,12,NA
46084,12,NA
46085,12,Very Satisfied
46086,9,Mod. Satisfied
46087,14,NA
46088,12,NA
46089,12,NA
46090,12,NA
46091,12,Very Satisfied
46092,13,Very Dissatisfied
46093,13,Very Satisfied
46094,12,Mod. Satisfied
46095,13,NA
46096,16,NA
46097,12,NA
46098,13,NA
46099,7,NA
46100,12,NA
46101,13,NA
46102,12,NA
46103,13,Very Satisfied
46104,12,NA
46105,16,Very Satisfied
46106,14,Mod. Satisfied
46107,16,NA
46108,9,NA
46109,14,Mod. Satisfied
46110,13,NA
46111,8,Mod. Satisfied
46112,7,Very Satisfied
46113,13,Very Dissatisfied
46114,11,NA
46115,12,Very Satisfied
46116,14,NA
46117,14,Mod. Satisfied
46118,10,NA
46119,9,A Little Dissat
46120,8,Very Satisfied
46121,14,NA
46122,12,NA
46123,14,NA
46124,11,NA
46125,15,NA
46126,14,Very Satisfied
46127,15,NA
46128,16,Very Dissatisfied
46129,12,Very Satisfied
46130,15,NA
46131,6,NA
46132,11,Mod. Satisfied
46133,15,NA
46134,14,NA
46135,13,NA
46136,10,Mod. Satisfied
46137,14,NA
46138,12,Very Satisfied
46139,6,NA
46140,12,NA
46141,20,NA
46142,14,NA
46143,12,NA
46144,15,NA
46145,16,Very Satisfied
46146,16,NA
46147,10,Very Satisfied
46148,11,Very Satisfied
46149,9,NA
46150,13,NA
46151,16,Very Satisfied
46152,18,NA
46153,16,NA
46154,16,Very Satisfied
46155,14,NA
46156,11,NA
46157,12,Very Satisfied
46158,10,Mod. Satisfied
46159,19,NA
46160,17,NA
46161,20,NA
46162,12,Very Satisfied
46163,12,Very Satisfied
46164,14,NA
46165,14,Very Satisfied
46166,16,Mod. Satisfied
46167,16,Mod. Satisfied
46168,14,Very Satisfied
46169,12,NA
46170,11,Very Satisfied
46171,10,A Little Dissat
46172,16,Mod. Satisfied
46173,8,NA
46174,14,NA
46175,10,Very Satisfied
46176,12,Mod. Satisfied
46177,11,NA
46178,12,Mod. Satisfied
46179,12,NA
46180,13,Very Satisfied
46181,12,NA
46182,12,Very Satisfied
46183,16,Very Satisfied
46184,12,NA
46185,13,NA
46186,10,NA
46187,9,Very Satisfied
46188,15,NA
46189,9,NA
46190,11,NA
46191,9,NA
46192,12,Mod. Satisfied
46193,14,Very Satisfied
46194,13,Very Satisfied
46195,14,NA
46196,12,NA
46197,12,A Little Dissat
46198,12,NA
46199,12,NA
46200,12,NA
46201,11,Very Satisfied
46202,11,Mod. Satisfied
46203,12,A Little Dissat
46204,6,NA
46205,12,NA
46206,13,Mod. Satisfied
46207,19,NA
46208,13,NA
46209,14,NA
46210,16,NA
46211,11,NA
46212,12,A Little Dissat
46213,9,Very Satisfied
46214,14,Very Satisfied
46215,12,A Little Dissat
46216,12,Mod. Satisfied
46217,12,Mod. Satisfied
46218,13,NA
46219,12,NA
46220,13,NA
46221,15,Very Satisfied
46222,14,Mod. Satisfied
46223,12,NA
46224,12,Mod. Satisfied
46225,14,A Little Dissat
46226,15,Very Satisfied
46227,12,NA
46228,20,Very Satisfied
46229,12,NA
46230,12,Very Satisfied
46231,13,Mod. Satisfied
46232,12,NA
46233,16,NA
46234,6,NA
46235,12,NA
46236,12,NA
46237,10,Very Satisfied
46238,10,Very Satisfied
46239,15,NA
46240,12,Very Satisfied
46241,11,NA
46242,11,NA
46243,15,NA
46244,15,Very Dissatisfied
46245,12,Very Satisfied
46246,12,NA
46247,14,Very Satisfied
46248,11,Mod. Satisfied
46249,12,Very Satisfied
46250,12,NA
46251,12,NA
46252,12,Mod. Satisfied
46253,12,NA
46254,14,NA
46255,14,NA
46256,12,NA
46257,16,NA
46258,8,NA
46259,11,A Little Dissat
46260,12,Very Satisfied
46261,10,Very Satisfied
46262,12,NA
46263,11,NA
46264,8,NA
46265,12,Mod. Satisfied
46266,12,NA
46267,12,Very Satisfied
46268,13,NA
46269,12,Very Satisfied
46270,18,NA
46271,14,Very Satisfied
46272,18,Very Satisfied
46273,12,A Little Dissat
46274,18,NA
46275,12,NA
46276,16,Mod. Satisfied
46277,8,NA
46278,14,Very Satisfied
46279,8,NA
46280,11,NA
46281,7,NA
46282,12,Very Satisfied
46283,12,NA
46284,12,NA
46285,16,NA
46286,15,NA
46287,14,NA
46288,12,Mod. Satisfied
46289,15,NA
46290,17,NA
46291,11,NA
46292,16,NA
46293,7,NA
46294,9,A Little Dissat
46295,14,Mod. Satisfied
46296,14,Very Satisfied
46297,12,NA
46298,13,NA
46299,16,Mod. Satisfied
46300,11,NA
46301,14,NA
46302,14,Mod. Satisfied
46303,14,Mod. Satisfied
46304,10,NA
46305,9,Mod. Satisfied
46306,15,NA
46307,13,Mod. Satisfied
46308,14,NA
46309,14,NA
46310,8,NA
46311,14,NA
46312,14,Very Dissatisfied
46313,13,NA
46314,13,NA
46315,16,Very Satisfied
46316,16,Mod. Satisfied
46317,12,NA
46318,13,NA
46319,10,Mod. Satisfied
46320,13,Mod. Satisfied
46321,13,NA
46322,12,Very Satisfied
46323,10,Mod. Satisfied
46324,13,A Little Dissat
46325,12,NA
46326,14,NA
46327,12,A Little Dissat
46328,12,NA
46329,7,NA
46330,14,Very Satisfied
46331,14,A Little Dissat
46332,14,NA
46333,12,NA
46334,12,NA
46335,16,Very Satisfied
46336,12,NA
46337,20,Very Satisfied
46338,13,NA
46339,13,NA
46340,20,Mod. Satisfied
46341,14,NA
46342,17,NA
46343,14,NA
46344,15,NA
46345,15,NA
46346,16,NA
46347,17,Very Satisfied
46348,11,NA
46349,13,NA
46350,12,NA
46351,13,NA
46352,12,NA
46353,18,NA
46354,12,Mod. Satisfied
46355,17,Mod. Satisfied
46356,16,Very Satisfied
46357,12,NA
46358,18,NA
46359,7,Very Satisfied
46360,17,Very Satisfied
46361,16,Very Satisfied
46362,12,NA
46363,15,Very Satisfied
46364,12,NA
46365,16,NA
46366,11,Very Satisfied
46367,12,Very Satisfied
46368,17,NA
46369,13,Very Satisfied
46370,14,Mod. Satisfied
46371,20,NA
46372,16,Mod. Satisfied
46373,19,NA
46374,11,Very Satisfied
46375,8,Very Satisfied
46376,12,NA
46377,12,Mod. Satisfied
46378,18,Very Dissatisfied
46379,14,NA
46380,15,NA
46381,15,NA
46382,13,Mod. Satisfied
46383,16,NA
46384,10,NA
46385,13,Mod. Satisfied
46386,9,Very Satisfied
46387,12,NA
46388,12,Very Satisfied
46389,12,A Little Dissat
46390,8,NA
46391,12,NA
46392,18,NA
46393,17,NA
46394,12,NA
46395,12,Very Satisfied
46396,12,NA
46397,11,NA
46398,12,Mod. Satisfied
46399,12,NA
46400,15,NA
46401,9,NA
46402,14,NA
46403,12,A Little Dissat
46404,11,NA
46405,16,Very Satisfied
46406,16,NA
46407,13,NA
46408,12,NA
46409,19,Very Satisfied
46410,16,NA
46411,13,NA
46412,15,NA
46413,14,Mod. Satisfied
46414,12,NA
46415,19,Mod. Satisfied
46416,12,Very Satisfied
46417,17,Very Satisfied
46418,16,NA
46419,14,NA
46420,14,NA
46421,14,A Little Dissat
46422,14,NA
46423,1,NA
46424,17,NA
46425,16,NA
46426,19,NA
46427,12,NA
46428,16,NA
46429,16,Very Satisfied
46430,16,NA
46431,18,Very Satisfied
46432,16,Very Satisfied
46433,16,NA
46434,18,Very Satisfied
46435,16,NA
46436,13,NA
46437,12,NA
46438,12,NA
46439,12,NA
46440,11,NA
46441,13,Very Satisfied
46442,18,Very Satisfied
46443,13,NA
46444,12,NA
46445,12,NA
46446,17,Mod. Satisfied
46447,12,NA
46448,20,NA
46449,11,NA
46450,10,NA
46451,16,Mod. Satisfied
46452,13,Mod. Satisfied
46453,17,NA
46454,16,Mod. Satisfied
46455,16,NA
46456,15,NA
46457,16,A Little Dissat
46458,18,A Little Dissat
46459,12,Mod. Satisfied
46460,16,NA
46461,12,NA
46462,5,NA
46463,10,NA
46464,13,Mod. Satisfied
46465,14,NA
46466,14,Mod. Satisfied
46467,15,NA
46468,8,NA
46469,13,NA
46470,12,NA
46471,12,Mod. Satisfied
46472,14,NA
46473,14,Mod. Satisfied
46474,14,NA
46475,16,Very Satisfied
46476,12,NA
46477,17,NA
46478,16,A Little Dissat
46479,16,NA
46480,16,NA
46481,12,Very Satisfied
46482,16,NA
46483,14,NA
46484,14,NA
46485,12,NA
46486,11,NA
46487,10,Mod. Satisfied
46488,12,Mod. Satisfied
46489,15,Mod. Satisfied
46490,12,NA
46491,12,NA
46492,16,NA
46493,16,Mod. Satisfied
46494,19,Very Satisfied
46495,12,NA
46496,16,Mod. Satisfied
46497,12,Very Satisfied
46498,8,Very Satisfied
46499,12,Very Satisfied
46500,14,NA
46501,16,Very Satisfied
46502,14,NA
46503,12,Mod. Satisfied
46504,16,A Little Dissat
46505,19,NA
46506,13,Mod. Satisfied
46507,15,Very Satisfied
46508,16,NA
46509,10,NA
46510,16,Very Satisfied
46511,13,Very Satisfied
46512,14,Very Satisfied
46513,9,NA
46514,12,Mod. Satisfied
46515,14,NA
46516,16,Very Satisfied
46517,12,Very Satisfied
46518,14,NA
46519,16,A Little Dissat
46520,18,Very Satisfied
46521,9,NA
46522,12,NA
46523,16,NA
46524,16,Mod. Satisfied
46525,13,Very Satisfied
46526,18,NA
46527,6,NA
46528,11,NA
46529,13,Mod. Satisfied
46530,14,NA
46531,16,Mod. Satisfied
46532,12,NA
46533,11,NA
46534,15,NA
46535,14,NA
46536,18,NA
46537,5,Very Satisfied
46538,14,NA
46539,12,NA
46540,12,NA
46541,14,Very Satisfied
46542,12,NA
46543,12,NA
46544,17,Very Satisfied
46545,12,Mod. Satisfied
46546,14,NA
46547,15,NA
46548,12,Mod. Satisfied
46549,18,NA
46550,14,A Little Dissat
46551,14,Very Satisfied
46552,6,NA
46553,15,NA
46554,10,NA
46555,16,NA
46556,NA,NA
46557,14,NA
46558,12,NA
46559,11,NA
46560,10,NA
46561,12,Mod. Satisfied
46562,14,NA
46563,13,Very Satisfied
46564,18,Very Satisfied
46565,18,Very Satisfied
46566,20,NA
46567,18,Very Satisfied
46568,17,NA
46569,16,Mod. Satisfied
46570,14,NA
46571,13,Very Satisfied
46572,9,Very Satisfied
46573,0,NA
46574,4,NA
46575,12,Very Satisfied
46576,16,Mod. Satisfied
46577,12,Mod. Satisfied
46578,10,Very Satisfied
46579,12,Mod. Satisfied
46580,12,Mod. Satisfied
46581,16,Very Satisfied
46582,12,NA
46583,12,Very Satisfied
46584,16,NA
46585,16,NA
46586,18,Very Satisfied
46587,16,Mod. Satisfied
46588,12,NA
46589,16,NA
46590,17,Very Satisfied
46591,16,Mod. Satisfied
46592,12,NA
46593,9,NA
46594,16,Very Satisfied
46595,12,NA
46596,15,Mod. Satisfied
46597,16,A Little Dissat
46598,12,Very Satisfied
46599,17,NA
46600,10,NA
46601,10,Mod. Satisfied
46602,17,NA
46603,10,Very Satisfied
46604,13,NA
46605,16,Mod. Satisfied
46606,17,Very Satisfied
46607,19,Very Satisfied
46608,13,Very Dissatisfied
46609,16,NA
46610,7,NA
46611,6,Mod. Satisfied
46612,14,NA
46613,3,Mod. Satisfied
46614,10,Mod. Satisfied
46615,14,Very Satisfied
46616,15,A Little Dissat
46617,17,NA
46618,18,NA
46619,15,NA
46620,20,Mod. Satisfied
46621,18,Mod. Satisfied
46622,14,Mod. Satisfied
46623,17,Very Satisfied
46624,17,Mod. Satisfied
46625,12,Mod. Satisfied
46626,6,NA
46627,18,Mod. Satisfied
46628,11,Very Satisfied
46629,16,NA
46630,12,NA
46631,2,NA
46632,12,Mod. Satisfied
46633,16,Mod. Satisfied
46634,13,NA
46635,12,NA
46636,12,NA
46637,13,NA
46638,12,NA
46639,16,Mod. Satisfied
46640,19,NA
46641,13,Mod. Satisfied
46642,14,Mod. Satisfied
46643,16,Mod. Satisfied
46644,12,NA
46645,16,NA
46646,18,NA
46647,12,Very Satisfied
46648,14,Very Satisfied
46649,16,Mod. Satisfied
46650,16,NA
46651,16,Very Satisfied
46652,16,NA
46653,18,Mod. Satisfied
46654,16,NA
46655,14,NA
46656,14,Very Satisfied
46657,17,NA
46658,12,Very Satisfied
46659,16,A Little Dissat
46660,14,NA
46661,11,NA
46662,14,Mod. Satisfied
46663,19,NA
46664,12,Very Dissatisfied
46665,12,Mod. Satisfied
46666,14,Mod. Satisfied
46667,16,NA
46668,16,Mod. Satisfied
46669,12,NA
46670,16,Very Satisfied
46671,14,Very Satisfied
46672,16,Mod. Satisfied
46673,19,NA
46674,12,Mod. Satisfied
46675,12,Mod. Satisfied
46676,16,Mod. Satisfied
46677,18,NA
46678,12,NA
46679,16,Very Satisfied
46680,18,NA
46681,14,NA
46682,14,NA
46683,14,A Little Dissat
46684,12,NA
46685,16,NA
46686,16,Mod. Satisfied
46687,14,NA
46688,10,NA
46689,14,NA
46690,14,Mod. Satisfied
46691,16,NA
46692,12,NA
46693,16,Mod. Satisfied
46694,13,Mod. Satisfied
46695,16,NA
46696,20,Very Satisfied
46697,16,NA
46698,20,NA
46699,16,Very Satisfied
46700,12,NA
46701,16,NA
46702,16,NA
46703,12,NA
46704,9,Mod. Satisfied
46705,12,NA
46706,13,Very Satisfied
46707,18,Very Satisfied
46708,18,NA
46709,20,Mod. Satisfied
46710,18,A Little Dissat
46711,13,Mod. Satisfied
46712,16,Very Satisfied
46713,16,NA
46714,18,Mod. Satisfied
46715,20,NA
46716,6,Very Satisfied
46717,12,NA
46718,5,NA
46719,15,Very Satisfied
46720,13,Mod. Satisfied
46721,13,Very Satisfied
46722,15,NA
46723,12,Very Satisfied
46724,16,Mod. Satisfied
46725,16,NA
46726,10,NA
46727,16,NA
46728,12,Very Satisfied
46729,14,NA
46730,14,NA
46731,10,Mod. Satisfied
46732,14,NA
46733,12,Mod. Satisfied
46734,14,Mod. Satisfied
46735,13,NA
46736,14,NA
46737,14,NA
46738,17,Mod. Satisfied
46739,6,Mod. Satisfied
46740,16,NA
46741,17,NA
46742,16,NA
46743,16,Mod. Satisfied
46744,18,NA
46745,14,Mod. Satisfied
46746,18,Mod. Satisfied
46747,15,NA
46748,19,Very Satisfied
46749,16,Very Satisfied
46750,4,Mod. Satisfied
46751,9,NA
46752,12,Mod. Satisfied
46753,12,Very Satisfied
46754,12,NA
46755,12,Very Satisfied
46756,10,NA
46757,14,NA
46758,13,Very Satisfied
46759,16,NA
46760,13,NA
46761,14,Mod. Satisfied
46762,17,A Little Dissat
46763,16,NA
46764,11,Very Satisfied
46765,16,Very Satisfied
46766,12,NA
46767,18,Mod. Satisfied
46768,14,Very Satisfied
46769,12,NA
46770,13,Mod. Satisfied
46771,16,Very Satisfied
46772,17,NA
46773,14,Mod. Satisfied
46774,18,Very Satisfied
46775,18,Mod. Satisfied
46776,12,NA
46777,17,NA
46778,19,NA
46779,16,Very Satisfied
46780,14,Mod. Satisfied
46781,16,NA
46782,12,NA
46783,12,NA
46784,9,NA
46785,10,Mod. Satisfied
46786,3,NA
46787,11,NA
46788,5,Mod. Satisfied
46789,13,NA
46790,15,Very Satisfied
46791,8,NA
46792,13,NA
46793,11,NA
46794,12,Very Satisfied
46795,14,NA
46796,17,NA
46797,11,NA
46798,6,A Little Dissat
46799,16,NA
46800,13,NA
46801,15,Very Dissatisfied
46802,16,Mod. Satisfied
46803,13,Mod. Satisfied
46804,14,Mod. Satisfied
46805,18,NA
46806,14,Mod. Satisfied
46807,15,NA
46808,16,NA
46809,12,Mod. Satisfied
46810,14,Mod. Satisfied
46811,16,Very Satisfied
46812,18,Mod. Satisfied
46813,14,Mod. Satisfied
46814,13,Very Satisfied
46815,12,NA
46816,12,Mod. Satisfied
46817,18,A Little Dissat
46818,20,NA
46819,12,Very Satisfied
46820,14,Very Satisfied
46821,12,NA
46822,15,Mod. Satisfied
46823,16,NA
46824,17,Very Satisfied
46825,12,NA
46826,12,NA
46827,16,NA
46828,18,Mod. Satisfied
46829,16,Mod. Satisfied
46830,14,NA
46831,11,Mod. Satisfied
46832,15,Very Satisfied
46833,16,Very Satisfied
46834,14,NA
46835,13,NA
46836,12,NA
46837,14,NA
46838,20,Very Satisfied
46839,14,NA
46840,17,Very Satisfied
46841,9,NA
46842,12,NA
46843,12,NA
46844,16,NA
46845,14,Very Dissatisfied
46846,16,NA
46847,14,NA
46848,11,Mod. Satisfied
46849,16,Very Satisfied
46850,20,NA
46851,14,Mod. Satisfied
46852,16,NA
46853,17,NA
46854,13,Mod. Satisfied
46855,15,Very Satisfied
46856,17,Very Satisfied
46857,14,NA
46858,14,Mod. Satisfied
46859,14,NA
46860,16,Very Satisfied
46861,15,Mod. Satisfied
46862,17,Mod. Satisfied
46863,12,NA
46864,16,NA
46865,20,NA
46866,20,NA
46867,15,Mod. Satisfied
46868,12,Mod. Satisfied
46869,6,Very Satisfied
46870,16,NA
46871,16,NA
46872,5,Mod. Satisfied
46873,5,NA
46874,12,NA
46875,12,NA
46876,12,Very Satisfied
46877,6,A Little Dissat
46878,12,NA
46879,12,Very Satisfied
46880,6,NA
46881,9,NA
46882,12,Mod. Satisfied
46883,12,Mod. Satisfied
46884,14,NA
46885,16,A Little Dissat
46886,12,Mod. Satisfied
46887,8,NA
46888,14,Very Satisfied
46889,12,NA
46890,15,Very Satisfied
46891,16,Mod. Satisfied
46892,16,Mod. Satisfied
46893,16,NA
46894,16,A Little Dissat
46895,13,NA
46896,12,NA
46897,10,Very Satisfied
46898,6,Mod. Satisfied
46899,9,NA
46900,12,Very Satisfied
46901,12,Very Satisfied
46902,6,Mod. Satisfied
46903,13,Very Satisfied
46904,12,Mod. Satisfied
46905,12,NA
46906,12,Very Satisfied
46907,12,Mod. Satisfied
46908,12,Mod. Satisfied
46909,14,Mod. Satisfied
46910,11,NA
46911,16,NA
46912,12,NA
46913,14,NA
46914,14,Mod. Satisfied
46915,11,Very Satisfied
46916,16,Mod. Satisfied
46917,16,Mod. Satisfied
46918,14,Very Satisfied
46919,15,NA
46920,14,Mod. Satisfied
46921,16,NA
46922,13,Mod. Satisfied
46923,15,Mod. Satisfied
46924,18,Mod. Satisfied
46925,14,NA
46926,17,Very Satisfied
46927,16,Mod. Satisfied
46928,10,Mod. Satisfied
46929,16,NA
46930,14,NA
46931,12,Very Satisfied
46932,12,NA
46933,16,Very Satisfied
46934,12,NA
46935,15,Mod. Satisfied
46936,8,NA
46937,16,Very Satisfied
46938,16,Very Satisfied
46939,12,NA
46940,13,Very Satisfied
46941,12,NA
46942,12,NA
46943,12,NA
46944,14,Very Satisfied
46945,18,NA
46946,12,NA
46947,13,NA
46948,14,Mod. Satisfied
46949,18,NA
46950,20,Mod. Satisfied
46951,12,NA
46952,12,NA
46953,12,NA
46954,20,NA
46955,15,NA
46956,12,NA
46957,6,NA
46958,12,NA
46959,16,Very Satisfied
46960,15,NA
46961,14,Very Satisfied
46962,12,NA
46963,12,NA
46964,12,NA
46965,12,NA
46966,14,NA
46967,12,Very Satisfied
46968,12,Mod. Satisfied
46969,12,Mod. Satisfied
46970,16,Very Satisfied
46971,12,Mod. Satisfied
46972,14,Mod. Satisfied
46973,9,NA
46974,12,NA
46975,13,Mod. Satisfied
46976,13,Very Satisfied
46977,12,NA
46978,13,NA
46979,14,NA
46980,16,Very Satisfied
46981,14,A Little Dissat
46982,14,Very Satisfied
46983,11,Very Satisfied
46984,9,NA
46985,12,NA
46986,12,NA
46987,17,Very Satisfied
46988,16,Very Satisfied
46989,10,NA
46990,16,Very Satisfied
46991,19,Very Satisfied
46992,14,A Little Dissat
46993,16,NA
46994,12,NA
46995,14,NA
46996,19,NA
46997,14,Very Satisfied
46998,12,NA
46999,12,NA
47000,13,NA
47001,16,A Little Dissat
47002,12,NA
47003,NA,Mod. Satisfied
47004,8,NA
47005,14,NA
47006,13,NA
47007,2,Very Satisfied
47008,9,NA
47009,9,NA
47010,15,Mod. Satisfied
47011,16,Very Satisfied
47012,17,Mod. Satisfied
47013,12,NA
47014,16,Mod. Satisfied
47015,16,Very Satisfied
47016,14,Very Satisfied
47017,14,NA
47018,12,Mod. Satisfied
47019,12,NA
47020,11,NA
47021,11,NA
47022,16,NA
47023,8,Mod. Satisfied
47024,14,NA
47025,6,NA
47026,11,Mod. Satisfied
47027,14,NA
47028,11,Very Satisfied
47029,16,Mod. Satisfied
47030,14,Very Satisfied
47031,16,Mod. Satisfied
47032,13,Very Satisfied
47033,10,Very Satisfied
47034,12,NA
47035,12,NA
47036,12,NA
47037,18,NA
47038,14,NA
47039,17,NA
47040,17,NA
47041,13,NA
47042,16,Very Satisfied
47043,18,NA
47044,16,NA
47045,18,Mod. Satisfied
47046,16,NA
47047,13,NA
47048,17,NA
47049,16,NA
47050,20,Very Satisfied
47051,14,NA
47052,12,Mod. Satisfied
47053,16,Very Satisfied
47054,20,Very Satisfied
47055,12,NA
47056,18,Mod. Satisfied
47057,16,NA
47058,12,Mod. Satisfied
47059,16,A Little Dissat
47060,13,NA
47061,16,Very Satisfied
47062,18,Very Satisfied
47063,18,Mod. Satisfied
47064,12,NA
47065,10,NA
47066,12,NA
47067,17,Very Satisfied
47068,16,Very Satisfied
47069,14,Very Satisfied
47070,14,NA
47071,11,Very Satisfied
47072,13,Mod. Satisfied
47073,14,NA
47074,17,NA
47075,14,Very Satisfied
47076,10,NA
47077,12,NA
47078,0,Mod. Satisfied
47079,12,NA
47080,17,Very Satisfied
47081,17,Mod. Satisfied
47082,14,NA
47083,17,NA
47084,13,NA
47085,12,NA
47086,14,NA
47087,13,NA
47088,16,Very Satisfied
47089,12,NA
47090,14,Mod. Satisfied
47091,15,Very Satisfied
47092,16,NA
47093,14,A Little Dissat
47094,16,NA
47095,14,NA
47096,12,NA
47097,12,NA
47098,9,A Little Dissat
47099,16,Mod. Satisfied
47100,15,Very Satisfied
47101,12,Very Satisfied
47102,14,Very Satisfied
47103,16,NA
47104,9,NA
47105,11,Very Satisfied
47106,11,Very Satisfied
47107,12,NA
47108,12,NA
47109,12,NA
47110,7,NA
47111,16,NA
47112,14,NA
47113,12,Very Satisfied
47114,17,NA
47115,12,Mod. Satisfied
47116,12,Mod. Satisfied
47117,13,Very Satisfied
47118,12,NA
47119,12,Very Satisfied
47120,14,Mod. Satisfied
47121,12,Very Satisfied
47122,14,NA
47123,12,NA
47124,17,Mod. Satisfied
47125,16,Very Satisfied
47126,9,Very Satisfied
47127,12,NA
47128,13,Mod. Satisfied
47129,19,Very Satisfied
47130,18,NA
47131,15,Very Satisfied
47132,16,A Little Dissat
47133,18,NA
47134,13,Very Satisfied
47135,18,Very Satisfied
47136,12,NA
47137,14,Very Satisfied
47138,15,Very Dissatisfied
47139,14,Mod. Satisfied
47140,12,NA
47141,16,Very Satisfied
47142,14,Mod. Satisfied
47143,13,Mod. Satisfied
47144,16,Mod. Satisfied
47145,14,NA
47146,15,Very Satisfied
47147,18,Very Dissatisfied
47148,10,Very Satisfied
47149,12,NA
47150,15,NA
47151,14,Very Satisfied
47152,14,NA
47153,16,Very Satisfied
47154,16,NA
47155,11,NA
47156,14,NA
47157,13,NA
47158,19,NA
47159,16,Very Satisfied
47160,12,Mod. Satisfied
47161,12,Very Satisfied
47162,14,Mod. Satisfied
47163,10,NA
47164,12,Mod. Satisfied
47165,18,NA
47166,12,NA
47167,14,Mod. Satisfied
47168,14,Very Satisfied
47169,16,NA
47170,9,NA
47171,11,NA
47172,12,Mod. Satisfied
47173,12,Very Satisfied
47174,12,A Little Dissat
47175,17,Very Satisfied
47176,13,NA
47177,20,Mod. Satisfied
47178,16,NA
47179,8,NA
47180,15,Very Satisfied
47181,15,Very Dissatisfied
47182,15,NA
47183,12,NA
47184,13,NA
47185,14,Very Satisfied
47186,14,NA
47187,13,Very Satisfied
47188,16,A Little Dissat
47189,14,NA
47190,16,NA
47191,12,NA
47192,19,NA
47193,16,NA
47194,12,Mod. Satisfied
47195,2,Very Dissatisfied
47196,16,Very Satisfied
47197,14,NA
47198,16,Mod. Satisfied
47199,12,A Little Dissat
47200,14,NA
47201,14,Mod. Satisfied
47202,16,NA
47203,16,Very Satisfied
47204,11,NA
47205,16,NA
47206,20,NA
47207,16,NA
47208,16,Very Satisfied
47209,16,NA
47210,12,NA
47211,15,NA
47212,15,Very Satisfied
47213,9,NA
47214,16,Very Satisfied
47215,13,Very Satisfied
47216,12,Very Dissatisfied
47217,6,Mod. Satisfied
47218,8,NA
47219,12,Mod. Satisfied
47220,14,Mod. Satisfied
47221,14,Very Satisfied
47222,10,Mod. Satisfied
47223,0,NA
47224,16,Very Satisfied
47225,14,NA
47226,13,NA
47227,14,Mod. Satisfied
47228,12,NA
47229,16,NA
47230,16,NA
47231,12,Very Satisfied
47232,18,Very Satisfied
47233,18,NA
47234,13,NA
47235,12,NA
47236,14,NA
47237,14,NA
47238,14,Mod. Satisfied
47239,12,A Little Dissat
47240,14,NA
47241,12,NA
47242,14,Mod. Satisfied
47243,12,NA
47244,18,NA
47245,12,NA
47246,13,NA
47247,11,Very Satisfied
47248,12,A Little Dissat
47249,12,Very Satisfied
47250,13,Very Satisfied
47251,14,Mod. Satisfied
47252,10,NA
47253,13,NA
47254,11,Very Satisfied
47255,14,Mod. Satisfied
47256,16,Very Satisfied
47257,2,Mod. Satisfied
47258,17,NA
47259,8,NA
47260,11,A Little Dissat
47261,11,Very Satisfied
47262,12,Very Satisfied
47263,18,Very Satisfied
47264,8,NA
47265,12,NA
47266,15,NA
47267,6,Mod. Satisfied
47268,14,Very Dissatisfied
47269,3,Mod. Satisfied
47270,14,Very Satisfied
47271,16,Mod. Satisfied
47272,9,NA
47273,10,NA
47274,12,Very Satisfied
47275,14,NA
47276,12,A Little Dissat
47277,17,Mod. Satisfied
47278,18,Mod. Satisfied
47279,12,Very Satisfied
47280,13,NA
47281,5,NA
47282,19,Very Satisfied
47283,15,NA
47284,13,Very Satisfied
47285,12,NA
47286,20,NA
47287,12,NA
47288,10,NA
47289,12,NA
47290,12,Mod. Satisfied
47291,11,Very Satisfied
47292,9,NA
47293,12,NA
47294,14,NA
47295,11,A Little Dissat
47296,12,Mod. Satisfied
47297,13,Very Satisfied
47298,11,Mod. Satisfied
47299,15,NA
47300,11,Mod. Satisfied
47301,11,NA
47302,18,Very Satisfied
47303,16,Very Satisfied
47304,18,NA
47305,18,NA
47306,20,NA
47307,13,NA
47308,20,Very Satisfied
47309,11,NA
47310,15,NA
47311,20,Very Satisfied
47312,14,NA
47313,20,NA
47314,12,Very Satisfied
47315,12,Mod. Satisfied
47316,12,NA
47317,14,Mod. Satisfied
47318,10,Mod. Satisfied
47319,17,Mod. Satisfied
47320,16,Mod. Satisfied
47321,12,Very Satisfied
47322,16,Very Satisfied
47323,12,NA
47324,16,NA
47325,9,NA
47326,15,Mod. Satisfied
47327,15,NA
47328,9,Mod. Satisfied
47329,16,Very Satisfied
47330,12,NA
47331,12,NA
47332,2,Mod. Satisfied
47333,13,Mod. Satisfied
47334,11,NA
47335,13,NA
47336,13,Very Satisfied
47337,12,NA
47338,12,NA
47339,3,NA
47340,14,Very Satisfied
47341,10,Very Satisfied
47342,12,NA
47343,12,Very Dissatisfied
47344,10,NA
47345,13,NA
47346,9,Very Satisfied
47347,15,NA
47348,16,Very Satisfied
47349,14,Very Satisfied
47350,14,Very Satisfied
47351,14,NA
47352,19,NA
47353,16,Very Satisfied
47354,16,A Little Dissat
47355,14,Very Satisfied
47356,12,Very Satisfied
47357,18,Very Satisfied
47358,12,NA
47359,16,NA
47360,13,NA
47361,11,Mod. Satisfied
47362,12,NA
47363,16,Mod. Satisfied
47364,13,Very Satisfied
47365,14,Mod. Satisfied
47366,14,Very Satisfied
47367,14,Very Satisfied
47368,11,NA
47369,6,Very Satisfied
47370,9,NA
47371,12,Very Dissatisfied
47372,5,Very Satisfied
47373,7,NA
47374,13,A Little Dissat
47375,11,Mod. Satisfied
47376,11,Very Satisfied
47377,6,NA
47378,16,NA
47379,8,NA
47380,18,A Little Dissat
47381,13,Very Satisfied
47382,15,Very Satisfied
47383,14,Very Satisfied
47384,14,Mod. Satisfied
47385,16,NA
47386,12,Mod. Satisfied
47387,14,NA
47388,14,Mod. Satisfied
47389,15,NA
47390,13,NA
47391,12,Mod. Satisfied
47392,14,NA
47393,9,Very Dissatisfied
47394,16,Mod. Satisfied
47395,16,NA
47396,12,NA
47397,6,A Little Dissat
47398,15,NA
47399,18,Very Satisfied
47400,13,Very Satisfied
47401,16,Very Satisfied
47402,9,NA
47403,0,NA
47404,12,NA
47405,14,NA
47406,18,NA
47407,15,Mod. Satisfied
47408,11,NA
47409,13,NA
47410,13,NA
47411,13,Very Satisfied
47412,14,Very Satisfied
47413,9,Very Satisfied
47414,14,A Little Dissat
47415,14,Mod. Satisfied
47416,12,Very Satisfied
47417,11,A Little Dissat
47418,14,Very Dissatisfied
47419,11,NA
47420,14,Very Satisfied
47421,12,NA
47422,15,NA
47423,14,NA
47424,12,NA
47425,16,NA
47426,14,A Little Dissat
47427,14,Mod. Satisfied
47428,16,Mod. Satisfied
47429,15,Mod. Satisfied
47430,14,Mod. Satisfied
47431,18,Very Satisfied
47432,15,NA
47433,16,NA
47434,14,NA
47435,12,Mod. Satisfied
47436,6,NA
47437,16,Mod. Satisfied
47438,12,Very Satisfied
47439,14,NA
47440,16,A Little Dissat
47441,16,Very Satisfied
47442,12,NA
47443,0,A Little Dissat
47444,14,A Little Dissat
47445,12,NA
47446,9,Very Satisfied
47447,12,NA
47448,12,NA
47449,6,NA
47450,18,Mod. Satisfied
47451,16,Very Satisfied
47452,12,Mod. Satisfied
47453,12,NA
47454,NA,NA
47455,14,NA
47456,14,NA
47457,14,Mod. Satisfied
47458,12,Mod. Satisfied
47459,12,Mod. Satisfied
47460,6,Mod. Satisfied
47461,12,NA
47462,11,Mod. Satisfied
47463,0,Mod. Satisfied
47464,6,Mod. Satisfied
47465,12,Very Satisfied
47466,12,NA
47467,10,NA
47468,3,NA
47469,0,A Little Dissat
47470,18,Very Satisfied
47471,14,NA
47472,16,A Little Dissat
47473,16,NA
47474,16,NA
47475,19,NA
47476,7,Mod. Satisfied
47477,16,NA
47478,16,Mod. Satisfied
47479,14,Mod. Satisfied
47480,14,NA
47481,18,Mod. Satisfied
47482,18,Mod. Satisfied
47483,16,NA
47484,16,Very Satisfied
47485,12,NA
47486,16,NA
47487,16,Very Satisfied
47488,18,NA
47489,18,Mod. Satisfied
47490,16,NA
47491,16,NA
47492,17,Mod. Satisfied
47493,16,NA
47494,16,Mod. Satisfied
47495,16,Very Satisfied
47496,16,Mod. Satisfied
47497,16,Mod. Satisfied
47498,12,NA
47499,18,NA
47500,12,A Little Dissat
47501,16,Very Satisfied
47502,16,NA
47503,16,NA
47504,14,NA
47505,8,Mod. Satisfied
47506,14,Mod. Satisfied
47507,12,NA
47508,18,NA
47509,13,NA
47510,9,NA
47511,12,NA
47512,12,NA
47513,2,NA
47514,14,Mod. Satisfied
47515,16,Very Satisfied
47516,16,Very Satisfied
47517,20,Very Satisfied
47518,16,NA
47519,14,NA
47520,18,Very Satisfied
47521,13,Very Satisfied
47522,15,NA
47523,17,Mod. Satisfied
47524,12,A Little Dissat
47525,12,Very Satisfied
47526,9,A Little Dissat
47527,5,NA
47528,12,Mod. Satisfied
47529,12,Very Satisfied
47530,16,Very Satisfied
47531,1,Mod. Satisfied
47532,19,NA
47533,16,NA
47534,16,Very Satisfied
47535,20,A Little Dissat
47536,18,NA
47537,12,Very Satisfied
47538,7,A Little Dissat
47539,13,Very Satisfied
47540,14,NA
47541,12,Mod. Satisfied
47542,12,Mod. Satisfied
47543,14,NA
47544,14,Very Dissatisfied
47545,8,NA
47546,12,Very Satisfied
47547,14,Very Satisfied
47548,14,Mod. Satisfied
47549,0,NA
47550,6,NA
47551,19,NA
47552,12,Mod. Satisfied
47553,9,NA
47554,16,NA
47555,14,NA
47556,12,Very Satisfied
47557,15,Very Satisfied
47558,12,NA
47559,14,Mod. Satisfied
47560,9,NA
47561,14,Very Satisfied
47562,15,Very Satisfied
47563,11,NA
47564,12,NA
47565,10,A Little Dissat
47566,14,Very Satisfied
47567,18,Very Satisfied
47568,16,NA
47569,13,NA
47570,19,Very Satisfied
47571,16,Very Satisfied
47572,13,NA
47573,12,NA
47574,16,NA
47575,12,NA
47576,17,NA
47577,16,NA
47578,16,NA
47579,14,Mod. Satisfied
47580,7,NA
47581,14,NA
47582,12,NA
47583,17,Mod. Satisfied
47584,19,Mod. Satisfied
47585,7,NA
47586,19,NA
47587,18,Mod. Satisfied
47588,13,NA
47589,18,A Little Dissat
47590,7,NA
47591,13,Mod. Satisfied
47592,12,NA
47593,12,NA
47594,7,NA
47595,16,NA
47596,9,NA
47597,20,NA
47598,16,Very Satisfied
47599,16,NA
47600,16,Very Satisfied
47601,20,NA
47602,14,NA
47603,20,NA
47604,13,Very Satisfied
47605,16,NA
47606,12,NA
47607,16,Mod. Satisfied
47608,16,Mod. Satisfied
47609,13,Mod. Satisfied
47610,18,A Little Dissat
47611,16,NA
47612,16,Very Satisfied
47613,20,NA
47614,14,NA
47615,12,Very Satisfied
47616,13,Very Satisfied
47617,11,Very Satisfied
47618,12,Mod. Satisfied
47619,18,NA
47620,16,NA
47621,12,NA
47622,16,NA
47623,16,NA
47624,18,NA
47625,17,NA
47626,13,Very Satisfied
47627,20,NA
47628,18,NA
47629,11,NA
47630,16,Very Satisfied
47631,14,NA
47632,14,NA
47633,15,Very Dissatisfied
47634,12,Mod. Satisfied
47635,12,Mod. Satisfied
47636,10,NA
47637,12,NA
47638,17,Very Satisfied
47639,12,Very Satisfied
47640,16,Mod. Satisfied
47641,14,Very Satisfied
47642,12,NA
47643,18,Mod. Satisfied
47644,14,NA
47645,12,A Little Dissat
47646,12,NA
47647,14,NA
47648,14,NA
47649,17,Very Satisfied
47650,18,NA
47651,14,Very Satisfied
47652,2,NA
47653,16,NA
47654,18,NA
47655,16,Mod. Satisfied
47656,17,NA
47657,16,Very Satisfied
47658,18,Mod. Satisfied
47659,10,NA
47660,14,Very Satisfied
47661,13,NA
47662,12,NA
47663,13,NA
47664,14,NA
47665,12,NA
47666,14,Very Satisfied
47667,16,Very Satisfied
47668,6,Very Satisfied
47669,8,NA
47670,10,NA
47671,11,Very Satisfied
47672,12,A Little Dissat
47673,16,Mod. Satisfied
47674,12,Very Satisfied
47675,15,Mod. Satisfied
47676,17,Mod. Satisfied
47677,16,Mod. Satisfied
47678,14,A Little Dissat
47679,12,Very Satisfied
47680,14,Very Satisfied
47681,12,Very Satisfied
47682,12,NA
47683,16,NA
47684,9,NA
47685,14,Mod. Satisfied
47686,15,Mod. Satisfied
47687,19,Mod. Satisfied
47688,19,Very Satisfied
47689,16,Mod. Satisfied
47690,11,NA
47691,12,NA
47692,14,Very Satisfied
47693,16,Mod. Satisfied
47694,16,Very Satisfied
47695,16,Very Satisfied
47696,15,A Little Dissat
47697,16,Very Satisfied
47698,12,Mod. Satisfied
47699,14,Very Satisfied
47700,15,NA
47701,12,Mod. Satisfied
47702,9,NA
47703,11,A Little Dissat
47704,11,NA
47705,15,NA
47706,11,Mod. Satisfied
47707,14,NA
47708,11,NA
47709,15,Mod. Satisfied
47710,12,NA
47711,16,Very Satisfied
47712,12,Mod. Satisfied
47713,20,NA
47714,14,NA
47715,13,NA
47716,12,Very Satisfied
47717,16,Very Satisfied
47718,16,Mod. Satisfied
47719,17,NA
47720,13,NA
47721,13,NA
47722,18,Mod. Satisfied
47723,16,NA
47724,12,NA
47725,12,Mod. Satisfied
47726,12,Mod. Satisfied
47727,14,NA
47728,18,NA
47729,5,Mod. Satisfied
47730,14,Very Satisfied
47731,16,Mod. Satisfied
47732,17,NA
47733,12,Mod. Satisfied
47734,16,NA
47735,18,Mod. Satisfied
47736,12,NA
47737,12,NA
47738,8,Very Satisfied
47739,0,NA
47740,15,Very Satisfied
47741,10,NA
47742,2,NA
47743,2,NA
47744,9,Very Dissatisfied
47745,14,Very Satisfied
47746,2,Mod. Satisfied
47747,10,Very Satisfied
47748,13,NA
47749,13,Very Satisfied
47750,13,Very Satisfied
47751,19,Very Satisfied
47752,15,NA
47753,12,NA
47754,6,Mod. Satisfied
47755,12,Very Satisfied
47756,13,NA
47757,6,NA
47758,12,Very Satisfied
47759,2,Very Satisfied
47760,2,NA
47761,14,Very Satisfied
47762,18,Very Satisfied
47763,2,Mod. Satisfied
47764,19,NA
47765,10,NA
47766,15,NA
47767,20,Very Satisfied
47768,12,NA
47769,14,A Little Dissat
47770,14,NA
47771,20,Mod. Satisfied
47772,16,Mod. Satisfied
47773,16,NA
47774,18,Very Satisfied
47775,14,Very Satisfied
47776,13,NA
47777,12,NA
47778,14,Very Satisfied
47779,13,NA
47780,12,Mod. Satisfied
47781,12,Very Satisfied
47782,16,Very Satisfied
47783,0,NA
47784,12,Very Satisfied
47785,12,NA
47786,12,NA
47787,13,Very Satisfied
47788,16,NA
47789,17,Very Satisfied
47790,12,NA
47791,14,NA
47792,16,A Little Dissat
47793,12,Mod. Satisfied
47794,12,NA
47795,12,Very Satisfied
47796,11,NA
47797,12,Mod. Satisfied
47798,16,NA
47799,14,Mod. Satisfied
47800,14,Mod. Satisfied
47801,13,NA
47802,16,NA
47803,20,NA
47804,12,NA
47805,15,Mod. Satisfied
47806,9,NA
47807,13,Mod. Satisfied
47808,15,Very Dissatisfied
47809,12,NA
47810,12,NA
47811,14,Very Satisfied
47812,15,Mod. Satisfied
47813,14,Very Satisfied
47814,12,NA
47815,13,Mod. Satisfied
47816,12,NA
47817,18,NA
47818,18,NA
47819,16,Very Satisfied
47820,16,Very Satisfied
47821,18,NA
47822,12,A Little Dissat
47823,19,A Little Dissat
47824,16,NA
47825,15,NA
47826,16,NA
47827,12,Mod. Satisfied
47828,10,NA
47829,16,NA
47830,14,Very Satisfied
47831,12,Very Satisfied
47832,14,A Little Dissat
47833,12,NA
47834,13,Mod. Satisfied
47835,11,NA
47836,16,Mod. Satisfied
47837,16,NA
47838,12,NA
47839,16,NA
47840,15,Very Satisfied
47841,12,NA
47842,16,Very Satisfied
47843,12,NA
47844,13,NA
47845,12,NA
47846,12,NA
47847,9,Mod. Satisfied
47848,10,Mod. Satisfied
47849,12,NA
47850,16,NA
47851,16,A Little Dissat
47852,12,A Little Dissat
47853,17,A Little Dissat
47854,16,NA
47855,20,Mod. Satisfied
47856,16,Very Satisfied
47857,16,Mod. Satisfied
47858,14,Very Satisfied
47859,14,NA
47860,14,Very Satisfied
47861,12,A Little Dissat
47862,12,Very Dissatisfied
47863,8,NA
47864,10,NA
47865,16,Mod. Satisfied
47866,14,NA
47867,16,Very Satisfied
47868,13,Very Satisfied
47869,13,A Little Dissat
47870,12,Mod. Satisfied
47871,12,A Little Dissat
47872,16,NA
47873,12,NA
47874,14,Mod. Satisfied
47875,14,NA
47876,9,NA
47877,12,NA
47878,16,NA
47879,11,NA
47880,14,NA
47881,12,Mod. Satisfied
47882,12,NA
47883,13,Very Satisfied
47884,13,NA
47885,13,A Little Dissat
47886,10,NA
47887,12,Mod. Satisfied
47888,12,Very Satisfied
47889,14,Mod. Satisfied
47890,14,Mod. Satisfied
47891,14,NA
47892,12,Very Satisfied
47893,14,Very Satisfied
47894,14,Mod. Satisfied
47895,13,Mod. Satisfied
47896,18,Very Satisfied
47897,14,Very Satisfied
47898,12,NA
47899,16,NA
47900,11,NA
47901,8,Very Satisfied
47902,18,NA
47903,12,NA
47904,16,NA
47905,12,Mod. Satisfied
47906,13,NA
47907,12,NA
47908,14,NA
47909,12,Very Dissatisfied
47910,16,NA
47911,16,Mod. Satisfied
47912,16,Very Satisfied
47913,12,NA
47914,13,NA
47915,12,NA
47916,17,Very Satisfied
47917,12,NA
47918,14,Very Satisfied
47919,12,NA
47920,12,Mod. Satisfied
47921,12,NA
47922,16,Mod. Satisfied
47923,16,Very Satisfied
47924,13,Very Satisfied
47925,16,NA
47926,18,Very Satisfied
47927,12,NA
47928,17,NA
47929,14,NA
47930,18,Very Satisfied
47931,14,NA
47932,10,Very Satisfied
47933,13,Very Satisfied
47934,2,Very Satisfied
47935,12,NA
47936,11,A Little Dissat
47937,15,Mod. Satisfied
47938,14,NA
47939,15,NA
47940,18,NA
47941,20,NA
47942,16,NA
47943,12,NA
47944,14,NA
47945,15,NA
47946,18,NA
47947,18,NA
47948,17,Very Satisfied
47949,16,NA
47950,16,NA
47951,14,NA
47952,16,Very Satisfied
47953,15,Mod. Satisfied
47954,16,A Little Dissat
47955,18,NA
47956,14,Very Satisfied
47957,11,NA
47958,20,NA
47959,17,Mod. Satisfied
47960,14,Mod. Satisfied
47961,15,NA
47962,1,NA
47963,12,NA
47964,9,Very Satisfied
47965,7,Very Satisfied
47966,5,NA
47967,2,Very Satisfied
47968,11,NA
47969,12,NA
47970,19,Very Satisfied
47971,16,Very Satisfied
47972,12,Mod. Satisfied
47973,17,NA
47974,12,NA
47975,16,NA
47976,13,NA
47977,5,NA
47978,18,Mod. Satisfied
47979,16,NA
47980,16,NA
47981,15,Very Satisfied
47982,18,NA
47983,14,Very Satisfied
47984,13,Mod. Satisfied
47985,16,Very Satisfied
47986,18,A Little Dissat
47987,18,NA
47988,19,A Little Dissat
47989,16,NA
47990,14,A Little Dissat
47991,18,Mod. Satisfied
47992,20,NA
47993,14,NA
47994,14,NA
47995,17,Very Satisfied
47996,12,Mod. Satisfied
47997,13,NA
47998,14,A Little Dissat
47999,16,NA
48000,13,Very Satisfied
48001,14,Very Dissatisfied
48002,18,Very Dissatisfied
48003,15,Very Satisfied
48004,14,NA
48005,16,A Little Dissat
48006,16,NA
48007,16,NA
48008,12,Very Satisfied
48009,16,NA
48010,16,NA
48011,12,Mod. Satisfied
48012,17,NA
48013,17,Mod. Satisfied
48014,19,Very Satisfied
48015,19,NA
48016,16,Mod. Satisfied
48017,16,Very Satisfied
48018,11,NA
48019,15,Mod. Satisfied
48020,14,NA
48021,6,NA
48022,14,Very Satisfied
48023,12,Very Satisfied
48024,11,Very Satisfied
48025,6,NA
48026,13,NA
48027,12,NA
48028,9,NA
48029,10,Very Satisfied
48030,12,Mod. Satisfied
48031,12,Very Satisfied
48032,9,NA
48033,6,Very Satisfied
48034,14,NA
48035,15,NA
48036,13,NA
48037,16,NA
48038,19,Mod. Satisfied
48039,16,NA
48040,20,Very Satisfied
48041,10,Very Satisfied
48042,14,NA
48043,10,Very Satisfied
48044,15,Mod. Satisfied
48045,12,NA
48046,12,Mod. Satisfied
48047,16,Very Satisfied
48048,18,Mod. Satisfied
48049,12,NA
48050,18,Mod. Satisfied
48051,12,Very Satisfied
48052,12,NA
48053,12,Very Satisfied
48054,19,NA
48055,16,NA
48056,14,NA
48057,13,NA
48058,16,NA
48059,18,NA
48060,12,Mod. Satisfied
48061,12,NA
48062,12,NA
48063,11,Mod. Satisfied
48064,18,Mod. Satisfied
48065,12,Very Satisfied
48066,13,NA
48067,12,NA
48068,13,NA
48069,13,NA
48070,17,Very Satisfied
48071,16,NA
48072,12,A Little Dissat
48073,12,NA
48074,20,Mod. Satisfied
48075,13,NA
48076,16,Very Satisfied
48077,16,NA
48078,19,Very Satisfied
48079,20,Very Satisfied
48080,12,NA
48081,12,Very Satisfied
48082,16,NA
48083,13,NA
48084,13,Very Satisfied
48085,13,Very Satisfied
48086,14,Very Satisfied
48087,14,NA
48088,12,NA
48089,6,NA
48090,16,NA
48091,16,NA
48092,12,Very Dissatisfied
48093,12,A Little Dissat
48094,4,Very Satisfied
48095,NA,Very Dissatisfied
48096,14,NA
48097,9,Very Satisfied
48098,13,NA
48099,14,Very Satisfied
48100,12,NA
48101,14,Mod. Satisfied
48102,13,Very Satisfied
48103,6,NA
48104,13,Very Satisfied
48105,13,NA
48106,12,NA
48107,12,NA
48108,12,Mod. Satisfied
48109,12,Mod. Satisfied
48110,12,NA
48111,12,NA
48112,11,NA
48113,14,NA
48114,16,Mod. Satisfied
48115,16,Mod. Satisfied
48116,16,Very Satisfied
48117,16,Very Satisfied
48118,16,Very Satisfied
48119,16,NA
48120,15,Mod. Satisfied
48121,13,A Little Dissat
48122,14,NA
48123,9,Very Satisfied
48124,10,A Little Dissat
48125,14,NA
48126,16,Mod. Satisfied
48127,11,Mod. Satisfied
48128,12,NA
48129,12,Mod. Satisfied
48130,15,Mod. Satisfied
48131,16,Very Satisfied
48132,12,NA
48133,14,Mod. Satisfied
48134,17,Very Satisfied
48135,12,A Little Dissat
48136,12,Mod. Satisfied
48137,14,NA
48138,12,NA
48139,12,Very Satisfied
48140,12,NA
48141,12,NA
48142,13,Very Satisfied
48143,12,Very Satisfied
48144,12,Mod. Satisfied
48145,12,NA
48146,12,Very Satisfied
48147,15,Mod. Satisfied
48148,14,NA
48149,12,A Little Dissat
48150,15,NA
48151,17,NA
48152,10,NA
48153,9,NA
48154,8,Very Satisfied
48155,9,NA
48156,12,NA
48157,7,NA
48158,12,NA
48159,15,Mod. Satisfied
48160,12,Very Satisfied
48161,20,NA
48162,18,NA
48163,14,NA
48164,19,NA
48165,14,Very Satisfied
48166,2,NA
48167,12,NA
48168,15,Very Satisfied
48169,18,Mod. Satisfied
48170,14,NA
48171,16,NA
48172,15,NA
48173,12,NA
48174,13,NA
48175,16,Very Satisfied
48176,12,Very Satisfied
48177,12,NA
48178,12,Very Satisfied
48179,16,Very Satisfied
48180,18,NA
48181,16,Very Satisfied
48182,16,NA
48183,18,Very Satisfied
48184,16,Very Satisfied
48185,10,Very Satisfied
48186,10,NA
48187,11,NA
48188,13,NA
48189,11,NA
48190,12,NA
48191,12,NA
48192,14,NA
48193,14,NA
48194,13,NA
48195,12,A Little Dissat
48196,12,Mod. Satisfied
48197,10,NA
48198,12,NA
48199,12,A Little Dissat
48200,13,A Little Dissat
48201,14,Very Satisfied
48202,11,A Little Dissat
48203,13,Very Satisfied
48204,20,Mod. Satisfied
48205,0,NA
48206,13,Very Satisfied
48207,16,Very Satisfied
48208,12,Very Satisfied
48209,20,Very Satisfied
48210,14,Very Satisfied
48211,20,Very Satisfied
48212,17,NA
48213,15,Very Satisfied
48214,14,Very Satisfied
48215,13,NA
48216,16,NA
48217,15,Mod. Satisfied
48218,14,Very Satisfied
48219,12,Mod. Satisfied
48220,8,NA
48221,14,NA
48222,13,NA
48223,16,NA
48224,2,Very Satisfied
48225,13,NA
48226,9,NA
48227,7,NA
48228,2,NA
48229,12,NA
48230,14,Very Dissatisfied
48231,9,Very Dissatisfied
48232,12,Mod. Satisfied
48233,12,NA
48234,8,NA
48235,2,Very Satisfied
48236,12,Very Satisfied
48237,20,Mod. Satisfied
48238,13,NA
48239,14,NA
48240,12,NA
48241,12,NA
48242,12,NA
48243,13,Very Satisfied
48244,11,NA
48245,12,A Little Dissat
48246,13,NA
48247,14,Mod. Satisfied
48248,12,Mod. Satisfied
48249,17,Very Satisfied
48250,16,NA
48251,12,Mod. Satisfied
48252,12,NA
48253,14,NA
48254,9,NA
48255,16,Mod. Satisfied
48256,11,Very Satisfied
48257,16,Very Dissatisfied
48258,18,NA
48259,16,Very Satisfied
48260,12,NA
48261,12,NA
48262,16,NA
48263,16,Mod. Satisfied
48264,14,NA
48265,16,Very Satisfied
48266,12,NA
48267,16,NA
48268,13,Mod. Satisfied
48269,18,Very Satisfied
48270,20,NA
48271,12,NA
48272,16,Very Satisfied
48273,9,NA
48274,14,NA
48275,14,NA
48276,10,Very Satisfied
48277,18,Mod. Satisfied
48278,15,NA
48279,12,NA
48280,11,NA
48281,9,NA
48282,12,NA
48283,12,Very Dissatisfied
48284,14,NA
48285,12,NA
48286,12,NA
48287,15,NA
48288,12,NA
48289,12,NA
48290,17,NA
48291,18,Very Satisfied
48292,11,Mod. Satisfied
48293,16,Very Satisfied
48294,12,Very Satisfied
48295,6,NA
48296,7,Mod. Satisfied
48297,14,NA
48298,12,NA
48299,18,NA
48300,12,Very Satisfied
48301,14,Mod. Satisfied
48302,13,Very Satisfied
48303,12,NA
48304,19,Very Satisfied
48305,16,NA
48306,12,Mod. Satisfied
48307,14,Very Satisfied
48308,16,NA
48309,13,NA
48310,12,NA
48311,12,NA
48312,14,NA
48313,12,NA
48314,14,NA
48315,13,Very Satisfied
48316,12,NA
48317,14,Very Satisfied
48318,18,NA
48319,14,NA
48320,15,NA
48321,12,NA
48322,17,Very Satisfied
48323,12,Very Satisfied
48324,16,Mod. Satisfied
48325,18,NA
48326,6,NA
48327,12,NA
48328,14,Very Satisfied
48329,11,NA
48330,12,NA
48331,15,NA
48332,14,Mod. Satisfied
48333,14,Very Satisfied
48334,16,Mod. Satisfied
48335,17,Mod. Satisfied
48336,18,Very Satisfied
48337,14,Very Satisfied
48338,9,Mod. Satisfied
48339,13,NA
48340,14,NA
48341,13,Very Satisfied
48342,12,NA
48343,15,NA
48344,12,NA
48345,16,Very Satisfied
48346,15,Mod. Satisfied
48347,14,Very Satisfied
48348,16,Very Satisfied
48349,18,NA
48350,12,NA
48351,13,NA
48352,16,NA
48353,13,NA
48354,12,NA
48355,NA,NA
48356,12,Very Satisfied
48357,12,NA
48358,18,Very Satisfied
48359,16,Very Satisfied
48360,14,Very Dissatisfied
48361,10,NA
48362,13,Mod. Satisfied
48363,12,Very Satisfied
48364,12,Mod. Satisfied
48365,12,Mod. Satisfied
48366,10,NA
48367,13,Mod. Satisfied
48368,12,NA
48369,13,NA
48370,12,Very Satisfied
48371,12,NA
48372,15,Very Satisfied
48373,12,NA
48374,12,NA
48375,16,NA
48376,16,Mod. Satisfied
48377,12,NA
48378,13,NA
48379,14,NA
48380,12,NA
48381,17,NA
48382,10,NA
48383,15,NA
48384,12,NA
48385,16,Very Satisfied
48386,11,NA
48387,12,NA
48388,8,NA
48389,12,NA
48390,12,A Little Dissat
48391,12,NA
48392,12,NA
48393,14,NA
48394,17,Very Satisfied
48395,7,NA
48396,12,NA
48397,12,NA
48398,12,NA
48399,12,Mod. Satisfied
48400,11,NA
48401,19,Mod. Satisfied
48402,12,NA
48403,12,NA
48404,17,NA
48405,12,Mod. Satisfied
48406,9,NA
48407,14,Mod. Satisfied
48408,15,Mod. Satisfied
48409,10,NA
48410,16,NA
48411,19,NA
48412,16,NA
48413,12,NA
48414,12,NA
48415,12,Mod. Satisfied
48416,11,NA
48417,16,NA
48418,17,A Little Dissat
48419,13,NA
48420,11,NA
48421,12,NA
48422,12,NA
48423,14,Mod. Satisfied
48424,20,Very Satisfied
48425,14,NA
48426,5,Mod. Satisfied
48427,12,Mod. Satisfied
48428,8,NA
48429,12,NA
48430,12,NA
48431,12,A Little Dissat
48432,14,A Little Dissat
48433,20,NA
48434,10,NA
48435,19,NA
48436,12,NA
48437,14,Very Satisfied
48438,16,NA
48439,12,A Little Dissat
48440,16,NA
48441,16,Mod. Satisfied
48442,12,Mod. Satisfied
48443,12,NA
48444,6,Very Satisfied
48445,12,Very Satisfied
48446,10,NA
48447,6,Mod. Satisfied
48448,14,Very Satisfied
48449,14,Very Satisfied
48450,11,Mod. Satisfied
48451,18,Mod. Satisfied
48452,19,Very Satisfied
48453,13,Very Dissatisfied
48454,12,NA
48455,15,NA
48456,12,NA
48457,14,NA
48458,12,NA
48459,11,Mod. Satisfied
48460,12,NA
48461,12,NA
48462,12,NA
48463,16,NA
48464,12,NA
48465,18,NA
48466,16,Mod. Satisfied
48467,12,Very Satisfied
48468,7,NA
48469,12,NA
48470,12,NA
48471,12,Mod. Satisfied
48472,14,A Little Dissat
48473,13,NA
48474,16,NA
48475,12,NA
48476,12,NA
48477,13,NA
48478,14,Mod. Satisfied
48479,16,NA
48480,16,Very Satisfied
48481,12,NA
48482,16,Very Satisfied
48483,13,NA
48484,11,NA
48485,14,Very Satisfied
48486,9,Very Satisfied
48487,12,Mod. Satisfied
48488,9,NA
48489,20,Very Satisfied
48490,14,NA
48491,11,Mod. Satisfied
48492,12,NA
48493,16,Very Satisfied
48494,13,Mod. Satisfied
48495,14,Mod. Satisfied
48496,12,Very Satisfied
48497,18,Very Satisfied
48498,12,Mod. Satisfied
48499,20,Mod. Satisfied
48500,12,NA
48501,15,A Little Dissat
48502,12,NA
48503,12,Mod. Satisfied
48504,12,NA
48505,13,NA
48506,12,Very Satisfied
48507,16,NA
48508,17,NA
48509,12,Very Satisfied
48510,14,NA
48511,20,NA
48512,13,Very Satisfied
48513,12,NA
48514,15,Very Satisfied
48515,16,NA
48516,16,NA
48517,12,Very Satisfied
48518,20,Mod. Satisfied
48519,20,NA
48520,19,Mod. Satisfied
48521,12,A Little Dissat
48522,16,Very Satisfied
48523,8,NA
48524,12,NA
48525,20,NA
48526,12,Mod. Satisfied
48527,12,NA
48528,12,Mod. Satisfied
48529,16,NA
48530,16,NA
48531,12,NA
48532,12,NA
48533,8,NA
48534,12,NA
48535,15,Very Satisfied
48536,11,NA
48537,8,NA
48538,15,Mod. Satisfied
48539,14,Mod. Satisfied
48540,10,NA
48541,0,Mod. Satisfied
48542,12,Very Satisfied
48543,12,A Little Dissat
48544,12,Mod. Satisfied
48545,10,Mod. Satisfied
48546,12,Mod. Satisfied
48547,16,NA
48548,8,NA
48549,9,Very Satisfied
48550,11,NA
48551,14,NA
48552,8,NA
48553,17,NA
48554,2,NA
48555,10,Very Dissatisfied
48556,14,Very Satisfied
48557,13,A Little Dissat
48558,20,Very Satisfied
48559,10,Mod. Satisfied
48560,14,Mod. Satisfied
48561,18,Very Satisfied
48562,16,NA
48563,16,NA
48564,14,A Little Dissat
48565,18,Very Satisfied
48566,13,NA
48567,15,NA
48568,12,Very Satisfied
48569,16,Mod. Satisfied
48570,17,NA
48571,16,Very Satisfied
48572,12,Very Satisfied
48573,14,NA
48574,18,NA
48575,17,Very Satisfied
48576,13,Mod. Satisfied
48577,13,Very Satisfied
48578,14,Mod. Satisfied
48579,12,NA
48580,12,Mod. Satisfied
48581,13,A Little Dissat
48582,17,Mod. Satisfied
48583,16,NA
48584,20,Very Satisfied
48585,14,NA
48586,16,NA
48587,16,Very Satisfied
48588,12,NA
48589,12,NA
48590,16,NA
48591,16,Very Satisfied
48592,15,NA
48593,13,NA
48594,12,Very Satisfied
48595,12,Very Satisfied
48596,13,NA
48597,15,NA
48598,12,Very Satisfied
48599,17,Mod. Satisfied
48600,12,NA
48601,12,NA
48602,13,NA
48603,14,NA
48604,12,Very Satisfied
48605,16,Mod. Satisfied
48606,17,Very Satisfied
48607,16,Mod. Satisfied
48608,17,Mod. Satisfied
48609,15,Very Satisfied
48610,12,Mod. Satisfied
48611,14,NA
48612,12,Mod. Satisfied
48613,13,Mod. Satisfied
48614,20,Very Satisfied
48615,12,NA
48616,12,NA
48617,19,NA
48618,16,Very Satisfied
48619,12,NA
48620,20,Very Satisfied
48621,16,Mod. Satisfied
48622,13,NA
48623,12,NA
48624,8,Mod. Satisfied
48625,16,NA
48626,16,Very Satisfied
48627,13,Very Satisfied
48628,13,NA
48629,16,NA
48630,12,Very Satisfied
48631,12,Mod. Satisfied
48632,12,Mod. Satisfied
48633,13,NA
48634,16,Very Satisfied
48635,16,Mod. Satisfied
48636,14,Very Satisfied
48637,12,NA
48638,12,Very Satisfied
48639,10,NA
48640,18,Very Satisfied
48641,18,Mod. Satisfied
48642,16,Very Satisfied
48643,13,Very Satisfied
48644,18,NA
48645,19,Mod. Satisfied
48646,14,Mod. Satisfied
48647,16,NA
48648,14,Very Satisfied
48649,16,Very Satisfied
48650,16,Mod. Satisfied
48651,13,Very Satisfied
48652,15,NA
48653,12,A Little Dissat
48654,6,Mod. Satisfied
48655,15,Mod. Satisfied
48656,12,Mod. Satisfied
48657,16,A Little Dissat
48658,11,NA
48659,12,NA
48660,16,NA
48661,12,NA
48662,14,NA
48663,13,Very Satisfied
48664,16,Mod. Satisfied
48665,16,Very Satisfied
48666,13,NA
48667,12,NA
48668,12,Mod. Satisfied
48669,14,Very Satisfied
48670,11,Very Satisfied
48671,18,Mod. Satisfied
48672,10,Very Satisfied
48673,18,NA
48674,16,Very Satisfied
48675,13,NA
48676,16,Mod. Satisfied
48677,11,NA
48678,16,Mod. Satisfied
48679,16,Mod. Satisfied
48680,16,NA
48681,12,NA
48682,13,Very Satisfied
48683,19,NA
48684,15,NA
48685,13,Very Satisfied
48686,15,NA
48687,10,NA
48688,18,Mod. Satisfied
48689,14,Very Dissatisfied
48690,13,NA
48691,13,Mod. Satisfied
48692,14,NA
48693,8,A Little Dissat
48694,13,Mod. Satisfied
48695,12,NA
48696,17,NA
48697,18,NA
48698,16,NA
48699,20,NA
48700,18,Very Satisfied
48701,14,Mod. Satisfied
48702,12,Mod. Satisfied
48703,14,Very Satisfied
48704,10,NA
48705,16,NA
48706,16,Very Satisfied
48707,14,Very Satisfied
48708,16,Very Dissatisfied
48709,20,Mod. Satisfied
48710,16,NA
48711,13,NA
48712,12,NA
48713,11,NA
48714,12,Mod. Satisfied
48715,18,Very Satisfied
48716,12,NA
48717,12,Very Satisfied
48718,16,Mod. Satisfied
48719,14,NA
48720,16,Very Satisfied
48721,12,Mod. Satisfied
48722,16,NA
48723,18,Very Satisfied
48724,12,NA
48725,12,Mod. Satisfied
48726,14,NA
48727,12,Very Satisfied
48728,10,Mod. Satisfied
48729,16,Very Satisfied
48730,12,NA
48731,12,Mod. Satisfied
48732,12,NA
48733,12,Mod. Satisfied
48734,12,NA
48735,13,Mod. Satisfied
48736,16,NA
48737,10,NA
48738,14,NA
48739,12,Mod. Satisfied
48740,13,Very Satisfied
48741,16,Very Satisfied
48742,14,NA
48743,16,Mod. Satisfied
48744,19,Very Satisfied
48745,18,A Little Dissat
48746,12,NA
48747,10,NA
48748,9,A Little Dissat
48749,14,Very Dissatisfied
48750,18,Very Satisfied
48751,15,Mod. Satisfied
48752,9,NA
48753,12,NA
48754,12,Very Satisfied
48755,12,NA
48756,16,NA
48757,13,Very Satisfied
48758,12,Very Dissatisfied
48759,14,Very Satisfied
48760,12,Very Satisfied
48761,9,Mod. Satisfied
48762,16,NA
48763,15,Very Satisfied
48764,11,Very Satisfied
48765,16,Mod. Satisfied
48766,12,Very Satisfied
48767,12,Mod. Satisfied
48768,16,NA
48769,16,NA
48770,12,NA
48771,16,Mod. Satisfied
48772,20,Very Satisfied
48773,16,NA
48774,19,Very Satisfied
48775,14,Very Satisfied
48776,16,NA
48777,13,NA
48778,16,NA
48779,16,Very Satisfied
48780,19,NA
48781,16,Very Satisfied
48782,20,Mod. Satisfied
48783,16,Mod. Satisfied
48784,16,NA
48785,16,Mod. Satisfied
48786,14,Very Satisfied
48787,14,NA
48788,16,Very Satisfied
48789,14,Mod. Satisfied
48790,13,NA
48791,14,Mod. Satisfied
48792,3,NA
48793,14,NA
48794,14,NA
48795,11,Very Satisfied
48796,18,A Little Dissat
48797,12,Very Satisfied
48798,14,Very Dissatisfied
48799,13,NA
48800,12,NA
48801,14,Mod. Satisfied
48802,12,Mod. Satisfied
48803,16,Very Satisfied
48804,16,NA
48805,18,Mod. Satisfied
48806,13,NA
48807,12,NA
48808,12,Mod. Satisfied
48809,15,Very Satisfied
48810,16,Very Satisfied
48811,18,NA
48812,13,NA
48813,12,Very Satisfied
48814,12,NA
48815,0,NA
48816,16,NA
48817,13,NA
48818,13,Very Satisfied
48819,12,NA
48820,18,Very Satisfied
48821,12,NA
48822,13,A Little Dissat
48823,13,NA
48824,11,NA
48825,17,Mod. Satisfied
48826,12,Very Dissatisfied
48827,18,Very Satisfied
48828,20,NA
48829,16,Very Satisfied
48830,13,Very Satisfied
48831,20,Very Satisfied
48832,16,Very Satisfied
48833,13,A Little Dissat
48834,14,NA
48835,14,Mod. Satisfied
48836,14,NA
48837,12,NA
48838,16,Mod. Satisfied
48839,16,A Little Dissat
48840,11,NA
48841,13,Mod. Satisfied
48842,17,NA
48843,14,Very Satisfied
48844,11,Very Satisfied
48845,11,NA
48846,12,Mod. Satisfied
48847,16,NA
48848,16,NA
48849,14,NA
48850,16,Mod. Satisfied
48851,16,Very Satisfied
48852,19,NA
48853,10,NA
48854,18,NA
48855,14,NA
48856,8,Very Satisfied
48857,19,Mod. Satisfied
48858,15,Very Satisfied
48859,19,Very Satisfied
48860,15,Very Satisfied
48861,20,Mod. Satisfied
48862,12,NA
48863,13,Mod. Satisfied
48864,15,Very Satisfied
48865,14,NA
48866,20,Very Satisfied
48867,20,NA
48868,15,NA
48869,16,Very Satisfied
48870,13,Very Satisfied
48871,15,Mod. Satisfied
48872,12,Very Satisfied
48873,14,Very Satisfied
48874,16,NA
48875,12,NA
48876,15,Mod. Satisfied
48877,11,Mod. Satisfied
48878,15,Very Satisfied
48879,15,NA
48880,13,NA
48881,9,NA
48882,9,NA
48883,17,NA
48884,12,NA
48885,10,NA
48886,13,Very Satisfied
48887,18,Mod. Satisfied
48888,15,Mod. Satisfied
48889,12,NA
48890,13,Mod. Satisfied
48891,10,Very Satisfied
48892,10,NA
48893,14,Mod. Satisfied
48894,14,A Little Dissat
48895,14,NA
48896,13,NA
48897,14,NA
48898,10,NA
48899,13,NA
48900,10,NA
48901,13,Mod. Satisfied
48902,16,Mod. Satisfied
48903,10,Very Satisfied
48904,11,NA
48905,11,NA
48906,15,NA
48907,19,NA
48908,12,NA
48909,14,Mod. Satisfied
48910,14,NA
48911,10,NA
48912,16,NA
48913,7,NA
48914,14,Mod. Satisfied
48915,12,Very Satisfied
48916,14,A Little Dissat
48917,12,NA
48918,15,NA
48919,12,Very Satisfied
48920,12,NA
48921,16,NA
48922,12,Very Satisfied
48923,12,NA
48924,14,NA
48925,18,Very Satisfied
48926,13,Mod. Satisfied
48927,14,NA
48928,16,NA
48929,16,Mod. Satisfied
48930,16,NA
48931,14,NA
48932,19,Mod. Satisfied
48933,12,Very Satisfied
48934,17,Mod. Satisfied
48935,15,NA
48936,10,NA
48937,15,NA
48938,18,NA
48939,16,NA
48940,19,Very Satisfied
48941,14,NA
48942,16,Very Satisfied
48943,17,NA
48944,16,NA
48945,11,NA
48946,12,NA
48947,14,Mod. Satisfied
48948,12,NA
48949,13,NA
48950,12,NA
48951,12,NA
48952,16,Very Satisfied
48953,13,Mod. Satisfied
48954,16,NA
48955,12,Mod. Satisfied
48956,16,Mod. Satisfied
48957,14,NA
48958,13,Mod. Satisfied
48959,12,NA
48960,6,Very Dissatisfied
48961,12,Mod. Satisfied
48962,18,NA
48963,15,NA
48964,12,Mod. Satisfied
48965,14,NA
48966,16,Very Satisfied
48967,14,NA
48968,9,NA
48969,12,NA
48970,15,Very Satisfied
48971,14,NA
48972,14,Very Satisfied
48973,14,NA
48974,11,NA
48975,16,Very Dissatisfied
48976,15,NA
48977,12,Very Satisfied
48978,12,NA
48979,14,A Little Dissat
48980,18,NA
48981,12,Very Satisfied
48982,14,Very Satisfied
48983,13,NA
48984,8,Mod. Satisfied
48985,10,NA
48986,12,NA
48987,12,NA
48988,14,NA
48989,10,A Little Dissat
48990,15,Mod. Satisfied
48991,11,Very Satisfied
48992,16,Mod. Satisfied
48993,12,Very Satisfied
48994,3,Very Satisfied
48995,12,NA
48996,12,Very Satisfied
48997,12,NA
48998,14,NA
48999,14,NA
49000,11,Very Satisfied
49001,12,NA
49002,13,NA
49003,12,Very Satisfied
49004,14,Mod. Satisfied
49005,10,Very Satisfied
49006,12,Mod. Satisfied
49007,16,NA
49008,14,NA
49009,12,NA
49010,12,NA
49011,14,Very Dissatisfied
49012,12,NA
49013,12,Very Satisfied
49014,12,Very Satisfied
49015,14,A Little Dissat
49016,18,Very Satisfied
49017,15,Mod. Satisfied
49018,17,NA
49019,15,Mod. Satisfied
49020,17,Very Satisfied
49021,12,Very Satisfied
49022,12,NA
49023,12,NA
49024,12,Very Satisfied
49025,12,Mod. Satisfied
49026,16,Mod. Satisfied
49027,14,NA
49028,17,Very Dissatisfied
49029,15,Mod. Satisfied
49030,18,Very Satisfied
49031,20,NA
49032,16,NA
49033,16,NA
49034,16,NA
49035,16,NA
49036,2,NA
49037,12,NA
49038,16,Very Satisfied
49039,17,NA
49040,16,NA
49041,12,NA
49042,17,Very Satisfied
49043,13,Very Satisfied
49044,12,Very Satisfied
49045,12,NA
49046,18,NA
49047,16,NA
49048,6,NA
49049,15,NA
49050,14,Very Satisfied
49051,12,NA
49052,13,Very Satisfied
49053,12,NA
49054,17,Very Satisfied
49055,18,Very Satisfied
49056,16,A Little Dissat
49057,17,NA
49058,12,Mod. Satisfied
49059,2,Very Satisfied
49060,12,NA
49061,13,Mod. Satisfied
49062,6,Very Dissatisfied
49063,20,NA
49064,19,NA
49065,7,Very Satisfied
49066,16,Very Satisfied
49067,12,NA
49068,7,Mod. Satisfied
49069,16,Very Satisfied
49070,16,NA
49071,14,Mod. Satisfied
49072,12,Very Satisfied
49073,17,Very Satisfied
49074,12,NA
49075,15,Very Satisfied
49076,14,NA
49077,16,NA
49078,20,NA
49079,17,Very Satisfied
49080,16,NA
49081,17,NA
49082,12,Very Satisfied
49083,16,NA
49084,12,NA
49085,20,Very Satisfied
49086,17,Mod. Satisfied
49087,16,NA
49088,16,Very Dissatisfied
49089,14,Mod. Satisfied
49090,19,NA
49091,9,NA
49092,17,Very Satisfied
49093,12,NA
49094,8,NA
49095,7,Very Satisfied
49096,16,NA
49097,14,Very Satisfied
49098,12,NA
49099,17,NA
49100,13,NA
49101,16,Very Satisfied
49102,16,Very Satisfied
49103,16,NA
49104,14,NA
49105,13,NA
49106,12,NA
49107,16,NA
49108,17,NA
49109,16,NA
49110,16,Very Satisfied
49111,13,NA
49112,13,NA
49113,16,Very Satisfied
49114,16,Mod. Satisfied
49115,12,Mod. Satisfied
49116,16,NA
49117,12,NA
49118,18,NA
49119,13,Mod. Satisfied
49120,11,NA
49121,18,Very Satisfied
49122,16,NA
49123,12,NA
49124,20,Very Satisfied
49125,16,Very Satisfied
49126,16,Very Satisfied
49127,12,Mod. Satisfied
49128,10,NA
49129,15,Mod. Satisfied
49130,16,NA
49131,18,Very Satisfied
49132,13,Mod. Satisfied
49133,12,Mod. Satisfied
49134,14,Mod. Satisfied
49135,15,Very Satisfied
49136,13,Very Satisfied
49137,12,NA
49138,14,NA
49139,12,Very Satisfied
49140,14,NA
49141,12,NA
49142,16,Mod. Satisfied
49143,14,NA
49144,16,NA
49145,17,NA
49146,20,Mod. Satisfied
49147,14,Very Satisfied
49148,19,NA
49149,16,Mod. Satisfied
49150,12,NA
49151,16,Mod. Satisfied
49152,9,NA
49153,16,A Little Dissat
49154,15,NA
49155,20,Very Satisfied
49156,17,NA
49157,13,NA
49158,16,NA
49159,14,NA
49160,16,Very Satisfied
49161,12,A Little Dissat
49162,9,NA
49163,12,Mod. Satisfied
49164,12,NA
49165,15,NA
49166,6,Very Dissatisfied
49167,12,NA
49168,16,Very Satisfied
49169,12,Very Satisfied
49170,14,A Little Dissat
49171,13,NA
49172,12,NA
49173,20,NA
49174,12,Very Satisfied
49175,14,Very Satisfied
49176,14,NA
49177,13,NA
49178,11,NA
49179,12,Very Dissatisfied
49180,5,NA
49181,11,NA
49182,12,Very Satisfied
49183,6,Very Satisfied
49184,16,Very Satisfied
49185,10,NA
49186,12,NA
49187,13,Mod. Satisfied
49188,11,Mod. Satisfied
49189,12,NA
49190,16,Very Satisfied
49191,9,NA
49192,10,NA
49193,10,Mod. Satisfied
49194,11,NA
49195,16,Very Dissatisfied
49196,11,NA
49197,12,Very Satisfied
49198,13,NA
49199,12,Very Satisfied
49200,16,NA
49201,12,NA
49202,12,NA
49203,14,Very Satisfied
49204,9,NA
49205,12,NA
49206,12,Very Satisfied
49207,17,NA
49208,13,NA
49209,18,NA
49210,12,Mod. Satisfied
49211,9,Mod. Satisfied
49212,12,NA
49213,16,Very Satisfied
49214,11,Very Dissatisfied
49215,9,NA
49216,15,Mod. Satisfied
49217,6,NA
49218,16,NA
49219,16,Very Satisfied
49220,16,NA
49221,20,Very Satisfied
49222,9,Mod. Satisfied
49223,12,NA
49224,9,Very Satisfied
49225,13,NA
49226,12,Mod. Satisfied
49227,13,Very Satisfied
49228,11,NA
49229,14,Very Satisfied
49230,13,Very Satisfied
49231,13,NA
49232,12,NA
49233,20,NA
49234,12,Mod. Satisfied
49235,20,NA
49236,13,NA
49237,14,NA
49238,9,NA
49239,10,NA
49240,12,NA
49241,13,NA
49242,8,Very Satisfied
49243,15,Mod. Satisfied
49244,0,Mod. Satisfied
49245,6,Very Satisfied
49246,12,NA
49247,11,A Little Dissat
49248,12,NA
49249,11,Very Satisfied
49250,13,NA
49251,12,NA
49252,9,NA
49253,12,Mod. Satisfied
49254,9,Mod. Satisfied
49255,9,Mod. Satisfied
49256,17,Very Satisfied
49257,12,NA
49258,13,NA
49259,2,Mod. Satisfied
49260,16,Very Satisfied
49261,8,NA
49262,9,NA
49263,9,NA
49264,0,NA
49265,17,NA
49266,12,NA
49267,17,Mod. Satisfied
49268,12,Mod. Satisfied
49269,12,NA
49270,13,Mod. Satisfied
49271,12,NA
49272,14,Mod. Satisfied
49273,12,Very Satisfied
49274,13,Very Satisfied
49275,12,Very Satisfied
49276,15,NA
49277,12,NA
49278,12,Mod. Satisfied
49279,16,Mod. Satisfied
49280,16,Very Satisfied
49281,14,NA
49282,11,NA
49283,8,NA
49284,12,Mod. Satisfied
49285,16,NA
49286,12,NA
49287,10,A Little Dissat
49288,20,NA
49289,17,Mod. Satisfied
49290,14,Very Satisfied
49291,16,Very Satisfied
49292,14,Very Satisfied
49293,16,Very Satisfied
49294,16,NA
49295,12,Very Satisfied
49296,12,Very Dissatisfied
49297,14,Very Satisfied
49298,14,NA
49299,14,Very Satisfied
49300,14,Very Satisfied
49301,19,NA
49302,12,Mod. Satisfied
49303,14,Mod. Satisfied
49304,5,NA
49305,12,NA
49306,14,Very Satisfied
49307,13,Very Satisfied
49308,12,NA
49309,16,Very Satisfied
49310,14,Mod. Satisfied
49311,12,Very Satisfied
49312,16,NA
49313,16,Very Satisfied
49314,13,Mod. Satisfied
49315,16,NA
49316,14,NA
49317,16,NA
49318,14,NA
49319,7,NA
49320,14,NA
49321,16,NA
49322,12,NA
49323,16,NA
49324,17,NA
49325,18,NA
49326,15,NA
49327,14,Very Dissatisfied
49328,16,Very Satisfied
49329,14,NA
49330,12,NA
49331,20,NA
49332,12,NA
49333,14,Very Satisfied
49334,14,Very Satisfied
49335,11,NA
49336,13,Very Satisfied
49337,14,Very Satisfied
49338,15,Very Satisfied
49339,16,Very Satisfied
49340,16,A Little Dissat
49341,12,Mod. Satisfied
49342,13,Mod. Satisfied
49343,16,NA
49344,16,Very Satisfied
49345,14,NA
49346,12,NA
49347,12,NA
49348,10,NA
49349,14,Very Satisfied
49350,16,NA
49351,12,NA
49352,13,NA
49353,15,Mod. Satisfied
49354,10,NA
49355,13,Very Satisfied
49356,12,Very Satisfied
49357,16,Very Satisfied
49358,16,NA
49359,13,NA
49360,12,NA
49361,12,Very Satisfied
49362,16,NA
49363,12,Very Satisfied
49364,18,NA
49365,13,NA
49366,16,Very Satisfied
49367,13,NA
49368,20,NA
49369,16,Very Satisfied
49370,14,NA
49371,16,Mod. Satisfied
49372,14,Very Satisfied
49373,13,NA
49374,15,NA
49375,12,NA
49376,12,Very Satisfied
49377,16,NA
49378,11,Very Satisfied
49379,11,Mod. Satisfied
49380,13,NA
49381,10,NA
49382,12,Very Satisfied
49383,8,NA
49384,11,NA
49385,12,Very Satisfied
49386,16,A Little Dissat
49387,8,NA
49388,12,Mod. Satisfied
49389,13,NA
49390,16,NA
49391,13,NA
49392,12,NA
49393,13,Mod. Satisfied
49394,16,NA
49395,15,NA
49396,12,A Little Dissat
49397,12,NA
49398,16,Very Satisfied
49399,12,NA
49400,12,NA
49401,14,NA
49402,12,NA
49403,13,Mod. Satisfied
49404,13,NA
49405,14,Mod. Satisfied
49406,14,A Little Dissat
49407,12,NA
49408,14,NA
49409,14,NA
49410,8,Very Satisfied
49411,14,A Little Dissat
49412,15,Mod. Satisfied
49413,12,NA
49414,14,Very Satisfied
49415,12,Mod. Satisfied
49416,14,NA
49417,12,Mod. Satisfied
49418,14,Very Satisfied
49419,12,Mod. Satisfied
49420,12,Mod. Satisfied
49421,11,Mod. Satisfied
49422,13,Mod. Satisfied
49423,13,Very Satisfied
49424,12,NA
49425,15,Very Satisfied
49426,12,Very Satisfied
49427,17,Very Satisfied
49428,13,NA
49429,14,NA
49430,12,Very Satisfied
49431,12,NA
49432,13,NA
49433,17,NA
49434,14,NA
49435,13,NA
49436,12,NA
49437,12,Very Satisfied
49438,17,NA
49439,14,NA
49440,12,NA
49441,12,NA
49442,9,Mod. Satisfied
49443,12,Very Satisfied
49444,12,NA
49445,16,Mod. Satisfied
49446,11,Very Satisfied
49447,10,Very Dissatisfied
49448,14,NA
49449,14,NA
49450,14,Very Satisfied
49451,12,NA
49452,16,Mod. Satisfied
49453,16,NA
49454,20,A Little Dissat
49455,12,Very Satisfied
49456,17,Mod. Satisfied
49457,16,Mod. Satisfied
49458,11,Very Satisfied
49459,15,NA
49460,14,NA
49461,12,NA
49462,14,NA
49463,13,Very Satisfied
49464,12,NA
49465,12,Very Satisfied
49466,16,Mod. Satisfied
49467,12,NA
49468,16,Mod. Satisfied
49469,13,NA
49470,16,A Little Dissat
49471,11,NA
49472,11,NA
49473,14,NA
49474,12,Very Satisfied
49475,6,Very Satisfied
49476,6,NA
49477,12,Mod. Satisfied
49478,8,NA
49479,4,NA
49480,16,NA
49481,12,Mod. Satisfied
49482,12,NA
49483,12,Very Dissatisfied
49484,6,Mod. Satisfied
49485,12,NA
49486,12,NA
49487,11,NA
49488,8,NA
49489,12,Very Satisfied
49490,8,NA
49491,14,NA
49492,12,Very Satisfied
49493,13,NA
49494,16,NA
49495,12,A Little Dissat
49496,8,NA
49497,12,Mod. Satisfied
49498,17,NA
49499,12,NA
49500,16,Very Satisfied
49501,16,Very Satisfied
49502,18,NA
49503,14,NA
49504,12,NA
49505,17,NA
49506,11,NA
49507,11,NA
49508,9,NA
49509,12,A Little Dissat
49510,12,Very Satisfied
49511,10,A Little Dissat
49512,13,NA
49513,16,Mod. Satisfied
49514,16,Very Dissatisfied
49515,12,Very Satisfied
49516,14,NA
49517,12,NA
49518,14,NA
49519,12,NA
49520,14,Very Satisfied
49521,15,NA
49522,17,Very Satisfied
49523,14,Mod. Satisfied
49524,12,NA
49525,19,NA
49526,16,NA
49527,12,NA
49528,12,NA
49529,6,Mod. Satisfied
49530,12,NA
49531,12,Very Satisfied
49532,12,NA
49533,16,NA
49534,14,Mod. Satisfied
49535,11,Mod. Satisfied
49536,12,Mod. Satisfied
49537,13,NA
49538,16,NA
49539,12,NA
49540,14,Very Satisfied
49541,12,NA
49542,15,NA
49543,18,NA
49544,16,Very Satisfied
49545,14,NA
49546,14,NA
49547,18,Very Satisfied
49548,19,Mod. Satisfied
49549,20,NA
49550,12,NA
49551,19,Very Satisfied
49552,9,NA
49553,10,Mod. Satisfied
49554,14,NA
49555,17,Mod. Satisfied
49556,18,NA
49557,20,NA
49558,10,Very Satisfied
49559,17,NA
49560,12,NA
49561,12,Very Satisfied
49562,13,NA
49563,18,NA
49564,14,NA
49565,12,NA
49566,13,Mod. Satisfied
49567,12,Very Satisfied
49568,12,NA
49569,13,Mod. Satisfied
49570,2,Very Satisfied
49571,14,NA
49572,13,Mod. Satisfied
49573,20,NA
49574,16,NA
49575,12,NA
49576,17,Mod. Satisfied
49577,12,NA
49578,6,A Little Dissat
49579,12,NA
49580,14,NA
49581,14,Very Satisfied
49582,12,Mod. Satisfied
49583,0,NA
49584,13,Mod. Satisfied
49585,13,Mod. Satisfied
49586,10,NA
49587,16,NA
49588,12,NA
49589,14,NA
49590,12,NA
49591,18,Mod. Satisfied
49592,16,NA
49593,20,NA
49594,17,NA
49595,20,Very Satisfied
49596,19,NA
49597,16,NA
49598,17,Very Satisfied
49599,18,Mod. Satisfied
49600,19,Very Dissatisfied
49601,17,Very Satisfied
49602,16,NA
49603,16,NA
49604,16,Very Satisfied
49605,16,Mod. Satisfied
49606,16,Very Satisfied
49607,18,NA
49608,15,NA
49609,14,NA
49610,12,NA
49611,10,NA
49612,12,Mod. Satisfied
49613,13,NA
49614,16,Very Satisfied
49615,12,NA
49616,12,Very Satisfied
49617,12,A Little Dissat
49618,17,NA
49619,12,NA
49620,15,A Little Dissat
49621,14,Very Satisfied
49622,18,NA
49623,16,Very Satisfied
49624,13,Very Satisfied
49625,14,NA
49626,13,NA
49627,14,Mod. Satisfied
49628,10,Mod. Satisfied
49629,11,A Little Dissat
49630,13,NA
49631,18,A Little Dissat
49632,13,NA
49633,16,Very Satisfied
49634,16,Very Satisfied
49635,17,Mod. Satisfied
49636,20,NA
49637,17,A Little Dissat
49638,16,NA
49639,12,Mod. Satisfied
49640,11,NA
49641,16,NA
49642,19,Very Dissatisfied
49643,12,Very Satisfied
49644,19,Very Satisfied
49645,14,NA
49646,17,NA
49647,16,Mod. Satisfied
49648,16,NA
49649,14,Very Dissatisfied
49650,12,Mod. Satisfied
49651,11,NA
49652,14,Very Satisfied
49653,14,Mod. Satisfied
49654,20,NA
49655,13,NA
49656,14,NA
49657,10,NA
49658,18,NA
49659,14,NA
49660,16,NA
49661,12,Mod. Satisfied
49662,9,NA
49663,12,Mod. Satisfied
49664,8,NA
49665,10,NA
49666,11,A Little Dissat
49667,12,Very Satisfied
49668,12,NA
49669,20,NA
49670,12,NA
49671,6,NA
49672,12,NA
49673,4,A Little Dissat
49674,7,Very Dissatisfied
49675,6,NA
49676,5,Mod. Satisfied
49677,0,NA
49678,10,NA
49679,14,NA
49680,15,A Little Dissat
49681,14,NA
49682,10,NA
49683,18,NA
49684,12,Very Satisfied
49685,12,NA
49686,13,Very Satisfied
49687,13,Very Satisfied
49688,16,A Little Dissat
49689,16,Very Satisfied
49690,15,NA
49691,15,NA
49692,15,Very Dissatisfied
49693,13,Mod. Satisfied
49694,11,NA
49695,12,NA
49696,19,NA
49697,16,NA
49698,14,NA
49699,13,NA
49700,18,NA
49701,13,NA
49702,10,Mod. Satisfied
49703,13,Very Satisfied
49704,12,NA
49705,16,Very Satisfied
49706,12,Very Satisfied
49707,12,NA
49708,16,NA
49709,17,NA
49710,14,Very Dissatisfied
49711,12,NA
49712,13,Very Satisfied
49713,12,NA
49714,17,Very Satisfied
49715,16,NA
49716,15,Very Dissatisfied
49717,14,Mod. Satisfied
49718,11,NA
49719,13,Mod. Satisfied
49720,11,NA
49721,19,NA
49722,13,A Little Dissat
49723,11,Mod. Satisfied
49724,12,Very Satisfied
49725,18,Mod. Satisfied
49726,16,Very Satisfied
49727,17,NA
49728,13,Very Satisfied
49729,12,A Little Dissat
49730,14,Very Satisfied
49731,14,Very Satisfied
49732,13,Very Satisfied
49733,20,Mod. Satisfied
49734,8,NA
49735,13,Very Satisfied
49736,16,Mod. Satisfied
49737,20,Very Satisfied
49738,16,NA
49739,14,NA
49740,12,NA
49741,17,NA
49742,17,NA
49743,16,NA
49744,12,NA
49745,12,Mod. Satisfied
49746,14,NA
49747,9,Very Satisfied
49748,18,Very Satisfied
49749,16,Mod. Satisfied
49750,12,Very Satisfied
49751,12,NA
49752,16,NA
49753,19,Mod. Satisfied
49754,12,Mod. Satisfied
49755,16,NA
49756,12,Very Dissatisfied
49757,13,Very Dissatisfied
49758,16,Mod. Satisfied
49759,16,Very Satisfied
49760,17,Very Satisfied
49761,12,NA
49762,14,NA
49763,14,NA
49764,14,NA
49765,18,Very Satisfied
49766,16,Very Satisfied
49767,11,Mod. Satisfied
49768,12,NA
49769,18,Mod. Satisfied
49770,12,NA
49771,16,NA
49772,15,Very Satisfied
49773,17,NA
49774,18,NA
49775,14,NA
49776,12,NA
49777,16,Mod. Satisfied
49778,16,Mod. Satisfied
49779,14,NA
49780,17,NA
49781,12,NA
49782,10,NA
49783,13,NA
49784,13,A Little Dissat
49785,16,NA
49786,11,NA
49787,14,Very Satisfied
49788,14,NA
49789,15,NA
49790,NA,Very Dissatisfied
49791,16,Very Satisfied
49792,13,Mod. Satisfied
49793,19,NA
49794,15,Mod. Satisfied
49795,14,NA
49796,16,Mod. Satisfied
49797,14,Mod. Satisfied
49798,12,NA
49799,12,Mod. Satisfied
49800,12,Very Satisfied
49801,18,NA
49802,16,NA
49803,12,Mod. Satisfied
49804,18,Mod. Satisfied
49805,8,NA
49806,12,Very Satisfied
49807,15,NA
49808,11,NA
49809,13,Very Satisfied
49810,12,NA
49811,10,NA
49812,15,NA
49813,14,Very Satisfied
49814,8,Very Dissatisfied
49815,9,NA
49816,18,Mod. Satisfied
49817,18,NA
49818,12,NA
49819,12,NA
49820,11,A Little Dissat
49821,12,NA
49822,12,NA
49823,10,Very Dissatisfied
49824,16,NA
49825,12,Very Satisfied
49826,18,Very Dissatisfied
49827,15,Very Satisfied
49828,15,NA
49829,16,NA
49830,16,NA
49831,18,Mod. Satisfied
49832,12,NA
49833,17,NA
49834,20,NA
49835,11,NA
49836,12,NA
49837,12,Very Satisfied
49838,12,NA
49839,12,NA
49840,12,NA
49841,14,Very Satisfied
49842,12,NA
49843,11,NA
49844,12,NA
49845,18,Very Satisfied
49846,12,Mod. Satisfied
49847,20,NA
49848,12,NA
49849,12,NA
49850,12,NA
49851,18,NA
49852,16,NA
49853,18,NA
49854,13,NA
49855,16,NA
49856,18,NA
49857,17,NA
49858,13,Mod. Satisfied
49859,14,Very Satisfied
49860,18,NA
49861,16,Mod. Satisfied
49862,14,Very Satisfied
49863,17,A Little Dissat
49864,16,Mod. Satisfied
49865,16,NA
49866,20,NA
49867,13,NA
49868,20,NA
49869,16,Mod. Satisfied
49870,12,NA
49871,14,NA
49872,14,NA
49873,14,Mod. Satisfied
49874,20,Mod. Satisfied
49875,NA,NA
49876,20,NA
49877,15,Very Satisfied
49878,13,Very Satisfied
49879,11,NA
49880,14,Very Satisfied
49881,12,Mod. Satisfied
49882,14,Very Satisfied
49883,13,NA
49884,14,Mod. Satisfied
49885,12,NA
49886,18,NA
49887,17,Very Satisfied
49888,13,Mod. Satisfied
49889,14,NA
49890,17,NA
49891,16,Very Satisfied
49892,15,NA
49893,14,NA
49894,11,NA
49895,12,NA
49896,13,A Little Dissat
49897,13,NA
49898,15,NA
49899,12,NA
49900,12,Mod. Satisfied
49901,14,NA
49902,12,Very Satisfied
49903,8,A Little Dissat
49904,11,NA
49905,13,NA
49906,15,Very Satisfied
49907,11,Very Satisfied
49908,16,NA
49909,12,NA
49910,12,Very Satisfied
49911,12,Mod. Satisfied
49912,18,Very Satisfied
49913,12,NA
49914,12,NA
49915,15,Very Satisfied
49916,15,Mod. Satisfied
49917,14,NA
49918,12,NA
49919,14,NA
49920,13,NA
49921,16,Very Satisfied
49922,14,Very Satisfied
49923,14,Very Satisfied
49924,13,Mod. Satisfied
49925,15,NA
49926,11,Mod. Satisfied
49927,20,NA
49928,18,Mod. Satisfied
49929,14,NA
49930,13,NA
49931,17,NA
49932,16,A Little Dissat
49933,20,NA
49934,16,Mod. Satisfied
49935,16,Very Satisfied
49936,14,NA
49937,12,Very Satisfied
49938,14,Mod. Satisfied
49939,13,Mod. Satisfied
49940,12,Mod. Satisfied
49941,20,Very Satisfied
49942,15,Very Satisfied
49943,12,Mod. Satisfied
49944,14,Mod. Satisfied
49945,13,Very Satisfied
49946,9,Mod. Satisfied
49947,16,Mod. Satisfied
49948,12,Mod. Satisfied
49949,16,Mod. Satisfied
49950,15,Mod. Satisfied
49951,10,Very Satisfied
49952,13,Very Satisfied
49953,11,NA
49954,14,Mod. Satisfied
49955,14,Mod. Satisfied
49956,16,NA
49957,16,NA
49958,12,NA
49959,12,Very Satisfied
49960,12,NA
49961,8,NA
49962,11,Very Satisfied
49963,12,Mod. Satisfied
49964,16,NA
49965,8,NA
49966,16,NA
49967,12,NA
49968,12,NA
49969,12,A Little Dissat
49970,12,NA
49971,13,NA
49972,9,NA
49973,13,Very Satisfied
49974,12,Mod. Satisfied
49975,16,NA
49976,12,NA
49977,13,Very Satisfied
49978,6,NA
49979,10,Mod. Satisfied
49980,12,NA
49981,12,Very Satisfied
49982,12,NA
49983,12,NA
49984,12,NA
49985,11,NA
49986,11,NA
49987,14,NA
49988,19,NA
49989,12,NA
49990,16,A Little Dissat
49991,13,Mod. Satisfied
49992,4,A Little Dissat
49993,12,Very Satisfied
49994,12,NA
49995,14,Very Satisfied
49996,12,Mod. Satisfied
49997,16,Mod. Satisfied
49998,1,NA
49999,13,Mod. Satisfied
50000,14,Mod. Satisfied
50001,11,Very Satisfied
50002,14,Very Satisfied
50003,13,NA
50004,5,NA
50005,12,Mod. Satisfied
50006,12,NA
50007,11,Very Satisfied
50008,14,Mod. Satisfied
50009,14,Very Satisfied
50010,10,Very Dissatisfied
50011,10,A Little Dissat
50012,9,NA
50013,16,NA
50014,12,Very Satisfied
50015,14,Very Satisfied
50016,7,NA
50017,12,NA
50018,14,NA
50019,14,Mod. Satisfied
50020,11,NA
50021,12,NA
50022,12,NA
50023,12,NA
50024,14,NA
50025,16,Mod. Satisfied
50026,16,NA
50027,12,A Little Dissat
50028,16,Very Satisfied
50029,12,NA
50030,8,NA
50031,12,Very Dissatisfied
50032,12,NA
50033,12,Mod. Satisfied
50034,12,NA
50035,15,Very Dissatisfied
50036,12,Mod. Satisfied
50037,12,Very Satisfied
50038,12,NA
50039,10,NA
50040,9,Mod. Satisfied
50041,14,Mod. Satisfied
50042,3,NA
50043,12,Very Satisfied
50044,12,NA
50045,NA,NA
50046,12,NA
50047,14,NA
50048,12,Very Satisfied
50049,12,NA
50050,12,NA
50051,10,NA
50052,12,NA
50053,12,NA
50054,8,NA
50055,10,NA
50056,8,NA
50057,14,Very Satisfied
50058,NA,Very Satisfied
50059,12,Very Satisfied
50060,14,Very Satisfied
50061,8,NA
50062,14,NA
50063,13,Mod. Satisfied
50064,18,NA
50065,12,NA
50066,12,Very Satisfied
50067,12,A Little Dissat
50068,13,NA
50069,12,NA
50070,13,Very Satisfied
50071,12,NA
50072,11,NA
50073,12,NA
50074,12,A Little Dissat
50075,9,Very Satisfied
50076,12,NA
50077,9,Very Satisfied
50078,11,NA
50079,18,Very Satisfied
50080,8,NA
50081,12,NA
50082,8,NA
50083,8,Mod. Satisfied
50084,12,Very Satisfied
50085,12,NA
50086,8,NA
50087,12,NA
50088,11,A Little Dissat
50089,13,NA
50090,12,NA
50091,9,NA
50092,12,NA
50093,12,Mod. Satisfied
50094,12,NA
50095,9,NA
50096,11,NA
50097,12,NA
50098,13,NA
50099,12,Mod. Satisfied
50100,12,NA
50101,12,NA
50102,12,Mod. Satisfied
50103,14,NA
50104,14,Mod. Satisfied
50105,13,NA
50106,12,NA
50107,12,NA
50108,12,NA
50109,12,NA
50110,9,NA
50111,11,Mod. Satisfied
50112,12,NA
50113,9,NA
50114,12,NA
50115,12,NA
50116,12,Mod. Satisfied
50117,12,Very Satisfied
50118,11,Very Satisfied
50119,12,NA
50120,15,NA
50121,15,NA
50122,9,Mod. Satisfied
50123,12,NA
50124,9,Mod. Satisfied
50125,11,NA
50126,12,Very Satisfied
50127,12,Very Satisfied
50128,12,NA
50129,14,NA
50130,13,Mod. Satisfied
50131,9,Very Satisfied
50132,13,NA
50133,12,Very Satisfied
50134,8,NA
50135,12,Very Satisfied
50136,12,NA
50137,14,NA
50138,17,Very Satisfied
50139,18,A Little Dissat
50140,16,Very Satisfied
50141,14,Mod. Satisfied
50142,12,NA
50143,13,Very Satisfied
50144,12,NA
50145,17,Mod. Satisfied
50146,12,NA
50147,14,Very Satisfied
50148,11,NA
50149,12,Very Satisfied
50150,12,NA
50151,12,NA
50152,13,NA
50153,16,Mod. Satisfied
50154,12,NA
50155,12,NA
50156,12,Very Satisfied
50157,12,A Little Dissat
50158,13,Very Satisfied
50159,16,NA
50160,20,NA
50161,12,Very Satisfied
50162,16,NA
50163,12,NA
50164,18,A Little Dissat
50165,13,Very Dissatisfied
50166,12,NA
50167,13,NA
50168,13,NA
50169,11,Very Satisfied
50170,17,NA
50171,14,Very Satisfied
50172,6,NA
50173,16,Very Dissatisfied
50174,12,A Little Dissat
50175,12,NA
50176,12,NA
50177,9,NA
50178,12,Very Satisfied
50179,14,Mod. Satisfied
50180,12,Mod. Satisfied
50181,14,A Little Dissat
50182,8,NA
50183,13,Very Satisfied
50184,14,NA
50185,15,NA
50186,8,Very Satisfied
50187,12,NA
50188,9,Very Satisfied
50189,6,NA
50190,15,NA
50191,16,NA
50192,12,NA
50193,11,NA
50194,11,NA
50195,12,Very Satisfied
50196,9,NA
50197,12,Very Satisfied
50198,9,Very Dissatisfied
50199,12,NA
50200,14,NA
50201,11,Mod. Satisfied
50202,10,NA
50203,16,Very Satisfied
50204,11,Very Satisfied
50205,14,NA
50206,7,NA
50207,11,NA
50208,13,Mod. Satisfied
50209,7,NA
50210,10,NA
50211,12,NA
50212,11,NA
50213,16,A Little Dissat
50214,8,A Little Dissat
50215,16,Mod. Satisfied
50216,9,NA
50217,13,NA
50218,14,Mod. Satisfied
50219,8,Mod. Satisfied
50220,12,NA
50221,14,NA
50222,10,NA
50223,12,NA
50224,12,Mod. Satisfied
50225,16,NA
50226,11,Mod. Satisfied
50227,11,NA
50228,16,Mod. Satisfied
50229,12,Very Dissatisfied
50230,12,Very Satisfied
50231,14,Mod. Satisfied
50232,10,Very Dissatisfied
50233,10,NA
50234,20,Very Satisfied
50235,12,NA
50236,16,NA
50237,13,NA
50238,16,NA
50239,11,Mod. Satisfied
50240,3,NA
50241,13,Very Satisfied
50242,14,NA
50243,12,NA
50244,12,Mod. Satisfied
50245,12,NA
50246,10,NA
50247,12,NA
50248,9,NA
50249,12,NA
50250,14,NA
50251,11,Very Satisfied
50252,16,NA
50253,12,NA
50254,10,A Little Dissat
50255,10,Very Satisfied
50256,17,Mod. Satisfied
50257,14,Very Satisfied
50258,12,Mod. Satisfied
50259,12,Mod. Satisfied
50260,12,NA
50261,14,NA
50262,11,Mod. Satisfied
50263,10,NA
50264,12,NA
50265,12,Very Satisfied
50266,17,NA
50267,17,Mod. Satisfied
50268,14,NA
50269,16,Mod. Satisfied
50270,9,Mod. Satisfied
50271,14,Very Satisfied
50272,7,NA
50273,12,Mod. Satisfied
50274,12,NA
50275,14,Mod. Satisfied
50276,16,Very Satisfied
50277,16,NA
50278,0,NA
50279,12,Very Satisfied
50280,10,Very Satisfied
50281,14,NA
50282,10,Very Satisfied
50283,14,Very Satisfied
50284,12,NA
50285,10,Mod. Satisfied
50286,8,NA
50287,12,Very Satisfied
50288,12,Very Satisfied
50289,16,NA
50290,13,Mod. Satisfied
50291,10,Mod. Satisfied
50292,12,Mod. Satisfied
50293,18,NA
50294,14,NA
50295,12,NA
50296,15,NA
50297,13,A Little Dissat
50298,12,NA
50299,14,Very Satisfied
50300,12,NA
50301,12,NA
50302,12,NA
50303,14,NA
50304,12,NA
50305,12,NA
50306,10,Very Satisfied
50307,12,NA
50308,11,Mod. Satisfied
50309,14,NA
50310,12,NA
50311,10,Very Satisfied
50312,12,Very Satisfied
50313,13,Mod. Satisfied
50314,12,A Little Dissat
50315,14,Very Satisfied
50316,12,Mod. Satisfied
50317,8,NA
50318,11,NA
50319,12,Very Satisfied
50320,6,NA
50321,14,NA
50322,11,NA
50323,9,NA
50324,6,NA
50325,6,NA
50326,8,NA
50327,4,NA
50328,12,NA
50329,12,NA
50330,12,NA
50331,14,NA
50332,16,A Little Dissat
50333,16,Mod. Satisfied
50334,18,Very Satisfied
50335,16,Very Satisfied
50336,12,Very Satisfied
50337,14,Very Satisfied
50338,12,Very Satisfied
50339,6,Mod. Satisfied
50340,16,Very Satisfied
50341,15,NA
50342,12,NA
50343,14,NA
50344,12,NA
50345,17,Very Satisfied
50346,17,NA
50347,14,NA
50348,16,NA
50349,12,Very Satisfied
50350,14,NA
50351,14,Very Satisfied
50352,16,NA
50353,16,NA
50354,16,NA
50355,12,Very Satisfied
50356,16,NA
50357,13,NA
50358,12,Mod. Satisfied
50359,14,A Little Dissat
50360,13,Mod. Satisfied
50361,14,Very Satisfied
50362,16,NA
50363,2,NA
50364,13,Very Satisfied
50365,14,NA
50366,17,Mod. Satisfied
50367,15,NA
50368,16,Very Satisfied
50369,16,NA
50370,16,NA
50371,12,NA
50372,12,Very Satisfied
50373,17,Mod. Satisfied
50374,12,A Little Dissat
50375,12,NA
50376,12,NA
50377,8,NA
50378,12,NA
50379,12,Mod. Satisfied
50380,11,NA
50381,12,NA
50382,4,Mod. Satisfied
50383,5,NA
50384,12,Very Satisfied
50385,9,NA
50386,12,Mod. Satisfied
50387,12,NA
50388,13,NA
50389,16,NA
50390,14,A Little Dissat
50391,20,Mod. Satisfied
50392,12,NA
50393,14,NA
50394,11,NA
50395,16,NA
50396,15,Very Satisfied
50397,12,Very Satisfied
50398,12,NA
50399,8,Very Satisfied
50400,4,NA
50401,13,Very Satisfied
50402,11,NA
50403,12,NA
50404,11,Very Satisfied
50405,11,NA
50406,16,Very Satisfied
50407,12,Very Satisfied
50408,11,NA
50409,12,NA
50410,11,Very Satisfied
50411,11,NA
50412,12,NA
50413,12,Mod. Satisfied
50414,11,Mod. Satisfied
50415,12,NA
50416,12,NA
50417,13,Mod. Satisfied
50418,12,Mod. Satisfied
50419,11,NA
50420,13,NA
50421,12,NA
50422,13,Very Satisfied
50423,17,NA
50424,14,Mod. Satisfied
50425,16,Very Satisfied
50426,12,NA
50427,12,NA
50428,19,NA
50429,12,Mod. Satisfied
50430,13,Very Satisfied
50431,11,NA
50432,20,Very Satisfied
50433,14,NA
50434,13,NA
50435,12,NA
50436,12,NA
50437,12,NA
50438,14,Very Satisfied
50439,11,NA
50440,12,Very Satisfied
50441,11,NA
50442,9,NA
50443,20,Very Satisfied
50444,12,Very Satisfied
50445,14,Very Satisfied
50446,0,NA
50447,11,NA
50448,12,NA
50449,11,Very Satisfied
50450,12,NA
50451,14,Very Dissatisfied
50452,12,Mod. Satisfied
50453,16,Very Satisfied
50454,13,Very Satisfied
50455,15,Very Dissatisfied
50456,14,Very Satisfied
50457,13,NA
50458,12,Mod. Satisfied
50459,13,Mod. Satisfied
50460,13,Mod. Satisfied
50461,12,NA
50462,10,NA
50463,15,Mod. Satisfied
50464,15,Very Satisfied
50465,16,NA
50466,14,Very Satisfied
50467,12,Very Satisfied
50468,12,NA
50469,6,NA
50470,3,Very Satisfied
50471,5,Mod. Satisfied
50472,13,NA
50473,10,NA
50474,8,Very Satisfied
50475,15,NA
50476,10,NA
50477,13,NA
50478,11,Mod. Satisfied
50479,12,Very Satisfied
50480,10,Mod. Satisfied
50481,17,NA
50482,12,Mod. Satisfied
50483,14,Mod. Satisfied
50484,3,NA
50485,12,NA
50486,12,Very Satisfied
50487,12,Very Satisfied
50488,8,Very Satisfied
50489,12,Very Satisfied
50490,12,Mod. Satisfied
50491,13,NA
50492,5,NA
50493,13,Very Satisfied
50494,12,Mod. Satisfied
50495,13,Mod. Satisfied
50496,14,Very Satisfied
50497,17,Mod. Satisfied
50498,12,Very Satisfied
50499,12,NA
50500,NA,NA
50501,18,Very Satisfied
50502,12,Very Satisfied
50503,16,Very Satisfied
50504,13,NA
50505,12,Mod. Satisfied
50506,14,Very Satisfied
50507,14,NA
50508,8,NA
50509,12,Very Satisfied
50510,12,Very Satisfied
50511,9,NA
50512,12,Mod. Satisfied
50513,13,Mod. Satisfied
50514,16,NA
50515,12,Mod. Satisfied
50516,17,Very Satisfied
50517,20,NA
50518,14,Very Satisfied
50519,13,NA
50520,15,Very Satisfied
50521,10,Mod. Satisfied
50522,12,Mod. Satisfied
50523,13,Very Satisfied
50524,13,Mod. Satisfied
50525,12,Very Satisfied
50526,13,Very Satisfied
50527,11,NA
50528,11,NA
50529,12,NA
50530,9,Mod. Satisfied
50531,15,Very Satisfied
50532,9,Very Satisfied
50533,0,NA
50534,11,NA
50535,13,Mod. Satisfied
50536,11,Very Dissatisfied
50537,9,Very Satisfied
50538,12,Very Satisfied
50539,6,NA
50540,0,NA
50541,9,Very Satisfied
50542,13,NA
50543,12,NA
50544,8,NA
50545,13,Very Satisfied
50546,12,A Little Dissat
50547,13,Very Satisfied
50548,9,NA
50549,10,Mod. Satisfied
50550,13,NA
50551,13,Mod. Satisfied
50552,7,NA
50553,15,Very Satisfied
50554,12,Very Satisfied
50555,12,NA
50556,8,Very Satisfied
50557,12,Very Satisfied
50558,12,NA
50559,12,NA
50560,13,NA
50561,13,NA
50562,12,Very Satisfied
50563,16,NA
50564,18,Very Satisfied
50565,8,NA
50566,14,Very Dissatisfied
50567,18,Very Satisfied
50568,13,NA
50569,10,NA
50570,10,NA
50571,11,NA
50572,6,A Little Dissat
50573,12,NA
50574,13,Very Satisfied
50575,12,NA
50576,12,Mod. Satisfied
50577,12,Very Satisfied
50578,12,NA
50579,5,NA
50580,13,NA
50581,9,NA
50582,14,NA
50583,10,NA
50584,8,NA
50585,6,NA
50586,14,NA
50587,14,NA
50588,12,NA
50589,14,NA
50590,11,NA
50591,15,Very Satisfied
50592,13,NA
50593,14,A Little Dissat
50594,13,NA
50595,12,Very Satisfied
50596,12,Very Satisfied
50597,11,NA
50598,15,NA
50599,11,NA
50600,14,NA
50601,12,NA
50602,14,A Little Dissat
50603,17,NA
50604,12,Very Satisfied
50605,12,Very Satisfied
50606,12,NA
50607,12,Very Satisfied
50608,12,NA
50609,9,Mod. Satisfied
50610,12,Very Satisfied
50611,11,Very Satisfied
50612,18,Mod. Satisfied
50613,14,Mod. Satisfied
50614,11,NA
50615,13,NA
50616,12,NA
50617,17,Very Satisfied
50618,14,Very Satisfied
50619,12,Very Satisfied
50620,19,Very Satisfied
50621,16,Very Satisfied
50622,13,NA
50623,16,Very Satisfied
50624,12,A Little Dissat
50625,10,Mod. Satisfied
50626,13,Very Satisfied
50627,12,Very Dissatisfied
50628,14,Very Dissatisfied
50629,16,Mod. Satisfied
50630,12,A Little Dissat
50631,12,NA
50632,10,Mod. Satisfied
50633,12,Very Satisfied
50634,12,NA
50635,14,Very Satisfied
50636,12,Very Satisfied
50637,12,NA
50638,11,NA
50639,12,Very Satisfied
50640,16,Very Satisfied
50641,13,NA
50642,10,NA
50643,8,NA
50644,15,NA
50645,10,NA
50646,8,NA
50647,16,Very Satisfied
50648,14,Very Satisfied
50649,14,Very Satisfied
50650,12,Very Satisfied
50651,13,NA
50652,10,A Little Dissat
50653,16,NA
50654,12,Very Dissatisfied
50655,12,NA
50656,13,NA
50657,3,NA
50658,13,Mod. Satisfied
50659,12,Very Satisfied
50660,12,NA
50661,12,NA
50662,16,Mod. Satisfied
50663,12,NA
50664,8,NA
50665,5,NA
50666,10,A Little Dissat
50667,13,NA
50668,17,Mod. Satisfied
50669,12,NA
50670,16,Very Satisfied
50671,12,Very Satisfied
50672,12,NA
50673,12,Very Satisfied
50674,11,NA
50675,9,NA
50676,6,NA
50677,13,A Little Dissat
50678,12,NA
50679,13,Very Satisfied
50680,11,NA
50681,14,Mod. Satisfied
50682,14,NA
50683,12,Mod. Satisfied
50684,13,NA
50685,11,NA
50686,13,NA
50687,12,NA
50688,10,NA
50689,7,NA
50690,16,NA
50691,12,NA
50692,16,Very Dissatisfied
50693,13,Mod. Satisfied
50694,16,Mod. Satisfied
50695,11,NA
50696,4,Mod. Satisfied
50697,5,NA
50698,8,Very Satisfied
50699,6,Very Satisfied
50700,16,Very Satisfied
50701,18,NA
50702,13,Very Satisfied
50703,12,NA
50704,6,Mod. Satisfied
50705,13,NA
50706,5,NA
50707,12,NA
50708,3,Very Satisfied
50709,9,A Little Dissat
50710,12,NA
50711,15,NA
50712,17,NA
50713,10,NA
50714,19,NA
50715,12,NA
50716,14,NA
50717,19,NA
50718,0,Very Satisfied
50719,11,Mod. Satisfied
50720,16,NA
50721,14,NA
50722,10,Very Satisfied
50723,12,Very Satisfied
50724,10,NA
50725,12,NA
50726,12,Very Satisfied
50727,12,NA
50728,13,Very Satisfied
50729,12,Very Satisfied
50730,9,NA
50731,14,NA
50732,13,NA
50733,12,Mod. Satisfied
50734,12,Mod. Satisfied
50735,7,Mod. Satisfied
50736,15,Very Satisfied
50737,11,NA
50738,8,NA
50739,13,Mod. Satisfied
50740,12,Very Satisfied
50741,16,Very Dissatisfied
50742,14,NA
50743,14,NA
50744,16,Very Satisfied
50745,12,NA
50746,11,NA
50747,10,NA
50748,12,Very Dissatisfied
50749,12,Very Satisfied
50750,14,Very Satisfied
50751,12,NA
50752,12,NA
50753,17,NA
50754,19,Mod. Satisfied
50755,12,Very Satisfied
50756,10,Mod. Satisfied
50757,9,NA
50758,16,NA
50759,12,Very Satisfied
50760,16,NA
50761,16,Very Dissatisfied
50762,10,NA
50763,9,Mod. Satisfied
50764,13,NA
50765,16,A Little Dissat
50766,9,NA
50767,13,Very Satisfied
50768,17,NA
50769,13,Very Satisfied
50770,14,NA
50771,14,NA
50772,12,Very Satisfied
50773,12,Mod. Satisfied
50774,12,NA
50775,16,Very Satisfied
50776,7,NA
50777,13,Mod. Satisfied
50778,11,NA
50779,13,NA
50780,14,Very Satisfied
50781,12,NA
50782,12,NA
50783,12,NA
50784,14,Mod. Satisfied
50785,15,Mod. Satisfied
50786,17,Mod. Satisfied
50787,18,NA
50788,19,Very Satisfied
50789,4,Mod. Satisfied
50790,14,NA
50791,15,NA
50792,15,NA
50793,19,NA
50794,15,Mod. Satisfied
50795,14,NA
50796,14,NA
50797,20,NA
50798,12,NA
50799,16,NA
50800,17,NA
50801,15,NA
50802,14,Very Satisfied
50803,20,Very Satisfied
50804,13,Very Satisfied
50805,12,Very Satisfied
50806,15,Very Satisfied
50807,9,Very Satisfied
50808,16,Very Satisfied
50809,14,NA
50810,16,NA
50811,13,NA
50812,13,NA
50813,14,Mod. Satisfied
50814,18,Very Satisfied
50815,14,NA
50816,15,Very Satisfied
50817,12,Very Satisfied
50818,10,NA
50819,12,Mod. Satisfied
50820,12,Very Satisfied
50821,12,NA
50822,11,NA
50823,12,NA
50824,16,Very Satisfied
50825,15,Mod. Satisfied
50826,12,NA
50827,15,A Little Dissat
50828,12,NA
50829,12,NA
50830,12,NA
50831,17,Very Satisfied
50832,12,NA
50833,11,Very Satisfied
50834,12,NA
50835,13,Very Satisfied
50836,13,NA
50837,12,Very Satisfied
50838,11,A Little Dissat
50839,12,NA
50840,13,Very Satisfied
50841,8,NA
50842,12,NA
50843,12,NA
50844,10,NA
50845,8,NA
50846,16,Very Satisfied
50847,13,NA
50848,19,NA
50849,20,NA
50850,18,NA
50851,8,NA
50852,12,NA
50853,13,Very Satisfied
50854,12,NA
50855,7,NA
50856,12,A Little Dissat
50857,16,Mod. Satisfied
50858,12,NA
50859,12,A Little Dissat
50860,18,NA
50861,11,Mod. Satisfied
50862,13,Very Satisfied
50863,16,Mod. Satisfied
50864,16,Very Satisfied
50865,10,Very Dissatisfied
50866,13,Mod. Satisfied
50867,19,Very Satisfied
50868,2,NA
50869,12,NA
50870,12,Mod. Satisfied
50871,12,NA
50872,14,Very Satisfied
50873,12,Very Satisfied
50874,13,NA
50875,9,NA
50876,12,NA
50877,6,Very Dissatisfied
50878,12,Very Satisfied
50879,12,Mod. Satisfied
50880,15,NA
50881,12,NA
50882,19,Mod. Satisfied
50883,13,Very Satisfied
50884,12,Mod. Satisfied
50885,12,Mod. Satisfied
50886,12,NA
50887,15,NA
50888,12,NA
50889,14,NA
50890,12,NA
50891,NA,NA
50892,12,A Little Dissat
50893,2,NA
50894,12,Mod. Satisfied
50895,13,NA
50896,18,NA
50897,13,NA
50898,2,NA
50899,12,A Little Dissat
50900,16,Very Satisfied
50901,6,NA
50902,14,NA
50903,12,NA
50904,8,A Little Dissat
50905,17,NA
50906,14,Very Dissatisfied
50907,8,NA
50908,14,NA
50909,18,NA
50910,19,Very Satisfied
50911,12,Mod. Satisfied
50912,12,NA
50913,14,Very Satisfied
50914,15,Very Satisfied
50915,12,NA
50916,14,Very Satisfied
50917,14,NA
50918,12,Very Satisfied
50919,12,NA
50920,17,NA
50921,15,Very Satisfied
50922,13,NA
50923,15,Very Satisfied
50924,16,Very Satisfied
50925,12,Mod. Satisfied
50926,11,NA
50927,17,Very Dissatisfied
50928,16,A Little Dissat
50929,16,NA
50930,9,NA
50931,8,A Little Dissat
50932,14,NA
50933,10,NA
50934,12,Very Satisfied
50935,16,Very Satisfied
50936,12,NA
50937,14,NA
50938,11,NA
50939,16,NA
50940,18,NA
50941,13,NA
50942,13,NA
50943,6,NA
50944,18,NA
50945,12,NA
50946,12,NA
50947,20,NA
50948,16,Very Satisfied
50949,12,Very Satisfied
50950,15,Very Dissatisfied
50951,15,NA
50952,12,A Little Dissat
50953,16,NA
50954,14,NA
50955,13,Very Satisfied
50956,12,Very Satisfied
50957,17,Very Satisfied
50958,11,Mod. Satisfied
50959,18,Mod. Satisfied
50960,20,Mod. Satisfied
50961,16,NA
50962,16,Very Satisfied
50963,16,A Little Dissat
50964,16,NA
50965,14,Mod. Satisfied
50966,14,NA
50967,18,Very Satisfied
50968,9,NA
50969,12,NA
50970,15,NA
50971,12,Very Satisfied
50972,15,Very Satisfied
50973,12,NA
50974,16,NA
50975,7,NA
50976,12,NA
50977,12,NA
50978,12,NA
50979,12,A Little Dissat
50980,17,Very Satisfied
50981,13,Very Satisfied
50982,12,Mod. Satisfied
50983,12,A Little Dissat
50984,10,Very Satisfied
50985,12,Mod. Satisfied
50986,19,NA
50987,17,Mod. Satisfied
50988,9,NA
50989,12,NA
50990,7,NA
50991,14,Mod. Satisfied
50992,12,NA
50993,14,A Little Dissat
50994,10,NA
50995,12,Very Satisfied
50996,14,NA
50997,12,Very Satisfied
50998,14,NA
50999,16,Very Satisfied
51000,16,Very Satisfied
51001,14,Mod. Satisfied
51002,16,NA
51003,14,Very Satisfied
51004,14,Very Satisfied
51005,12,NA
51006,12,NA
51007,13,NA
51008,11,NA
51009,12,NA
51010,14,NA
51011,14,Mod. Satisfied
51012,1,Very Satisfied
51013,14,NA
51014,12,NA
51015,9,A Little Dissat
51016,16,Mod. Satisfied
51017,8,NA
51018,16,NA
51019,6,A Little Dissat
51020,12,Very Satisfied
51021,12,NA
51022,20,Mod. Satisfied
51023,13,Mod. Satisfied
51024,10,Very Satisfied
51025,12,Mod. Satisfied
51026,16,NA
51027,12,A Little Dissat
51028,12,Very Satisfied
51029,14,Mod. Satisfied
51030,9,NA
51031,17,Very Satisfied
51032,19,Very Dissatisfied
51033,18,NA
51034,16,NA
51035,16,Mod. Satisfied
51036,18,Mod. Satisfied
51037,15,Mod. Satisfied
51038,13,Very Satisfied
51039,16,Very Satisfied
51040,14,Mod. Satisfied
51041,12,NA
51042,12,Very Satisfied
51043,12,Mod. Satisfied
51044,13,NA
51045,13,Very Satisfied
51046,12,Very Satisfied
51047,14,Very Satisfied
51048,18,Mod. Satisfied
51049,14,Mod. Satisfied
51050,18,Very Satisfied
51051,18,NA
51052,12,Very Satisfied
51053,10,Mod. Satisfied
51054,12,A Little Dissat
51055,16,Mod. Satisfied
51056,16,Very Satisfied
51057,16,Mod. Satisfied
51058,14,Very Satisfied
51059,16,NA
51060,16,NA
51061,14,NA
51062,10,Very Satisfied
51063,13,Very Satisfied
51064,16,Mod. Satisfied
51065,15,Mod. Satisfied
51066,18,Very Satisfied
51067,20,Very Satisfied
51068,16,Mod. Satisfied
51069,14,Mod. Satisfied
51070,18,Very Satisfied
51071,16,A Little Dissat
51072,14,Very Satisfied
51073,16,NA
51074,15,A Little Dissat
51075,16,Mod. Satisfied
51076,17,Mod. Satisfied
51077,16,Very Satisfied
51078,12,A Little Dissat
51079,16,NA
51080,14,Mod. Satisfied
51081,20,Very Satisfied
51082,20,NA
51083,12,Mod. Satisfied
51084,9,Mod. Satisfied
51085,19,NA
51086,14,Very Satisfied
51087,12,Very Satisfied
51088,12,NA
51089,16,NA
51090,18,Very Satisfied
51091,12,Very Satisfied
51092,12,Very Dissatisfied
51093,16,NA
51094,12,Very Satisfied
51095,12,Mod. Satisfied
51096,12,NA
51097,14,NA
51098,12,Very Satisfied
51099,14,A Little Dissat
51100,15,Very Satisfied
51101,19,Very Satisfied
51102,16,A Little Dissat
51103,16,Mod. Satisfied
51104,13,NA
51105,11,Mod. Satisfied
51106,14,Very Satisfied
51107,15,NA
51108,13,Mod. Satisfied
51109,12,A Little Dissat
51110,16,Mod. Satisfied
51111,15,A Little Dissat
51112,12,NA
51113,13,Mod. Satisfied
51114,15,Mod. Satisfied
51115,16,Very Satisfied
51116,20,NA
51117,18,Mod. Satisfied
51118,8,Very Satisfied
51119,12,Mod. Satisfied
51120,15,A Little Dissat
51121,12,Very Satisfied
51122,12,NA
51123,19,NA
51124,11,NA
51125,12,NA
51126,10,Mod. Satisfied
51127,11,Very Satisfied
51128,18,Very Satisfied
51129,12,Very Satisfied
51130,12,Very Satisfied
51131,18,Mod. Satisfied
51132,18,NA
51133,16,Very Satisfied
51134,17,NA
51135,13,Very Satisfied
51136,16,Mod. Satisfied
51137,16,Very Dissatisfied
51138,13,NA
51139,18,Very Satisfied
51140,20,Very Satisfied
51141,16,Very Satisfied
51142,18,Mod. Satisfied
51143,16,Mod. Satisfied
51144,18,Very Satisfied
51145,12,Very Satisfied
51146,11,Mod. Satisfied
51147,11,A Little Dissat
51148,12,NA
51149,12,Very Satisfied
51150,15,Mod. Satisfied
51151,16,NA
51152,12,A Little Dissat
51153,12,Very Satisfied
51154,18,NA
51155,16,Mod. Satisfied
51156,18,Very Satisfied
51157,14,Mod. Satisfied
51158,16,NA
51159,16,Very Satisfied
51160,11,Mod. Satisfied
51161,14,Mod. Satisfied
51162,15,A Little Dissat
51163,12,Very Satisfied
51164,14,NA
51165,13,Very Satisfied
51166,16,Very Satisfied
51167,14,NA
51168,12,Mod. Satisfied
51169,9,Very Satisfied
51170,13,Very Satisfied
51171,12,A Little Dissat
51172,13,Very Satisfied
51173,6,Very Satisfied
51174,15,Very Satisfied
51175,11,NA
51176,12,Very Satisfied
51177,12,NA
51178,10,A Little Dissat
51179,6,A Little Dissat
51180,14,Very Satisfied
51181,9,Mod. Satisfied
51182,3,Very Satisfied
51183,16,A Little Dissat
51184,14,NA
51185,14,NA
51186,0,NA
51187,16,Very Satisfied
51188,15,Mod. Satisfied
51189,12,Mod. Satisfied
51190,9,NA
51191,17,NA
51192,14,NA
51193,12,Mod. Satisfied
51194,13,NA
51195,18,Very Satisfied
51196,16,NA
51197,19,NA
51198,19,A Little Dissat
51199,13,Mod. Satisfied
51200,14,Mod. Satisfied
51201,13,Mod. Satisfied
51202,13,Very Dissatisfied
51203,13,Mod. Satisfied
51204,0,NA
51205,15,NA
51206,16,Very Dissatisfied
51207,18,Mod. Satisfied
51208,16,Mod. Satisfied
51209,14,Mod. Satisfied
51210,15,Very Satisfied
51211,16,Mod. Satisfied
51212,16,Mod. Satisfied
51213,16,Mod. Satisfied
51214,6,Mod. Satisfied
51215,13,Very Satisfied
51216,16,A Little Dissat
51217,14,NA
51218,12,A Little Dissat
51219,11,Mod. Satisfied
51220,12,Very Satisfied
51221,11,Very Dissatisfied
51222,12,A Little Dissat
51223,9,Very Satisfied
51224,16,Very Satisfied
51225,9,Very Satisfied
51226,8,Mod. Satisfied
51227,13,Mod. Satisfied
51228,9,A Little Dissat
51229,12,NA
51230,11,Mod. Satisfied
51231,20,Mod. Satisfied
51232,16,Very Satisfied
51233,17,NA
51234,19,Very Satisfied
51235,13,Mod. Satisfied
51236,14,Very Satisfied
51237,12,Very Dissatisfied
51238,16,Very Satisfied
51239,16,Mod. Satisfied
51240,12,Very Satisfied
51241,12,Very Dissatisfied
51242,19,Mod. Satisfied
51243,14,NA
51244,12,NA
51245,11,Very Dissatisfied
51246,4,Very Satisfied
51247,14,Very Satisfied
51248,16,NA
51249,12,Very Satisfied
51250,14,Very Satisfied
51251,15,Mod. Satisfied
51252,14,Mod. Satisfied
51253,8,Mod. Satisfied
51254,14,Very Satisfied
51255,12,A Little Dissat
51256,12,Very Satisfied
51257,12,Very Satisfied
51258,8,Very Satisfied
51259,12,NA
51260,14,Mod. Satisfied
51261,16,NA
51262,12,Mod. Satisfied
51263,12,Very Satisfied
51264,15,Mod. Satisfied
51265,12,Mod. Satisfied
51266,10,Mod. Satisfied
51267,11,Mod. Satisfied
51268,12,NA
51269,13,NA
51270,13,Very Satisfied
51271,12,Very Satisfied
51272,16,Mod. Satisfied
51273,16,Mod. Satisfied
51274,13,Very Satisfied
51275,16,Mod. Satisfied
51276,12,A Little Dissat
51277,13,Very Satisfied
51278,16,Very Satisfied
51279,14,Very Satisfied
51280,NA,NA
51281,13,Mod. Satisfied
51282,12,A Little Dissat
51283,6,Mod. Satisfied
51284,12,Mod. Satisfied
51285,10,Very Dissatisfied
51286,14,Mod. Satisfied
51287,16,Very Satisfied
51288,18,NA
51289,18,NA
51290,17,Very Satisfied
51291,13,Mod. Satisfied
51292,16,Mod. Satisfied
51293,11,NA
51294,6,Very Satisfied
51295,13,NA
51296,15,Very Satisfied
51297,12,Very Satisfied
51298,14,Mod. Satisfied
51299,16,Very Satisfied
51300,14,Very Satisfied
51301,16,Mod. Satisfied
51302,20,Mod. Satisfied
51303,20,Mod. Satisfied
51304,14,NA
51305,11,Very Satisfied
51306,13,NA
51307,9,A Little Dissat
51308,14,Mod. Satisfied
51309,12,NA
51310,14,Very Satisfied
51311,6,Mod. Satisfied
51312,12,Mod. Satisfied
51313,4,Very Dissatisfied
51314,14,Very Satisfied
51315,14,Very Satisfied
51316,14,Very Satisfied
51317,8,NA
51318,14,Mod. Satisfied
51319,14,Mod. Satisfied
51320,16,Very Satisfied
51321,10,Mod. Satisfied
51322,13,A Little Dissat
51323,14,Very Satisfied
51324,11,Mod. Satisfied
51325,14,Very Satisfied
51326,14,Very Satisfied
51327,11,NA
51328,14,Mod. Satisfied
51329,14,Very Satisfied
51330,12,A Little Dissat
51331,11,Very Satisfied
51332,13,Very Satisfied
51333,12,NA
51334,13,NA
51335,16,Mod. Satisfied
51336,18,Very Satisfied
51337,14,NA
51338,14,Very Satisfied
51339,4,Very Satisfied
51340,12,Very Satisfied
51341,12,NA
51342,16,Very Satisfied
51343,20,A Little Dissat
51344,13,NA
51345,11,Mod. Satisfied
51346,13,Very Dissatisfied
51347,16,Mod. Satisfied
51348,17,NA
51349,15,A Little Dissat
51350,16,NA
51351,12,NA
51352,13,Mod. Satisfied
51353,12,Mod. Satisfied
51354,6,Mod. Satisfied
51355,4,NA
51356,16,NA
51357,16,Mod. Satisfied
51358,18,NA
51359,12,Mod. Satisfied
51360,12,NA
51361,16,Very Satisfied
51362,18,Very Satisfied
51363,14,Very Dissatisfied
51364,10,Mod. Satisfied
51365,11,NA
51366,14,Very Satisfied
51367,10,Mod. Satisfied
51368,13,Mod. Satisfied
51369,17,NA
51370,12,Very Satisfied
51371,14,Mod. Satisfied
51372,13,Mod. Satisfied
51373,16,Mod. Satisfied
51374,12,Very Satisfied
51375,6,NA
51376,3,NA
51377,12,A Little Dissat
51378,11,Very Dissatisfied
51379,14,Very Dissatisfied
51380,15,Very Satisfied
51381,15,Very Satisfied
51382,14,Mod. Satisfied
51383,14,Very Satisfied
51384,8,Mod. Satisfied
51385,12,Very Satisfied
51386,12,Mod. Satisfied
51387,12,Mod. Satisfied
51388,12,Mod. Satisfied
51389,12,Very Satisfied
51390,14,Very Satisfied
51391,16,Mod. Satisfied
51392,9,Mod. Satisfied
51393,15,Mod. Satisfied
51394,14,Very Satisfied
51395,12,Mod. Satisfied
51396,13,NA
51397,16,Very Dissatisfied
51398,17,Very Satisfied
51399,NA,Mod. Satisfied
51400,14,Mod. Satisfied
51401,20,Very Satisfied
51402,12,Mod. Satisfied
51403,18,Mod. Satisfied
51404,13,A Little Dissat
51405,16,Mod. Satisfied
51406,13,A Little Dissat
51407,14,Mod. Satisfied
51408,16,Mod. Satisfied
51409,12,NA
51410,17,Mod. Satisfied
51411,13,A Little Dissat
51412,15,NA
51413,13,NA
51414,11,Very Dissatisfied
51415,12,Very Satisfied
51416,12,NA
51417,18,NA
51418,15,Mod. Satisfied
51419,13,Very Satisfied
51420,11,Very Satisfied
51421,15,NA
51422,8,NA
51423,14,Very Satisfied
51424,14,Very Satisfied
51425,16,Very Satisfied
51426,16,Very Satisfied
51427,12,A Little Dissat
51428,18,NA
51429,11,A Little Dissat
51430,6,Mod. Satisfied
51431,11,Very Satisfied
51432,4,Very Satisfied
51433,18,Mod. Satisfied
51434,11,Very Satisfied
51435,14,Very Satisfied
51436,12,NA
51437,15,Very Satisfied
51438,15,Very Satisfied
51439,16,NA
51440,12,Very Satisfied
51441,15,Very Satisfied
51442,9,Very Satisfied
51443,12,Very Satisfied
51444,12,Very Satisfied
51445,8,Very Dissatisfied
51446,11,Very Satisfied
51447,10,Very Satisfied
51448,12,Very Satisfied
51449,12,Mod. Satisfied
51450,11,Very Satisfied
51451,12,Mod. Satisfied
51452,12,Very Satisfied
51453,7,Very Satisfied
51454,11,Mod. Satisfied
51455,6,Very Dissatisfied
51456,16,Very Dissatisfied
51457,19,Very Dissatisfied
51458,16,Very Satisfied
51459,12,Very Satisfied
51460,16,A Little Dissat
51461,12,Very Satisfied
51462,20,NA
51463,16,NA
51464,18,Very Dissatisfied
51465,16,Very Satisfied
51466,19,Very Satisfied
51467,13,Very Satisfied
51468,7,Very Satisfied
51469,6,Very Satisfied
51470,6,A Little Dissat
51471,18,Mod. Satisfied
51472,16,NA
51473,18,Mod. Satisfied
51474,16,Mod. Satisfied
51475,12,Mod. Satisfied
51476,13,Very Satisfied
51477,16,NA
51478,17,Very Satisfied
51479,16,A Little Dissat
51480,18,Mod. Satisfied
51481,12,Mod. Satisfied
51482,13,Very Satisfied
51483,12,A Little Dissat
51484,17,Mod. Satisfied
51485,9,Very Satisfied
51486,9,Mod. Satisfied
51487,13,Very Satisfied
51488,16,Very Satisfied
51489,16,Mod. Satisfied
51490,17,Mod. Satisfied
51491,18,A Little Dissat
51492,2,Mod. Satisfied
51493,6,Very Dissatisfied
51494,16,Very Satisfied
51495,14,NA
51496,16,Mod. Satisfied
51497,9,Mod. Satisfied
51498,13,Very Satisfied
51499,16,NA
51500,14,Very Satisfied
51501,6,Mod. Satisfied
51502,15,Mod. Satisfied
51503,12,Very Dissatisfied
51504,12,Very Satisfied
51505,11,A Little Dissat
51506,13,Mod. Satisfied
51507,12,Very Satisfied
51508,16,A Little Dissat
51509,16,Very Satisfied
51510,13,Mod. Satisfied
51511,16,Mod. Satisfied
51512,12,A Little Dissat
51513,16,Very Satisfied
51514,19,Mod. Satisfied
51515,16,A Little Dissat
51516,17,Very Satisfied
51517,16,Very Satisfied
51518,11,Very Satisfied
51519,18,Mod. Satisfied
51520,12,Very Satisfied
51521,16,NA
51522,8,Mod. Satisfied
51523,6,Very Dissatisfied
51524,18,NA
51525,12,Mod. Satisfied
51526,12,Mod. Satisfied
51527,13,Mod. Satisfied
51528,16,Mod. Satisfied
51529,15,A Little Dissat
51530,16,Mod. Satisfied
51531,14,Very Satisfied
51532,14,A Little Dissat
51533,9,Mod. Satisfied
51534,16,Very Satisfied
51535,18,Very Satisfied
51536,14,Very Satisfied
51537,12,Mod. Satisfied
51538,16,Mod. Satisfied
51539,18,Very Satisfied
51540,20,NA
51541,20,Very Satisfied
51542,16,NA
51543,12,NA
51544,14,NA
51545,11,Mod. Satisfied
51546,12,Mod. Satisfied
51547,16,Mod. Satisfied
51548,12,NA
51549,16,Very Satisfied
51550,16,Mod. Satisfied
51551,12,A Little Dissat
51552,16,Very Satisfied
51553,15,Very Satisfied
51554,13,Mod. Satisfied
51555,NA,A Little Dissat
51556,14,Very Satisfied
51557,12,Mod. Satisfied
51558,8,Mod. Satisfied
51559,18,Very Satisfied
51560,12,Mod. Satisfied
51561,12,Mod. Satisfied
51562,10,Very Satisfied
51563,16,Very Satisfied
51564,12,Very Satisfied
51565,14,Mod. Satisfied
51566,11,Very Satisfied
51567,12,NA
51568,13,Very Satisfied
51569,12,Very Satisfied
51570,12,NA
51571,12,Very Satisfied
51572,12,NA
51573,12,Very Satisfied
51574,14,NA
51575,13,NA
51576,16,NA
51577,18,NA
51578,14,Mod. Satisfied
51579,13,Very Satisfied
51580,14,Mod. Satisfied
51581,16,NA
51582,14,Very Satisfied
51583,12,Very Satisfied
51584,12,Mod. Satisfied
51585,13,NA
51586,17,Mod. Satisfied
51587,18,Very Satisfied
51588,9,Very Satisfied
51589,12,Very Satisfied
51590,12,Very Satisfied
51591,14,Very Satisfied
51592,16,NA
51593,10,NA
51594,11,NA
51595,17,A Little Dissat
51596,12,NA
51597,16,Very Satisfied
51598,11,Very Satisfied
51599,13,Mod. Satisfied
51600,15,Mod. Satisfied
51601,12,Mod. Satisfied
51602,12,NA
51603,16,Mod. Satisfied
51604,11,Very Satisfied
51605,16,Mod. Satisfied
51606,16,NA
51607,18,Very Satisfied
51608,17,Very Satisfied
51609,19,NA
51610,12,Very Satisfied
51611,12,Mod. Satisfied
51612,12,NA
51613,15,Very Satisfied
51614,13,Very Satisfied
51615,16,Very Satisfied
51616,12,Very Satisfied
51617,15,Mod. Satisfied
51618,18,Very Satisfied
51619,16,Very Satisfied
51620,12,NA
51621,19,Very Satisfied
51622,14,Mod. Satisfied
51623,12,Very Satisfied
51624,16,Mod. Satisfied
51625,16,Very Satisfied
51626,5,Very Satisfied
51627,12,Very Satisfied
51628,12,NA
51629,14,Very Satisfied
51630,12,A Little Dissat
51631,12,Very Satisfied
51632,15,NA
51633,13,NA
51634,16,Mod. Satisfied
51635,16,Very Satisfied
51636,12,Very Satisfied
51637,13,Very Satisfied
51638,12,Mod. Satisfied
51639,13,Very Satisfied
51640,13,A Little Dissat
51641,16,Very Satisfied
51642,12,Mod. Satisfied
51643,17,Mod. Satisfied
51644,18,Very Satisfied
51645,12,Very Satisfied
51646,12,NA
51647,12,Very Satisfied
51648,12,Very Satisfied
51649,20,Very Satisfied
51650,12,Very Satisfied
51651,5,NA
51652,12,NA
51653,14,Mod. Satisfied
51654,10,Mod. Satisfied
51655,12,NA
51656,12,NA
51657,15,Very Satisfied
51658,16,Mod. Satisfied
51659,12,Very Satisfied
51660,14,Very Satisfied
51661,14,Very Satisfied
51662,18,Very Satisfied
51663,8,NA
51664,12,Mod. Satisfied
51665,18,Mod. Satisfied
51666,9,NA
51667,14,Very Satisfied
51668,3,Very Satisfied
51669,14,Very Satisfied
51670,11,NA
51671,11,Mod. Satisfied
51672,12,NA
51673,15,Very Satisfied
51674,14,NA
51675,4,Very Satisfied
51676,3,Very Satisfied
51677,16,Very Satisfied
51678,16,Very Satisfied
51679,19,Very Dissatisfied
51680,12,NA
51681,18,Very Satisfied
51682,16,Very Satisfied
51683,14,Very Satisfied
51684,16,NA
51685,12,Very Satisfied
51686,18,A Little Dissat
51687,17,Very Satisfied
51688,12,NA
51689,14,Mod. Satisfied
51690,0,NA
51691,14,Very Satisfied
51692,13,Very Satisfied
51693,20,Very Satisfied
51694,18,Mod. Satisfied
51695,18,NA
51696,20,Very Satisfied
51697,18,Mod. Satisfied
51698,8,Mod. Satisfied
51699,16,Mod. Satisfied
51700,19,Mod. Satisfied
51701,12,Very Satisfied
51702,14,NA
51703,11,A Little Dissat
51704,12,A Little Dissat
51705,11,A Little Dissat
51706,7,Very Dissatisfied
51707,14,Mod. Satisfied
51708,16,Mod. Satisfied
51709,14,Very Satisfied
51710,14,Very Satisfied
51711,19,Very Satisfied
51712,16,Very Satisfied
51713,18,Very Satisfied
51714,16,Very Satisfied
51715,12,Very Satisfied
51716,19,Mod. Satisfied
51717,16,Very Satisfied
51718,15,Mod. Satisfied
51719,15,A Little Dissat
51720,16,Very Satisfied
51721,16,Very Satisfied
51722,14,Very Satisfied
51723,20,A Little Dissat
51724,20,Very Satisfied
51725,16,Very Satisfied
51726,16,Mod. Satisfied
51727,8,Mod. Satisfied
51728,9,Very Dissatisfied
51729,12,Mod. Satisfied
51730,17,NA
51731,15,A Little Dissat
51732,14,Mod. Satisfied
51733,14,Very Satisfied
51734,16,Very Satisfied
51735,12,Mod. Satisfied
51736,14,Very Satisfied
51737,18,Very Satisfied
51738,19,NA
51739,16,Very Satisfied
51740,16,Very Satisfied
51741,14,Very Satisfied
51742,12,A Little Dissat
51743,12,Very Satisfied
51744,12,NA
51745,12,NA
51746,12,A Little Dissat
51747,12,Mod. Satisfied
51748,12,Mod. Satisfied
51749,16,Very Satisfied
51750,12,Mod. Satisfied
51751,13,NA
51752,9,Mod. Satisfied
51753,12,Mod. Satisfied
51754,13,Very Satisfied
51755,12,Mod. Satisfied
51756,16,Very Satisfied
51757,11,Very Satisfied
51758,12,Mod. Satisfied
51759,6,Mod. Satisfied
51760,12,Very Satisfied
51761,16,Very Satisfied
51762,12,A Little Dissat
51763,12,NA
51764,14,Mod. Satisfied
51765,16,NA
51766,12,Mod. Satisfied
51767,16,Very Satisfied
51768,16,Very Satisfied
51769,12,Very Satisfied
51770,12,Very Satisfied
51771,12,Mod. Satisfied
51772,11,Mod. Satisfied
51773,12,Very Dissatisfied
51774,11,A Little Dissat
51775,16,A Little Dissat
51776,11,Very Satisfied
51777,18,NA
51778,16,Very Satisfied
51779,15,Mod. Satisfied
51780,18,NA
51781,20,Mod. Satisfied
51782,16,Very Satisfied
51783,16,Very Satisfied
51784,17,Very Satisfied
51785,12,Very Satisfied
51786,12,NA
51787,19,Mod. Satisfied
51788,16,NA
51789,14,Very Satisfied
51790,12,Very Satisfied
51791,12,NA
51792,16,Very Satisfied
51793,14,Mod. Satisfied
51794,18,NA
51795,16,A Little Dissat
51796,17,Very Satisfied
51797,11,Very Satisfied
51798,14,Mod. Satisfied
51799,12,NA
51800,14,Very Satisfied
51801,12,A Little Dissat
51802,11,NA
51803,18,Very Satisfied
51804,9,Mod. Satisfied
51805,12,Mod. Satisfied
51806,20,A Little Dissat
51807,15,NA
51808,20,NA
51809,14,Mod. Satisfied
51810,18,NA
51811,20,Mod. Satisfied
51812,11,NA
51813,11,Very Satisfied
51814,14,A Little Dissat
51815,13,NA
51816,14,NA
51817,14,Mod. Satisfied
51818,18,NA
51819,18,Very Satisfied
51820,13,Very Satisfied
51821,12,Very Satisfied
51822,14,A Little Dissat
51823,16,Very Satisfied
51824,16,Very Satisfied
51825,12,Very Dissatisfied
51826,12,Mod. Satisfied
51827,16,Mod. Satisfied
51828,14,Very Satisfied
51829,16,Mod. Satisfied
51830,12,Mod. Satisfied
51831,16,Very Satisfied
51832,12,Mod. Satisfied
51833,12,Mod. Satisfied
51834,13,NA
51835,16,Very Satisfied
51836,14,NA
51837,16,Very Satisfied
51838,14,Mod. Satisfied
51839,11,Very Satisfied
51840,11,Very Satisfied
51841,14,A Little Dissat
51842,13,Very Satisfied
51843,12,Mod. Satisfied
51844,12,Mod. Satisfied
51845,13,Very Satisfied
51846,17,Very Satisfied
51847,12,NA
51848,14,A Little Dissat
51849,18,Very Satisfied
51850,12,NA
51851,12,Mod. Satisfied
51852,12,Very Satisfied
51853,12,NA
51854,12,NA
51855,12,NA
51856,12,NA
51857,12,Very Satisfied
51858,14,Very Satisfied
51859,16,NA
51860,14,Mod. Satisfied
51861,14,NA
51862,13,Very Satisfied
51863,14,Mod. Satisfied
51864,18,Very Satisfied
51865,14,Mod. Satisfied
51866,13,NA
51867,10,NA
51868,20,Mod. Satisfied
51869,12,NA
51870,15,Mod. Satisfied
51871,10,NA
51872,12,A Little Dissat
51873,13,Very Satisfied
51874,12,NA
51875,16,NA
51876,16,Mod. Satisfied
51877,12,Mod. Satisfied
51878,16,Mod. Satisfied
51879,10,Mod. Satisfied
51880,13,Very Satisfied
51881,12,Very Satisfied
51882,16,A Little Dissat
51883,13,NA
51884,12,Mod. Satisfied
51885,12,NA
51886,11,Mod. Satisfied
51887,12,Very Dissatisfied
51888,12,NA
51889,14,Mod. Satisfied
51890,14,Very Satisfied
51891,10,NA
51892,18,NA
51893,12,Very Satisfied
51894,14,Very Satisfied
51895,12,NA
51896,16,Mod. Satisfied
51897,13,NA
51898,13,NA
51899,12,NA
51900,10,Mod. Satisfied
51901,10,NA
51902,20,Very Satisfied
51903,14,Mod. Satisfied
51904,12,Mod. Satisfied
51905,9,A Little Dissat
51906,12,NA
51907,12,Very Satisfied
51908,7,NA
51909,6,NA
51910,18,Very Satisfied
51911,13,Mod. Satisfied
51912,12,Mod. Satisfied
51913,12,Very Satisfied
51914,11,Mod. Satisfied
51915,16,NA
51916,20,Very Satisfied
51917,12,Very Satisfied
51918,12,NA
51919,14,Very Satisfied
51920,12,Mod. Satisfied
51921,12,NA
51922,12,NA
51923,12,A Little Dissat
51924,18,NA
51925,16,NA
51926,12,Very Satisfied
51927,12,Very Satisfied
51928,12,Mod. Satisfied
51929,8,Very Satisfied
51930,16,Very Satisfied
51931,12,Very Satisfied
51932,16,Mod. Satisfied
51933,15,Very Satisfied
51934,17,NA
51935,14,NA
51936,12,Very Satisfied
51937,12,Very Satisfied
51938,16,Mod. Satisfied
51939,20,Very Satisfied
51940,12,Very Dissatisfied
51941,12,Mod. Satisfied
51942,12,A Little Dissat
51943,8,Mod. Satisfied
51944,11,Mod. Satisfied
51945,16,Very Satisfied
51946,16,Mod. Satisfied
51947,13,NA
51948,16,NA
51949,18,Very Satisfied
51950,16,Very Satisfied
51951,10,Mod. Satisfied
51952,12,Very Satisfied
51953,18,Very Satisfied
51954,20,Very Satisfied
51955,14,Very Satisfied
51956,11,NA
51957,14,NA
51958,13,Mod. Satisfied
51959,NA,NA
51960,12,NA
51961,12,Very Dissatisfied
51962,12,NA
51963,0,Mod. Satisfied
51964,12,Mod. Satisfied
51965,16,Very Satisfied
51966,12,A Little Dissat
51967,12,Mod. Satisfied
51968,18,NA
51969,15,Very Satisfied
51970,18,Very Satisfied
51971,14,NA
51972,19,Very Satisfied
51973,14,Mod. Satisfied
51974,16,Very Satisfied
51975,16,Mod. Satisfied
51976,18,Mod. Satisfied
51977,13,Mod. Satisfied
51978,16,Mod. Satisfied
51979,16,Very Satisfied
51980,12,NA
51981,9,A Little Dissat
51982,14,Mod. Satisfied
51983,12,Mod. Satisfied
51984,16,Mod. Satisfied
51985,16,Mod. Satisfied
51986,15,Mod. Satisfied
51987,13,Very Satisfied
51988,18,Mod. Satisfied
51989,12,Mod. Satisfied
51990,12,Very Satisfied
51991,11,Very Satisfied
51992,20,NA
51993,16,NA
51994,16,Very Satisfied
51995,16,Very Satisfied
51996,12,Mod. Satisfied
51997,16,Mod. Satisfied
51998,12,Mod. Satisfied
51999,16,Very Satisfied
52000,20,NA
52001,19,Very Satisfied
52002,15,Very Satisfied
52003,16,Mod. Satisfied
52004,20,Very Satisfied
52005,7,NA
52006,6,NA
52007,15,NA
52008,16,Very Satisfied
52009,13,Very Satisfied
52010,16,NA
52011,11,NA
52012,18,Very Satisfied
52013,12,Very Satisfied
52014,16,Very Satisfied
52015,13,Mod. Satisfied
52016,13,A Little Dissat
52017,16,NA
52018,13,A Little Dissat
52019,12,Very Satisfied
52020,13,Very Satisfied
52021,14,A Little Dissat
52022,12,NA
52023,18,Mod. Satisfied
52024,16,Mod. Satisfied
52025,12,Mod. Satisfied
52026,11,Mod. Satisfied
52027,18,Very Satisfied
52028,12,Mod. Satisfied
52029,10,Very Satisfied
52030,14,Mod. Satisfied
52031,12,NA
52032,16,Very Satisfied
52033,12,Mod. Satisfied
52034,12,Very Satisfied
52035,14,Mod. Satisfied
52036,11,Mod. Satisfied
52037,18,Mod. Satisfied
52038,12,NA
52039,19,Very Dissatisfied
52040,13,Very Satisfied
52041,12,NA
52042,10,Mod. Satisfied
52043,19,Very Satisfied
52044,16,NA
52045,17,Mod. Satisfied
52046,17,Mod. Satisfied
52047,8,NA
52048,14,Very Satisfied
52049,12,Very Dissatisfied
52050,13,Very Satisfied
52051,16,Mod. Satisfied
52052,12,Very Satisfied
52053,12,Very Satisfied
52054,17,Mod. Satisfied
52055,12,NA
52056,15,Very Satisfied
52057,12,Very Satisfied
52058,12,NA
52059,13,Very Satisfied
52060,12,NA
52061,11,NA
52062,20,Very Satisfied
52063,15,Mod. Satisfied
52064,12,NA
52065,17,Mod. Satisfied
52066,10,Very Satisfied
52067,9,NA
52068,10,Mod. Satisfied
52069,6,Very Satisfied
52070,12,NA
52071,10,NA
52072,12,Very Satisfied
52073,12,Very Satisfied
52074,10,Very Satisfied
52075,17,NA
52076,15,A Little Dissat
52077,18,NA
52078,16,A Little Dissat
52079,19,NA
52080,14,Very Satisfied
52081,16,Very Satisfied
52082,16,Mod. Satisfied
52083,12,Mod. Satisfied
52084,12,Very Satisfied
52085,12,Very Satisfied
52086,13,Mod. Satisfied
52087,14,Mod. Satisfied
52088,13,Very Satisfied
52089,14,Very Satisfied
52090,12,Mod. Satisfied
52091,12,Mod. Satisfied
52092,12,NA
52093,14,Very Satisfied
52094,12,Very Satisfied
52095,12,NA
52096,10,Very Satisfied
52097,19,NA
52098,12,A Little Dissat
52099,12,Very Satisfied
52100,12,A Little Dissat
52101,16,A Little Dissat
52102,12,Mod. Satisfied
52103,13,Very Satisfied
52104,12,Mod. Satisfied
52105,14,NA
52106,12,Mod. Satisfied
52107,13,NA
52108,16,NA
52109,12,NA
52110,14,Mod. Satisfied
52111,16,Very Satisfied
52112,14,NA
52113,16,NA
52114,16,NA
52115,16,NA
52116,16,Mod. Satisfied
52117,18,Mod. Satisfied
52118,12,Very Satisfied
52119,18,Mod. Satisfied
52120,12,NA
52121,14,Very Satisfied
52122,14,Very Satisfied
52123,14,Very Satisfied
52124,12,Very Satisfied
52125,12,NA
52126,11,Mod. Satisfied
52127,14,NA
52128,17,Mod. Satisfied
52129,12,Very Satisfied
52130,12,Very Satisfied
52131,13,Very Satisfied
52132,14,Mod. Satisfied
52133,12,Very Satisfied
52134,14,Very Satisfied
52135,15,Mod. Satisfied
52136,12,Mod. Satisfied
52137,14,Mod. Satisfied
52138,14,Mod. Satisfied
52139,13,Mod. Satisfied
52140,12,Very Satisfied
52141,13,Very Satisfied
52142,14,NA
52143,12,Very Satisfied
52144,16,NA
52145,16,Very Satisfied
52146,12,Mod. Satisfied
52147,15,NA
52148,12,Very Satisfied
52149,12,A Little Dissat
52150,14,A Little Dissat
52151,12,NA
52152,18,NA
52153,13,Very Satisfied
52154,12,Very Dissatisfied
52155,13,A Little Dissat
52156,14,Very Satisfied
52157,14,Very Satisfied
52158,15,Mod. Satisfied
52159,18,Very Satisfied
52160,18,Very Satisfied
52161,16,Mod. Satisfied
52162,16,Very Satisfied
52163,11,NA
52164,10,A Little Dissat
52165,12,Very Satisfied
52166,12,Mod. Satisfied
52167,12,Mod. Satisfied
52168,10,NA
52169,12,Mod. Satisfied
52170,12,Mod. Satisfied
52171,15,Very Satisfied
52172,11,A Little Dissat
52173,16,Very Satisfied
52174,18,Very Satisfied
52175,16,Very Satisfied
52176,20,Very Satisfied
52177,16,Very Satisfied
52178,16,Mod. Satisfied
52179,12,NA
52180,16,Mod. Satisfied
52181,20,Very Satisfied
52182,13,Very Satisfied
52183,16,Very Satisfied
52184,15,A Little Dissat
52185,15,Very Satisfied
52186,12,A Little Dissat
52187,12,Very Dissatisfied
52188,9,A Little Dissat
52189,10,Very Satisfied
52190,7,Mod. Satisfied
52191,12,Mod. Satisfied
52192,11,Mod. Satisfied
52193,19,Very Satisfied
52194,9,Mod. Satisfied
52195,8,NA
52196,20,NA
52197,16,Very Satisfied
52198,9,Very Satisfied
52199,14,NA
52200,13,Mod. Satisfied
52201,14,Very Satisfied
52202,12,Very Satisfied
52203,12,Very Satisfied
52204,12,Very Satisfied
52205,14,Mod. Satisfied
52206,19,Very Satisfied
52207,14,Mod. Satisfied
52208,16,Mod. Satisfied
52209,20,Mod. Satisfied
52210,16,Very Satisfied
52211,16,Very Satisfied
52212,15,NA
52213,16,NA
52214,16,Very Satisfied
52215,18,NA
52216,15,Very Satisfied
52217,5,NA
52218,12,Very Satisfied
52219,12,Very Satisfied
52220,13,Mod. Satisfied
52221,14,Mod. Satisfied
52222,18,Mod. Satisfied
52223,12,Very Satisfied
52224,12,Mod. Satisfied
52225,12,Very Satisfied
52226,18,Mod. Satisfied
52227,12,Mod. Satisfied
52228,12,NA
52229,10,Very Satisfied
52230,9,NA
52231,9,A Little Dissat
52232,12,Very Satisfied
52233,12,Very Satisfied
52234,16,NA
52235,16,A Little Dissat
52236,16,Mod. Satisfied
52237,12,Mod. Satisfied
52238,10,Very Satisfied
52239,16,NA
52240,17,Very Satisfied
52241,20,Very Satisfied
52242,16,Very Satisfied
52243,14,Very Satisfied
52244,6,Very Satisfied
52245,16,Very Satisfied
52246,12,Very Satisfied
52247,10,Mod. Satisfied
52248,16,Very Satisfied
52249,16,A Little Dissat
52250,18,Very Satisfied
52251,12,Very Satisfied
52252,12,Mod. Satisfied
52253,18,Mod. Satisfied
52254,9,Very Satisfied
52255,16,Mod. Satisfied
52256,8,Mod. Satisfied
52257,9,Very Dissatisfied
52258,11,Very Satisfied
52259,12,Mod. Satisfied
52260,4,NA
52261,9,NA
52262,14,NA
52263,16,Very Satisfied
52264,9,Mod. Satisfied
52265,11,A Little Dissat
52266,11,Very Satisfied
52267,7,Very Satisfied
52268,14,NA
52269,3,NA
52270,5,Very Satisfied
52271,9,Very Satisfied
52272,12,Mod. Satisfied
52273,12,Mod. Satisfied
52274,20,Mod. Satisfied
52275,14,Mod. Satisfied
52276,12,Very Satisfied
52277,16,NA
52278,16,Very Satisfied
52279,12,Very Satisfied
52280,13,Mod. Satisfied
52281,8,Very Satisfied
52282,12,Very Dissatisfied
52283,12,Mod. Satisfied
52284,12,Mod. Satisfied
52285,14,Very Satisfied
52286,12,Mod. Satisfied
52287,12,Mod. Satisfied
52288,14,Very Satisfied
52289,13,Very Satisfied
52290,20,Very Satisfied
52291,15,Very Satisfied
52292,16,Very Satisfied
52293,12,A Little Dissat
52294,12,Mod. Satisfied
52295,14,Very Satisfied
52296,14,Very Satisfied
52297,12,Very Dissatisfied
52298,14,Mod. Satisfied
52299,17,Mod. Satisfied
52300,12,Very Satisfied
52301,14,Mod. Satisfied
52302,10,Very Satisfied
52303,12,NA
52304,12,NA
52305,11,NA
52306,13,Mod. Satisfied
52307,13,NA
52308,12,Very Satisfied
52309,14,Very Satisfied
52310,12,Very Satisfied
52311,14,Very Satisfied
52312,18,NA
52313,10,NA
52314,12,Very Satisfied
52315,9,NA
52316,12,Very Satisfied
52317,18,Very Satisfied
52318,12,NA
52319,10,Mod. Satisfied
52320,14,Very Satisfied
52321,14,Very Satisfied
52322,16,A Little Dissat
52323,16,NA
52324,12,NA
52325,8,NA
52326,14,Mod. Satisfied
52327,16,Mod. Satisfied
52328,11,Very Satisfied
52329,12,Mod. Satisfied
52330,11,NA
52331,18,Very Satisfied
52332,14,A Little Dissat
52333,14,NA
52334,7,NA
52335,12,NA
52336,11,NA
52337,12,NA
52338,15,Mod. Satisfied
52339,12,NA
52340,14,NA
52341,12,NA
52342,11,Very Satisfied
52343,16,NA
52344,12,Very Satisfied
52345,11,Mod. Satisfied
52346,12,Very Satisfied
52347,0,Mod. Satisfied
52348,5,Mod. Satisfied
52349,11,A Little Dissat
52350,6,Mod. Satisfied
52351,4,Very Satisfied
52352,11,Very Satisfied
52353,12,Mod. Satisfied
52354,16,Very Satisfied
52355,12,Mod. Satisfied
52356,18,Mod. Satisfied
52357,10,NA
52358,18,Very Satisfied
52359,14,Very Satisfied
52360,14,Mod. Satisfied
52361,16,Mod. Satisfied
52362,20,Very Satisfied
52363,12,Mod. Satisfied
52364,13,Very Satisfied
52365,14,A Little Dissat
52366,16,Mod. Satisfied
52367,14,Very Satisfied
52368,12,Very Satisfied
52369,11,NA
52370,14,Mod. Satisfied
52371,15,NA
52372,8,Very Dissatisfied
52373,17,Mod. Satisfied
52374,17,Very Dissatisfied
52375,16,Very Satisfied
52376,14,Very Satisfied
52377,12,Mod. Satisfied
52378,12,Mod. Satisfied
52379,17,Mod. Satisfied
52380,11,NA
52381,16,Very Satisfied
52382,12,Mod. Satisfied
52383,16,Very Satisfied
52384,7,NA
52385,15,Mod. Satisfied
52386,12,A Little Dissat
52387,20,NA
52388,12,NA
52389,16,NA
52390,13,Mod. Satisfied
52391,11,Very Satisfied
52392,12,Very Satisfied
52393,12,Mod. Satisfied
52394,16,Mod. Satisfied
52395,10,Very Satisfied
52396,14,NA
52397,18,Very Satisfied
52398,12,NA
52399,12,Very Satisfied
52400,14,Very Satisfied
52401,14,Mod. Satisfied
52402,12,Very Satisfied
52403,14,Very Satisfied
52404,12,Very Satisfied
52405,16,Very Satisfied
52406,14,NA
52407,16,NA
52408,12,NA
52409,12,NA
52410,12,NA
52411,11,NA
52412,13,Very Satisfied
52413,16,Very Satisfied
52414,16,A Little Dissat
52415,15,NA
52416,15,Very Satisfied
52417,18,Very Satisfied
52418,16,Mod. Satisfied
52419,10,Very Satisfied
52420,17,NA
52421,15,Mod. Satisfied
52422,12,Very Satisfied
52423,16,Very Satisfied
52424,20,Very Satisfied
52425,12,Mod. Satisfied
52426,12,Mod. Satisfied
52427,10,Very Satisfied
52428,18,Mod. Satisfied
52429,14,Very Satisfied
52430,10,Mod. Satisfied
52431,16,A Little Dissat
52432,13,NA
52433,18,Very Satisfied
52434,6,Mod. Satisfied
52435,4,A Little Dissat
52436,8,Mod. Satisfied
52437,9,Very Satisfied
52438,13,Very Satisfied
52439,11,Very Satisfied
52440,14,Mod. Satisfied
52441,10,Mod. Satisfied
52442,13,Very Satisfied
52443,11,Mod. Satisfied
52444,14,Very Satisfied
52445,11,A Little Dissat
52446,6,Very Satisfied
52447,12,Very Satisfied
52448,12,NA
52449,14,Very Satisfied
52450,12,Very Satisfied
52451,18,Very Satisfied
52452,14,NA
52453,10,NA
52454,12,Very Satisfied
52455,13,Very Satisfied
52456,11,NA
52457,14,NA
52458,15,Mod. Satisfied
52459,16,Mod. Satisfied
52460,17,Very Satisfied
52461,14,Very Satisfied
52462,8,Very Satisfied
52463,12,Very Satisfied
52464,14,NA
52465,12,Mod. Satisfied
52466,12,Very Satisfied
52467,16,Very Satisfied
52468,20,Very Satisfied
52469,16,Very Satisfied
52470,12,Mod. Satisfied
52471,16,NA
52472,20,Very Satisfied
52473,12,A Little Dissat
52474,16,A Little Dissat
52475,13,Very Satisfied
52476,15,Very Satisfied
52477,12,NA
52478,18,Very Satisfied
52479,18,Very Satisfied
52480,18,Very Satisfied
52481,15,Very Satisfied
52482,18,Very Satisfied
52483,12,Very Satisfied
52484,16,Mod. Satisfied
52485,12,NA
52486,12,Very Dissatisfied
52487,18,Very Satisfied
52488,14,Very Satisfied
52489,14,Mod. Satisfied
52490,16,NA
52491,14,Very Satisfied
52492,12,Mod. Satisfied
52493,16,Mod. Satisfied
52494,18,NA
52495,13,Very Satisfied
52496,17,A Little Dissat
52497,15,Very Satisfied
52498,16,Very Satisfied
52499,16,Very Satisfied
52500,11,Very Satisfied
52501,12,Very Satisfied
52502,16,Very Satisfied
52503,12,Very Satisfied
52504,12,NA
52505,16,Mod. Satisfied
52506,18,Very Satisfied
52507,13,Mod. Satisfied
52508,16,NA
52509,12,Very Satisfied
52510,12,Very Satisfied
52511,10,Mod. Satisfied
52512,14,Mod. Satisfied
52513,14,NA
52514,8,NA
52515,12,Very Satisfied
52516,12,Mod. Satisfied
52517,17,NA
52518,16,Very Satisfied
52519,16,Mod. Satisfied
52520,16,Very Satisfied
52521,12,NA
52522,12,NA
52523,12,NA
52524,12,Very Satisfied
52525,12,NA
52526,12,Very Satisfied
52527,12,NA
52528,14,Very Satisfied
52529,13,NA
52530,19,NA
52531,16,Very Satisfied
52532,12,Mod. Satisfied
52533,19,Very Satisfied
52534,16,NA
52535,16,Very Satisfied
52536,13,Mod. Satisfied
52537,20,Very Satisfied
52538,18,Very Satisfied
52539,16,Very Satisfied
52540,17,Very Satisfied
52541,16,Mod. Satisfied
52542,16,Mod. Satisfied
52543,14,Very Satisfied
52544,17,Mod. Satisfied
52545,13,A Little Dissat
52546,19,NA
52547,20,Very Dissatisfied
52548,16,Mod. Satisfied
52549,12,Very Satisfied
52550,12,Very Satisfied
52551,12,NA
52552,20,Very Satisfied
52553,12,Very Satisfied
52554,14,NA
52555,14,Very Satisfied
52556,13,NA
52557,17,Mod. Satisfied
52558,14,NA
52559,18,Very Satisfied
52560,16,Very Satisfied
52561,14,Very Satisfied
52562,14,Mod. Satisfied
52563,14,Very Satisfied
52564,14,Mod. Satisfied
52565,12,NA
52566,13,Mod. Satisfied
52567,12,Very Satisfied
52568,12,Very Satisfied
52569,19,Very Satisfied
52570,16,Mod. Satisfied
52571,16,Mod. Satisfied
52572,16,Very Satisfied
52573,12,Very Satisfied
52574,14,Very Satisfied
52575,12,Mod. Satisfied
52576,15,NA
52577,19,A Little Dissat
52578,16,NA
52579,15,A Little Dissat
52580,15,Very Satisfied
52581,16,Mod. Satisfied
52582,19,Mod. Satisfied
52583,12,Very Satisfied
52584,12,Very Satisfied
52585,12,Very Satisfied
52586,14,Very Satisfied
52587,15,Very Satisfied
52588,12,Very Satisfied
52589,14,Very Satisfied
52590,12,Very Satisfied
52591,12,A Little Dissat
52592,12,Mod. Satisfied
52593,8,Very Satisfied
52594,13,Very Satisfied
52595,12,Mod. Satisfied
52596,14,NA
52597,16,NA
52598,12,NA
52599,10,Mod. Satisfied
52600,10,A Little Dissat
52601,11,Mod. Satisfied
52602,16,NA
52603,12,Mod. Satisfied
52604,16,NA
52605,11,NA
52606,12,A Little Dissat
52607,14,NA
52608,14,Mod. Satisfied
52609,12,Mod. Satisfied
52610,15,Very Satisfied
52611,14,NA
52612,9,NA
52613,9,Very Satisfied
52614,11,Very Satisfied
52615,11,Mod. Satisfied
52616,11,NA
52617,14,NA
52618,12,Very Satisfied
52619,12,NA
52620,13,NA
52621,12,Mod. Satisfied
52622,12,NA
52623,12,Mod. Satisfied
52624,9,A Little Dissat
52625,11,Very Satisfied
52626,14,Mod. Satisfied
52627,12,Very Satisfied
52628,12,NA
52629,14,NA
52630,12,NA
52631,12,Very Satisfied
52632,16,Very Satisfied
52633,12,Very Satisfied
52634,12,Very Satisfied
52635,12,Very Satisfied
52636,12,Mod. Satisfied
52637,18,Very Satisfied
52638,12,Very Dissatisfied
52639,12,Very Satisfied
52640,10,NA
52641,12,Very Satisfied
52642,8,NA
52643,12,NA
52644,12,Very Satisfied
52645,12,Mod. Satisfied
52646,13,NA
52647,12,Mod. Satisfied
52648,14,Mod. Satisfied
52649,18,Mod. Satisfied
52650,10,NA
52651,12,Very Satisfied
52652,12,Very Satisfied
52653,15,Very Satisfied
52654,12,Mod. Satisfied
52655,12,Very Satisfied
52656,13,Mod. Satisfied
52657,18,Very Satisfied
52658,8,Mod. Satisfied
52659,15,A Little Dissat
52660,14,A Little Dissat
52661,12,Mod. Satisfied
52662,16,Mod. Satisfied
52663,0,NA
52664,11,NA
52665,11,Mod. Satisfied
52666,7,NA
52667,12,NA
52668,12,Very Satisfied
52669,12,NA
52670,8,NA
52671,12,Very Satisfied
52672,18,Very Satisfied
52673,11,Very Satisfied
52674,12,NA
52675,12,Very Satisfied
52676,12,Very Dissatisfied
52677,12,Very Satisfied
52678,12,Very Satisfied
52679,15,NA
52680,13,A Little Dissat
52681,11,Mod. Satisfied
52682,16,Mod. Satisfied
52683,12,Mod. Satisfied
52684,12,Very Satisfied
52685,13,Mod. Satisfied
52686,12,Very Satisfied
52687,11,NA
52688,12,Very Satisfied
52689,15,Very Satisfied
52690,9,NA
52691,20,Very Satisfied
52692,12,Very Satisfied
52693,15,Very Satisfied
52694,14,Mod. Satisfied
52695,12,NA
52696,8,NA
52697,16,NA
52698,12,Mod. Satisfied
52699,12,NA
52700,9,NA
52701,12,Very Satisfied
52702,10,Mod. Satisfied
52703,11,Mod. Satisfied
52704,11,Very Satisfied
52705,16,NA
52706,12,Very Satisfied
52707,12,Mod. Satisfied
52708,8,NA
52709,12,Mod. Satisfied
52710,17,Mod. Satisfied
52711,12,Mod. Satisfied
52712,14,NA
52713,13,Mod. Satisfied
52714,9,Mod. Satisfied
52715,12,NA
52716,7,NA
52717,12,NA
52718,16,Very Satisfied
52719,16,NA
52720,12,NA
52721,14,NA
52722,7,Very Satisfied
52723,12,Very Satisfied
52724,13,Mod. Satisfied
52725,17,NA
52726,12,Very Satisfied
52727,12,Mod. Satisfied
52728,11,Very Satisfied
52729,14,Very Satisfied
52730,13,NA
52731,12,Mod. Satisfied
52732,12,NA
52733,16,Very Satisfied
52734,12,NA
52735,14,Very Satisfied
52736,14,NA
52737,10,Mod. Satisfied
52738,12,Very Satisfied
52739,11,Very Satisfied
52740,8,Very Dissatisfied
52741,11,Mod. Satisfied
52742,7,NA
52743,9,NA
52744,12,Mod. Satisfied
52745,6,NA
52746,12,NA
52747,12,Very Satisfied
52748,16,Very Satisfied
52749,15,Very Satisfied
52750,16,Very Satisfied
52751,12,Very Satisfied
52752,16,Mod. Satisfied
52753,10,NA
52754,14,NA
52755,16,Mod. Satisfied
52756,18,Very Satisfied
52757,12,Very Satisfied
52758,20,Very Satisfied
52759,12,Mod. Satisfied
52760,11,NA
52761,9,NA
52762,18,Very Satisfied
52763,14,Very Satisfied
52764,16,Mod. Satisfied
52765,12,Mod. Satisfied
52766,12,Mod. Satisfied
52767,10,Mod. Satisfied
52768,11,Mod. Satisfied
52769,16,Very Satisfied
52770,12,Mod. Satisfied
52771,14,Very Satisfied
52772,17,Very Satisfied
52773,14,Mod. Satisfied
52774,16,Very Satisfied
52775,13,NA
52776,13,Very Satisfied
52777,15,NA
52778,12,Mod. Satisfied
52779,12,NA
52780,15,Mod. Satisfied
52781,12,Mod. Satisfied
52782,12,Very Satisfied
52783,10,NA
52784,12,NA
52785,12,Mod. Satisfied
52786,12,NA
52787,11,NA
52788,12,NA
52789,12,Very Satisfied
52790,12,Mod. Satisfied
52791,9,NA
52792,12,A Little Dissat
52793,12,NA
52794,14,NA
52795,12,Mod. Satisfied
52796,13,NA
52797,12,Mod. Satisfied
52798,6,NA
52799,11,Mod. Satisfied
52800,12,NA
52801,12,Very Satisfied
52802,11,NA
52803,9,NA
52804,13,Mod. Satisfied
52805,6,Very Satisfied
52806,18,Very Satisfied
52807,11,A Little Dissat
52808,19,Mod. Satisfied
52809,12,NA
52810,8,NA
52811,12,Mod. Satisfied
52812,13,Mod. Satisfied
52813,11,Very Satisfied
52814,13,Mod. Satisfied
52815,10,NA
52816,12,NA
52817,14,Very Satisfied
52818,8,NA
52819,11,Mod. Satisfied
52820,12,Mod. Satisfied
52821,7,Mod. Satisfied
52822,14,Mod. Satisfied
52823,11,A Little Dissat
52824,9,Very Satisfied
52825,11,NA
52826,16,Very Satisfied
52827,12,Mod. Satisfied
52828,15,Very Satisfied
52829,12,Mod. Satisfied
52830,16,NA
52831,12,Very Satisfied
52832,12,NA
52833,9,A Little Dissat
52834,12,Very Satisfied
52835,14,NA
52836,13,Very Satisfied
52837,4,Very Satisfied
52838,6,Very Satisfied
52839,6,Mod. Satisfied
52840,12,Very Dissatisfied
52841,12,Very Satisfied
52842,12,NA
52843,16,NA
52844,14,Very Satisfied
52845,11,NA
52846,14,Mod. Satisfied
52847,8,Very Dissatisfied
52848,12,NA
52849,12,Very Satisfied
52850,12,Mod. Satisfied
52851,11,Very Satisfied
52852,13,Mod. Satisfied
52853,8,Very Satisfied
52854,12,Mod. Satisfied
52855,12,Very Satisfied
52856,13,Very Satisfied
52857,12,Very Satisfied
52858,12,Mod. Satisfied
52859,13,Very Satisfied
52860,12,Very Satisfied
52861,12,Very Satisfied
52862,13,NA
52863,12,Mod. Satisfied
52864,12,Mod. Satisfied
52865,19,Very Satisfied
52866,12,A Little Dissat
52867,13,Very Satisfied
52868,14,NA
52869,14,NA
52870,19,Mod. Satisfied
52871,18,NA
52872,13,Very Satisfied
52873,11,Mod. Satisfied
52874,18,Very Satisfied
52875,15,NA
52876,17,Very Satisfied
52877,16,Very Satisfied
52878,9,Very Satisfied
52879,14,Mod. Satisfied
52880,12,A Little Dissat
52881,16,Very Satisfied
52882,12,Very Satisfied
52883,10,Very Satisfied
52884,10,Very Satisfied
52885,13,Very Dissatisfied
52886,13,Mod. Satisfied
52887,11,Very Satisfied
52888,12,Mod. Satisfied
52889,12,Mod. Satisfied
52890,12,Very Satisfied
52891,18,Mod. Satisfied
52892,9,Very Satisfied
52893,12,Mod. Satisfied
52894,16,NA
52895,12,Very Satisfied
52896,13,Very Satisfied
52897,12,Very Satisfied
52898,12,NA
52899,12,Very Satisfied
52900,12,Very Satisfied
52901,16,Mod. Satisfied
52902,15,Very Satisfied
52903,12,Mod. Satisfied
52904,12,Very Satisfied
52905,12,Mod. Satisfied
52906,14,Very Satisfied
52907,13,A Little Dissat
52908,11,Very Satisfied
52909,14,NA
52910,15,NA
52911,11,Very Satisfied
52912,10,Mod. Satisfied
52913,14,NA
52914,18,Very Satisfied
52915,12,Very Satisfied
52916,2,Mod. Satisfied
52917,19,Mod. Satisfied
52918,12,Very Satisfied
52919,12,Very Satisfied
52920,18,NA
52921,13,Very Satisfied
52922,18,Mod. Satisfied
52923,17,Very Satisfied
52924,12,A Little Dissat
52925,9,Mod. Satisfied
52926,16,Very Satisfied
52927,9,Very Satisfied
52928,9,NA
52929,15,Mod. Satisfied
52930,18,Very Satisfied
52931,16,Mod. Satisfied
52932,16,NA
52933,14,Mod. Satisfied
52934,14,Mod. Satisfied
52935,16,Very Satisfied
52936,12,NA
52937,13,Mod. Satisfied
52938,12,A Little Dissat
52939,12,NA
52940,14,Very Satisfied
52941,12,Mod. Satisfied
52942,13,Very Satisfied
52943,12,Very Satisfied
52944,14,Mod. Satisfied
52945,16,Mod. Satisfied
52946,12,NA
52947,20,NA
52948,15,NA
52949,14,Very Satisfied
52950,16,Very Satisfied
52951,16,Mod. Satisfied
52952,14,NA
52953,15,NA
52954,12,Very Satisfied
52955,12,NA
52956,15,NA
52957,15,Very Satisfied
52958,13,Very Satisfied
52959,11,Very Satisfied
52960,11,Very Satisfied
52961,12,Very Satisfied
52962,12,Very Satisfied
52963,16,A Little Dissat
52964,13,Mod. Satisfied
52965,16,Very Satisfied
52966,15,NA
52967,10,Mod. Satisfied
52968,17,Mod. Satisfied
52969,17,NA
52970,14,NA
52971,12,Mod. Satisfied
52972,12,Very Satisfied
52973,12,Very Dissatisfied
52974,11,Very Satisfied
52975,13,Very Satisfied
52976,14,Mod. Satisfied
52977,16,NA
52978,12,Mod. Satisfied
52979,16,Mod. Satisfied
52980,12,Very Satisfied
52981,6,Very Satisfied
52982,14,Very Satisfied
52983,17,NA
52984,12,NA
52985,14,Mod. Satisfied
52986,16,NA
52987,11,NA
52988,13,Very Satisfied
52989,18,Very Satisfied
52990,12,Mod. Satisfied
52991,13,Mod. Satisfied
52992,16,NA
52993,14,Mod. Satisfied
52994,12,NA
52995,13,Mod. Satisfied
52996,16,Very Satisfied
52997,12,A Little Dissat
52998,15,NA
52999,13,Mod. Satisfied
53000,18,Very Satisfied
53001,12,NA
53002,16,Mod. Satisfied
53003,12,NA
53004,12,A Little Dissat
53005,9,NA
53006,16,Very Satisfied
53007,12,Very Satisfied
53008,20,Mod. Satisfied
53009,11,Very Dissatisfied
53010,16,Very Satisfied
53011,16,Very Satisfied
53012,16,Mod. Satisfied
53013,16,Very Satisfied
53014,12,Mod. Satisfied
53015,12,NA
53016,18,Very Satisfied
53017,12,NA
53018,12,Very Satisfied
53019,12,NA
53020,14,Very Satisfied
53021,19,Mod. Satisfied
53022,14,Very Satisfied
53023,16,Very Satisfied
53024,11,A Little Dissat
53025,13,Very Satisfied
53026,18,Very Satisfied
53027,14,Mod. Satisfied
53028,12,NA
53029,11,NA
53030,14,Very Dissatisfied
53031,14,Very Satisfied
53032,14,NA
53033,12,NA
53034,12,A Little Dissat
53035,17,Mod. Satisfied
53036,15,Very Satisfied
53037,11,NA
53038,18,Very Satisfied
53039,12,Very Satisfied
53040,NA,NA
53041,12,Mod. Satisfied
53042,14,Very Satisfied
53043,20,NA
53044,16,Mod. Satisfied
53045,16,A Little Dissat
53046,8,NA
53047,10,NA
53048,0,NA
53049,6,Mod. Satisfied
53050,16,Mod. Satisfied
53051,15,NA
53052,14,Very Satisfied
53053,14,Mod. Satisfied
53054,14,A Little Dissat
53055,13,NA
53056,12,Mod. Satisfied
53057,13,NA
53058,10,Mod. Satisfied
53059,10,Very Satisfied
53060,14,NA
53061,9,NA
53062,12,NA
53063,16,Mod. Satisfied
53064,12,Mod. Satisfied
53065,13,Mod. Satisfied
53066,10,NA
53067,10,NA
53068,17,A Little Dissat
53069,16,Mod. Satisfied
53070,15,NA
53071,14,A Little Dissat
53072,16,A Little Dissat
53073,16,Mod. Satisfied
53074,20,Very Satisfied
53075,18,Very Satisfied
53076,15,NA
53077,16,NA
53078,15,Mod. Satisfied
53079,18,A Little Dissat
53080,16,Mod. Satisfied
53081,16,Mod. Satisfied
53082,13,Very Satisfied
53083,18,NA
53084,17,Mod. Satisfied
53085,18,Very Satisfied
53086,13,Mod. Satisfied
53087,17,Very Satisfied
53088,19,Very Satisfied
53089,13,A Little Dissat
53090,13,A Little Dissat
53091,12,NA
53092,12,Very Satisfied
53093,12,A Little Dissat
53094,16,Mod. Satisfied
53095,15,NA
53096,16,Mod. Satisfied
53097,15,Mod. Satisfied
53098,20,NA
53099,16,NA
53100,14,A Little Dissat
53101,16,Very Satisfied
53102,13,A Little Dissat
53103,16,Very Satisfied
53104,16,Very Satisfied
53105,14,Mod. Satisfied
53106,6,NA
53107,12,NA
53108,16,Mod. Satisfied
53109,16,Very Satisfied
53110,12,NA
53111,9,Very Satisfied
53112,12,Very Satisfied
53113,13,A Little Dissat
53114,13,Very Satisfied
53115,20,Very Satisfied
53116,11,NA
53117,14,Mod. Satisfied
53118,14,Very Satisfied
53119,16,Mod. Satisfied
53120,12,NA
53121,12,Very Satisfied
53122,14,Mod. Satisfied
53123,12,Very Satisfied
53124,18,Very Satisfied
53125,12,Mod. Satisfied
53126,14,Very Satisfied
53127,12,Mod. Satisfied
53128,14,NA
53129,16,Mod. Satisfied
53130,16,Very Satisfied
53131,12,Very Satisfied
53132,12,Mod. Satisfied
53133,6,NA
53134,8,Very Satisfied
53135,16,A Little Dissat
53136,16,Very Satisfied
53137,8,A Little Dissat
53138,16,Very Satisfied
53139,12,NA
53140,16,NA
53141,14,NA
53142,12,Very Dissatisfied
53143,16,Very Satisfied
53144,16,NA
53145,11,A Little Dissat
53146,12,Mod. Satisfied
53147,13,Very Dissatisfied
53148,16,Very Satisfied
53149,12,NA
53150,20,Mod. Satisfied
53151,16,Very Satisfied
53152,16,Very Satisfied
53153,18,Very Satisfied
53154,11,NA
53155,16,Mod. Satisfied
53156,16,Mod. Satisfied
53157,13,Mod. Satisfied
53158,19,Very Satisfied
53159,16,Mod. Satisfied
53160,16,Mod. Satisfied
53161,13,Mod. Satisfied
53162,20,Very Satisfied
53163,12,Mod. Satisfied
53164,9,Mod. Satisfied
53165,13,Very Satisfied
53166,11,Mod. Satisfied
53167,15,NA
53168,12,Mod. Satisfied
53169,14,Mod. Satisfied
53170,13,Very Satisfied
53171,18,NA
53172,18,Mod. Satisfied
53173,10,A Little Dissat
53174,16,Very Satisfied
53175,8,Mod. Satisfied
53176,8,Mod. Satisfied
53177,16,Very Satisfied
53178,3,Mod. Satisfied
53179,11,Mod. Satisfied
53180,12,Very Satisfied
53181,12,Very Satisfied
53182,14,Very Satisfied
53183,16,Mod. Satisfied
53184,15,Mod. Satisfied
53185,14,NA
53186,17,Very Satisfied
53187,16,Very Satisfied
53188,20,Mod. Satisfied
53189,12,NA
53190,2,NA
53191,6,Very Dissatisfied
53192,9,A Little Dissat
53193,12,Mod. Satisfied
53194,20,Mod. Satisfied
53195,16,Very Satisfied
53196,13,Very Satisfied
53197,9,Mod. Satisfied
53198,6,Very Dissatisfied
53199,12,A Little Dissat
53200,15,Mod. Satisfied
53201,12,Very Dissatisfied
53202,8,NA
53203,16,Mod. Satisfied
53204,14,Very Satisfied
53205,12,Very Satisfied
53206,19,Mod. Satisfied
53207,16,Very Satisfied
53208,14,A Little Dissat
53209,14,Very Dissatisfied
53210,15,Mod. Satisfied
53211,13,NA
53212,17,Very Satisfied
53213,12,Very Satisfied
53214,20,Very Satisfied
53215,12,A Little Dissat
53216,14,Mod. Satisfied
53217,16,Mod. Satisfied
53218,12,A Little Dissat
53219,14,NA
53220,17,A Little Dissat
53221,12,Very Satisfied
53222,17,Very Satisfied
53223,16,Very Satisfied
53224,19,Mod. Satisfied
53225,15,Very Satisfied
53226,20,Mod. Satisfied
53227,11,A Little Dissat
53228,12,Mod. Satisfied
53229,16,Very Satisfied
53230,16,Mod. Satisfied
53231,16,Mod. Satisfied
53232,16,Mod. Satisfied
53233,15,Very Satisfied
53234,16,Very Satisfied
53235,13,Mod. Satisfied
53236,20,Very Satisfied
53237,19,Mod. Satisfied
53238,16,Very Satisfied
53239,18,NA
53240,20,NA
53241,13,Very Satisfied
53242,16,Very Satisfied
53243,14,NA
53244,20,Very Satisfied
53245,17,NA
53246,2,Very Satisfied
53247,12,Very Dissatisfied
53248,12,Mod. Satisfied
53249,13,Very Satisfied
53250,14,Very Satisfied
53251,16,Mod. Satisfied
53252,17,Mod. Satisfied
53253,16,Very Satisfied
53254,11,NA
53255,5,A Little Dissat
53256,12,Very Satisfied
53257,6,Mod. Satisfied
53258,18,Very Satisfied
53259,12,NA
53260,16,A Little Dissat
53261,16,Mod. Satisfied
53262,12,NA
53263,20,Mod. Satisfied
53264,17,Mod. Satisfied
53265,17,Mod. Satisfied
53266,17,NA
53267,12,Very Satisfied
53268,14,Mod. Satisfied
53269,16,Very Satisfied
53270,16,Very Satisfied
53271,17,A Little Dissat
53272,20,Very Satisfied
53273,16,Very Satisfied
53274,14,Very Satisfied
53275,12,Very Satisfied
53276,12,NA
53277,17,Very Satisfied
53278,16,Very Satisfied
53279,14,Very Satisfied
53280,15,NA
53281,15,Very Dissatisfied
53282,11,Mod. Satisfied
53283,14,Mod. Satisfied
53284,14,Very Satisfied
53285,16,Mod. Satisfied
53286,16,Very Satisfied
53287,15,A Little Dissat
53288,13,Very Satisfied
53289,16,Very Satisfied
53290,12,Very Satisfied
53291,19,Mod. Satisfied
53292,12,NA
53293,12,NA
53294,12,NA
53295,13,NA
53296,20,Very Satisfied
53297,12,NA
53298,14,Very Satisfied
53299,16,NA
53300,20,NA
53301,14,Very Satisfied
53302,18,Mod. Satisfied
53303,15,Very Satisfied
53304,7,NA
53305,12,Very Satisfied
53306,12,Very Satisfied
53307,13,Very Satisfied
53308,20,Very Satisfied
53309,14,A Little Dissat
53310,16,Very Satisfied
53311,16,Very Satisfied
53312,18,Very Satisfied
53313,16,Very Satisfied
53314,17,Very Satisfied
53315,16,NA
53316,16,Very Satisfied
53317,16,Very Satisfied
53318,12,Mod. Satisfied
53319,10,A Little Dissat
53320,12,Mod. Satisfied
53321,16,Mod. Satisfied
53322,16,Mod. Satisfied
53323,16,Very Satisfied
53324,15,Very Satisfied
53325,16,Mod. Satisfied
53326,16,Very Satisfied
53327,14,Very Satisfied
53328,13,Mod. Satisfied
53329,12,Very Satisfied
53330,13,Very Satisfied
53331,17,Mod. Satisfied
53332,16,A Little Dissat
53333,16,Very Satisfied
53334,19,NA
53335,20,Very Satisfied
53336,16,A Little Dissat
53337,17,NA
53338,15,NA
53339,13,NA
53340,12,Very Dissatisfied
53341,13,NA
53342,15,Very Dissatisfied
53343,13,Very Satisfied
53344,12,Very Satisfied
53345,20,NA
53346,12,Very Satisfied
53347,12,Mod. Satisfied
53348,12,Very Dissatisfied
53349,12,Very Satisfied
53350,12,Very Satisfied
53351,13,NA
53352,14,Mod. Satisfied
53353,20,NA
53354,16,Very Satisfied
53355,15,NA
53356,16,Very Satisfied
53357,8,Mod. Satisfied
53358,11,Very Satisfied
53359,16,Very Satisfied
53360,17,NA
53361,6,Very Satisfied
53362,12,Very Satisfied
53363,20,Very Satisfied
53364,13,Mod. Satisfied
53365,12,NA
53366,16,NA
53367,12,Mod. Satisfied
53368,16,A Little Dissat
53369,13,Mod. Satisfied
53370,12,Mod. Satisfied
53371,12,Very Satisfied
53372,14,A Little Dissat
53373,12,NA
53374,12,NA
53375,10,Very Satisfied
53376,12,Mod. Satisfied
53377,10,Very Satisfied
53378,12,Mod. Satisfied
53379,12,NA
53380,12,NA
53381,14,Mod. Satisfied
53382,14,Mod. Satisfied
53383,12,Very Satisfied
53384,18,Very Satisfied
53385,9,Mod. Satisfied
53386,12,Mod. Satisfied
53387,18,Mod. Satisfied
53388,14,Mod. Satisfied
53389,18,Mod. Satisfied
53390,8,Very Satisfied
53391,13,Very Satisfied
53392,4,Mod. Satisfied
53393,20,Very Satisfied
53394,12,Mod. Satisfied
53395,16,Mod. Satisfied
53396,12,Very Satisfied
53397,16,NA
53398,14,A Little Dissat
53399,13,NA
53400,16,NA
53401,16,Very Satisfied
53402,12,NA
53403,20,Very Satisfied
53404,12,Mod. Satisfied
53405,10,A Little Dissat
53406,13,Mod. Satisfied
53407,16,Very Satisfied
53408,13,Very Dissatisfied
53409,13,NA
53410,12,Very Satisfied
53411,16,Mod. Satisfied
53412,14,Very Satisfied
53413,12,Very Satisfied
53414,10,Very Satisfied
53415,14,NA
53416,12,NA
53417,12,A Little Dissat
53418,12,Very Satisfied
53419,4,Very Satisfied
53420,9,Very Satisfied
53421,14,Very Satisfied
53422,11,Mod. Satisfied
53423,5,NA
53424,12,Mod. Satisfied
53425,12,NA
53426,15,Mod. Satisfied
53427,17,Very Satisfied
53428,15,Mod. Satisfied
53429,12,Very Satisfied
53430,12,Mod. Satisfied
53431,15,Mod. Satisfied
53432,19,NA
53433,12,A Little Dissat
53434,13,Mod. Satisfied
53435,12,Mod. Satisfied
53436,12,Very Dissatisfied
53437,14,Mod. Satisfied
53438,12,NA
53439,17,Very Satisfied
53440,13,A Little Dissat
53441,14,Very Dissatisfied
53442,10,Mod. Satisfied
53443,14,Very Satisfied
53444,12,NA
53445,14,Mod. Satisfied
53446,11,Mod. Satisfied
53447,11,Mod. Satisfied
53448,12,Mod. Satisfied
53449,13,Mod. Satisfied
53450,10,Very Dissatisfied
53451,10,Very Satisfied
53452,15,Very Satisfied
53453,12,Very Dissatisfied
53454,16,NA
53455,15,A Little Dissat
53456,12,NA
53457,16,Mod. Satisfied
53458,16,Mod. Satisfied
53459,9,Mod. Satisfied
53460,11,Very Satisfied
53461,12,Mod. Satisfied
53462,13,Very Satisfied
53463,9,Mod. Satisfied
53464,13,NA
53465,16,NA
53466,10,Mod. Satisfied
53467,11,Very Satisfied
53468,14,Very Satisfied
53469,15,Mod. Satisfied
53470,13,NA
53471,16,Mod. Satisfied
53472,12,Very Satisfied
53473,12,Mod. Satisfied
53474,16,NA
53475,12,Very Satisfied
53476,13,NA
53477,6,A Little Dissat
53478,15,Very Satisfied
53479,12,NA
53480,12,Very Satisfied
53481,11,Mod. Satisfied
53482,13,NA
53483,12,NA
53484,13,Mod. Satisfied
53485,12,NA
53486,12,Very Satisfied
53487,12,Very Satisfied
53488,16,NA
53489,13,Mod. Satisfied
53490,16,Very Dissatisfied
53491,18,Very Satisfied
53492,15,Very Satisfied
53493,9,Very Satisfied
53494,16,Very Satisfied
53495,9,Very Satisfied
53496,16,Very Satisfied
53497,0,Very Satisfied
53498,15,NA
53499,8,NA
53500,8,Mod. Satisfied
53501,16,Very Satisfied
53502,14,Mod. Satisfied
53503,18,Mod. Satisfied
53504,18,Very Satisfied
53505,16,Mod. Satisfied
53506,17,Very Satisfied
53507,16,Very Satisfied
53508,16,Very Dissatisfied
53509,16,Very Satisfied
53510,13,Mod. Satisfied
53511,12,Very Satisfied
53512,15,A Little Dissat
53513,18,Very Satisfied
53514,16,NA
53515,12,Very Satisfied
53516,12,Mod. Satisfied
53517,12,Very Satisfied
53518,17,A Little Dissat
53519,12,A Little Dissat
53520,8,Mod. Satisfied
53521,12,Mod. Satisfied
53522,20,Very Satisfied
53523,17,Very Satisfied
53524,12,Very Satisfied
53525,13,Mod. Satisfied
53526,9,Very Satisfied
53527,13,Very Satisfied
53528,14,Very Satisfied
53529,13,Very Satisfied
53530,12,Very Satisfied
53531,9,Mod. Satisfied
53532,12,NA
53533,16,Very Satisfied
53534,14,Very Satisfied
53535,11,Very Satisfied
53536,12,NA
53537,12,NA
53538,13,Very Satisfied
53539,12,Very Satisfied
53540,12,Very Satisfied
53541,16,Mod. Satisfied
53542,20,Very Satisfied
53543,16,Very Satisfied
53544,12,Very Satisfied
53545,20,Very Satisfied
53546,12,Mod. Satisfied
53547,16,Very Satisfied
53548,14,Very Satisfied
53549,18,Mod. Satisfied
53550,11,Very Satisfied
53551,12,Mod. Satisfied
53552,9,NA
53553,14,Mod. Satisfied
53554,16,NA
53555,14,Mod. Satisfied
53556,12,NA
53557,15,NA
53558,13,Very Satisfied
53559,19,NA
53560,17,Very Satisfied
53561,16,Very Satisfied
53562,12,NA
53563,13,Mod. Satisfied
53564,16,NA
53565,16,Very Satisfied
53566,10,Very Satisfied
53567,12,Very Satisfied
53568,13,Mod. Satisfied
53569,18,Mod. Satisfied
53570,12,NA
53571,15,NA
53572,16,Mod. Satisfied
53573,17,Very Satisfied
53574,11,Mod. Satisfied
53575,14,NA
53576,16,Very Dissatisfied
53577,12,Mod. Satisfied
53578,14,A Little Dissat
53579,13,Very Satisfied
53580,18,Mod. Satisfied
53581,16,Mod. Satisfied
53582,12,Very Satisfied
53583,15,A Little Dissat
53584,13,A Little Dissat
53585,18,NA
53586,20,Very Satisfied
53587,12,Mod. Satisfied
53588,18,Very Satisfied
53589,18,A Little Dissat
53590,16,NA
53591,16,Very Satisfied
53592,12,Very Satisfied
53593,16,Very Satisfied
53594,18,Very Satisfied
53595,6,Mod. Satisfied
53596,14,Very Dissatisfied
53597,12,Mod. Satisfied
53598,18,Mod. Satisfied
53599,14,Mod. Satisfied
53600,16,Mod. Satisfied
53601,4,Very Satisfied
53602,13,NA
53603,16,Mod. Satisfied
53604,11,Very Satisfied
53605,10,Very Satisfied
53606,10,A Little Dissat
53607,11,Mod. Satisfied
53608,2,Very Satisfied
53609,13,Very Satisfied
53610,11,Very Satisfied
53611,6,Mod. Satisfied
53612,12,NA
53613,12,NA
53614,13,Mod. Satisfied
53615,14,NA
53616,16,NA
53617,11,NA
53618,12,Very Satisfied
53619,12,NA
53620,12,Very Satisfied
53621,20,Very Satisfied
53622,14,NA
53623,13,Very Satisfied
53624,12,Very Satisfied
53625,12,NA
53626,11,NA
53627,12,Mod. Satisfied
53628,14,NA
53629,16,Very Satisfied
53630,12,Very Satisfied
53631,13,Very Dissatisfied
53632,12,NA
53633,14,Mod. Satisfied
53634,12,Very Satisfied
53635,12,Very Satisfied
53636,12,A Little Dissat
53637,12,NA
53638,12,Very Satisfied
53639,14,Mod. Satisfied
53640,16,Mod. Satisfied
53641,12,Very Satisfied
53642,17,Very Satisfied
53643,13,Very Satisfied
53644,16,Mod. Satisfied
53645,15,Very Satisfied
53646,16,Very Satisfied
53647,12,Very Dissatisfied
53648,16,NA
53649,16,A Little Dissat
53650,16,A Little Dissat
53651,16,Mod. Satisfied
53652,8,Very Satisfied
53653,15,Mod. Satisfied
53654,12,Very Satisfied
53655,12,Mod. Satisfied
53656,20,NA
53657,11,NA
53658,16,Mod. Satisfied
53659,12,Very Satisfied
53660,15,Very Satisfied
53661,12,Very Satisfied
53662,12,Very Satisfied
53663,16,Very Satisfied
53664,16,Very Satisfied
53665,16,Very Satisfied
53666,14,Mod. Satisfied
53667,17,Very Satisfied
53668,12,NA
53669,11,Very Satisfied
53670,12,NA
53671,14,NA
53672,14,Very Dissatisfied
53673,19,Mod. Satisfied
53674,12,Very Satisfied
53675,17,Very Satisfied
53676,12,Very Satisfied
53677,12,NA
53678,12,Very Satisfied
53679,14,NA
53680,16,Mod. Satisfied
53681,7,NA
53682,16,Very Satisfied
53683,11,Very Satisfied
53684,12,NA
53685,12,Very Satisfied
53686,8,A Little Dissat
53687,14,Mod. Satisfied
53688,12,Very Satisfied
53689,11,A Little Dissat
53690,12,NA
53691,12,Very Dissatisfied
53692,11,Very Dissatisfied
53693,10,Very Satisfied
53694,12,Mod. Satisfied
53695,18,Mod. Satisfied
53696,11,NA
53697,16,Mod. Satisfied
53698,12,Very Satisfied
53699,13,A Little Dissat
53700,12,A Little Dissat
53701,10,NA
53702,15,Very Satisfied
53703,16,Mod. Satisfied
53704,16,Mod. Satisfied
53705,18,NA
53706,12,Mod. Satisfied
53707,5,Very Satisfied
53708,11,Mod. Satisfied
53709,14,NA
53710,14,Very Dissatisfied
53711,12,Mod. Satisfied
53712,12,NA
53713,16,Very Satisfied
53714,9,NA
53715,15,NA
53716,12,Very Satisfied
53717,15,NA
53718,4,NA
53719,11,NA
53720,13,Mod. Satisfied
53721,16,NA
53722,16,Very Satisfied
53723,9,Very Satisfied
53724,12,A Little Dissat
53725,10,Very Satisfied
53726,14,A Little Dissat
53727,14,Very Dissatisfied
53728,12,Mod. Satisfied
53729,12,NA
53730,14,NA
53731,12,Very Satisfied
53732,12,Mod. Satisfied
53733,6,NA
53734,8,NA
53735,16,NA
53736,14,A Little Dissat
53737,16,Mod. Satisfied
53738,18,Very Satisfied
53739,16,Mod. Satisfied
53740,16,Very Dissatisfied
53741,16,Mod. Satisfied
53742,16,Very Satisfied
53743,14,Very Satisfied
53744,12,Very Satisfied
53745,13,A Little Dissat
53746,18,Mod. Satisfied
53747,20,Very Satisfied
53748,20,Mod. Satisfied
53749,16,NA
53750,13,Very Dissatisfied
53751,19,Very Satisfied
53752,8,NA
53753,11,Very Satisfied
53754,12,A Little Dissat
53755,14,A Little Dissat
53756,12,Very Satisfied
53757,15,Mod. Satisfied
53758,6,NA
53759,6,Mod. Satisfied
53760,11,Mod. Satisfied
53761,14,Mod. Satisfied
53762,16,Very Dissatisfied
53763,19,Very Satisfied
53764,16,Very Satisfied
53765,14,Very Satisfied
53766,18,Very Satisfied
53767,19,Mod. Satisfied
53768,14,A Little Dissat
53769,18,Very Satisfied
53770,12,NA
53771,14,Mod. Satisfied
53772,10,Very Satisfied
53773,9,NA
53774,20,NA
53775,19,Mod. Satisfied
53776,16,NA
53777,20,Very Satisfied
53778,20,Mod. Satisfied
53779,13,Mod. Satisfied
53780,16,NA
53781,10,Mod. Satisfied
53782,11,Very Satisfied
53783,17,Very Satisfied
53784,15,Mod. Satisfied
53785,20,Very Satisfied
53786,16,Very Satisfied
53787,14,Mod. Satisfied
53788,3,NA
53789,12,Very Satisfied
53790,18,Very Satisfied
53791,9,NA
53792,16,A Little Dissat
53793,11,Mod. Satisfied
53794,12,Very Satisfied
53795,15,Mod. Satisfied
53796,12,Very Satisfied
53797,13,Mod. Satisfied
53798,12,Mod. Satisfied
53799,12,Mod. Satisfied
53800,12,Mod. Satisfied
53801,16,Very Satisfied
53802,16,Very Satisfied
53803,12,Mod. Satisfied
53804,16,Mod. Satisfied
53805,16,Mod. Satisfied
53806,14,Very Satisfied
53807,14,Very Satisfied
53808,17,Mod. Satisfied
53809,13,NA
53810,16,NA
53811,16,Very Satisfied
53812,14,Mod. Satisfied
53813,13,Mod. Satisfied
53814,12,A Little Dissat
53815,14,Mod. Satisfied
53816,14,Mod. Satisfied
53817,16,Very Satisfied
53818,14,Mod. Satisfied
53819,16,NA
53820,12,Mod. Satisfied
53821,11,Mod. Satisfied
53822,12,Mod. Satisfied
53823,12,NA
53824,14,Very Satisfied
53825,14,NA
53826,14,Very Satisfied
53827,14,Very Dissatisfied
53828,11,A Little Dissat
53829,12,Very Satisfied
53830,14,NA
53831,16,Mod. Satisfied
53832,16,Mod. Satisfied
53833,18,NA
53834,19,Mod. Satisfied
53835,3,NA
53836,13,NA
53837,13,Mod. Satisfied
53838,12,NA
53839,18,Very Satisfied
53840,17,Very Satisfied
53841,16,Mod. Satisfied
53842,16,Very Satisfied
53843,17,NA
53844,16,Mod. Satisfied
53845,16,Mod. Satisfied
53846,9,NA
53847,11,A Little Dissat
53848,14,NA
53849,13,Mod. Satisfied
53850,16,Very Satisfied
53851,18,NA
53852,20,Very Satisfied
53853,12,Very Satisfied
53854,13,Very Satisfied
53855,18,Mod. Satisfied
53856,18,NA
53857,19,NA
53858,13,Very Dissatisfied
53859,16,Mod. Satisfied
53860,12,NA
53861,12,NA
53862,12,Mod. Satisfied
53863,12,Mod. Satisfied
53864,15,NA
53865,18,NA
53866,20,NA
53867,18,NA
53868,11,Mod. Satisfied
53869,12,NA
53870,18,NA
53871,15,Very Satisfied
53872,6,Mod. Satisfied
53873,12,Mod. Satisfied
53874,13,Very Satisfied
53875,12,NA
53876,18,NA
53877,16,Very Satisfied
53878,12,Very Satisfied
53879,14,Very Satisfied
53880,16,Very Satisfied
53881,14,Mod. Satisfied
53882,12,Very Satisfied
53883,16,Very Satisfied
53884,12,Very Satisfied
53885,13,Very Satisfied
53886,10,Very Satisfied
53887,20,Very Satisfied
53888,18,Mod. Satisfied
53889,12,NA
53890,16,Very Satisfied
53891,17,Very Satisfied
53892,16,A Little Dissat
53893,16,NA
53894,8,Mod. Satisfied
53895,16,A Little Dissat
53896,8,NA
53897,20,Very Satisfied
53898,12,Mod. Satisfied
53899,12,A Little Dissat
53900,11,NA
53901,11,Very Satisfied
53902,12,NA
53903,12,NA
53904,20,Very Satisfied
53905,12,NA
53906,12,Very Satisfied
53907,12,Mod. Satisfied
53908,13,Mod. Satisfied
53909,12,NA
53910,15,Very Satisfied
53911,12,Mod. Satisfied
53912,12,Very Satisfied
53913,12,NA
53914,12,Mod. Satisfied
53915,12,Mod. Satisfied
53916,12,A Little Dissat
53917,12,NA
53918,14,NA
53919,12,Very Satisfied
53920,11,Mod. Satisfied
53921,15,Very Satisfied
53922,11,Mod. Satisfied
53923,12,Very Satisfied
53924,12,Very Satisfied
53925,15,NA
53926,12,Very Satisfied
53927,12,NA
53928,12,Mod. Satisfied
53929,8,NA
53930,12,Mod. Satisfied
53931,12,NA
53932,6,Mod. Satisfied
53933,12,A Little Dissat
53934,11,Very Satisfied
53935,12,A Little Dissat
53936,10,A Little Dissat
53937,8,NA
53938,12,A Little Dissat
53939,12,Mod. Satisfied
53940,12,Very Satisfied
53941,9,NA
53942,16,Very Satisfied
53943,17,Very Satisfied
53944,12,Mod. Satisfied
53945,14,Very Satisfied
53946,11,Very Dissatisfied
53947,18,Very Satisfied
53948,10,Very Satisfied
53949,17,NA
53950,19,Mod. Satisfied
53951,19,Very Satisfied
53952,12,NA
53953,12,Mod. Satisfied
53954,9,NA
53955,13,NA
53956,12,Very Satisfied
53957,12,Very Satisfied
53958,15,Mod. Satisfied
53959,13,Mod. Satisfied
53960,3,Mod. Satisfied
53961,12,Mod. Satisfied
53962,12,Mod. Satisfied
53963,12,Mod. Satisfied
53964,16,NA
53965,12,Very Satisfied
53966,13,Mod. Satisfied
53967,16,NA
53968,12,NA
53969,12,Very Dissatisfied
53970,12,Very Satisfied
53971,20,Very Satisfied
53972,12,NA
53973,16,Mod. Satisfied
53974,19,A Little Dissat
53975,18,Very Satisfied
53976,12,Very Satisfied
53977,12,NA
53978,12,Mod. Satisfied
53979,13,Very Satisfied
53980,10,Mod. Satisfied
53981,14,Very Dissatisfied
53982,12,NA
53983,18,Mod. Satisfied
53984,12,Mod. Satisfied
53985,12,Mod. Satisfied
53986,14,Mod. Satisfied
53987,14,A Little Dissat
53988,12,A Little Dissat
53989,13,Very Satisfied
53990,14,Mod. Satisfied
53991,10,NA
53992,12,Very Satisfied
53993,4,Very Satisfied
53994,13,NA
53995,16,Very Satisfied
53996,9,Very Satisfied
53997,16,NA
53998,13,Mod. Satisfied
53999,16,NA
54000,15,NA
54001,12,Mod. Satisfied
54002,15,NA
54003,19,Mod. Satisfied
54004,20,Very Satisfied
54005,17,Mod. Satisfied
54006,14,Very Satisfied
54007,16,Very Satisfied
54008,13,Very Satisfied
54009,14,A Little Dissat
54010,12,Very Satisfied
54011,12,NA
54012,14,NA
54013,12,Very Satisfied
54014,12,NA
54015,12,NA
54016,17,Mod. Satisfied
54017,12,NA
54018,NA,Very Satisfied
54019,12,A Little Dissat
54020,18,Very Satisfied
54021,16,Mod. Satisfied
54022,12,NA
54023,18,Very Satisfied
54024,12,NA
54025,7,Very Satisfied
54026,19,Very Satisfied
54027,12,NA
54028,13,NA
54029,18,Very Satisfied
54030,16,Very Satisfied
54031,19,NA
54032,20,Very Satisfied
54033,18,Very Satisfied
54034,18,NA
54035,12,Very Dissatisfied
54036,18,NA
54037,14,NA
54038,15,Mod. Satisfied
54039,7,NA
54040,18,Very Satisfied
54041,14,Very Satisfied
54042,11,Very Satisfied
54043,13,Very Satisfied
54044,15,Very Satisfied
54045,12,Very Dissatisfied
54046,12,NA
54047,13,A Little Dissat
54048,13,NA
54049,17,Very Satisfied
54050,16,NA
54051,16,Very Satisfied
54052,20,Very Satisfied
54053,18,Mod. Satisfied
54054,12,Very Satisfied
54055,19,Very Satisfied
54056,14,Very Satisfied
54057,13,Very Dissatisfied
54058,13,A Little Dissat
54059,16,Mod. Satisfied
54060,13,NA
54061,14,Very Satisfied
54062,14,Mod. Satisfied
54063,14,Very Satisfied
54064,16,Very Satisfied
54065,12,Very Satisfied
54066,12,Very Satisfied
54067,12,NA
54068,18,Mod. Satisfied
54069,20,Mod. Satisfied
54070,13,Mod. Satisfied
54071,14,Very Satisfied
54072,9,Mod. Satisfied
54073,15,Mod. Satisfied
54074,12,Mod. Satisfied
54075,18,Very Satisfied
54076,13,NA
54077,15,NA
54078,12,Very Dissatisfied
54079,14,NA
54080,14,Mod. Satisfied
54081,10,NA
54082,16,Mod. Satisfied
54083,18,Mod. Satisfied
54084,20,Very Satisfied
54085,13,Very Satisfied
54086,18,Mod. Satisfied
54087,16,NA
54088,12,Mod. Satisfied
54089,15,NA
54090,18,NA
54091,16,Very Satisfied
54092,12,Very Satisfied
54093,14,Very Satisfied
54094,20,Very Satisfied
54095,12,Very Satisfied
54096,10,Mod. Satisfied
54097,16,Mod. Satisfied
54098,12,NA
54099,13,Very Satisfied
54100,14,NA
54101,16,Very Satisfied
54102,18,Very Satisfied
54103,16,Very Satisfied
54104,12,NA
54105,17,Very Satisfied
54106,17,Mod. Satisfied
54107,13,Very Satisfied
54108,16,Very Satisfied
54109,14,NA
54110,12,Mod. Satisfied
54111,14,Mod. Satisfied
54112,16,NA
54113,18,Very Satisfied
54114,20,NA
54115,19,Very Satisfied
54116,16,Mod. Satisfied
54117,17,Mod. Satisfied
54118,15,Very Satisfied
54119,16,Mod. Satisfied
54120,18,NA
54121,19,NA
54122,12,NA
54123,16,Very Satisfied
54124,12,Mod. Satisfied
54125,16,Very Satisfied
54126,16,Very Satisfied
54127,15,Mod. Satisfied
54128,8,Very Satisfied
54129,12,Mod. Satisfied
54130,12,NA
54131,17,Mod. Satisfied
54132,12,Very Satisfied
54133,15,Mod. Satisfied
54134,16,NA
54135,17,Very Satisfied
54136,9,NA
54137,11,Mod. Satisfied
54138,8,NA
54139,16,NA
54140,14,Mod. Satisfied
54141,12,NA
54142,12,Very Satisfied
54143,13,Mod. Satisfied
54144,12,Very Satisfied
54145,14,NA
54146,9,Mod. Satisfied
54147,13,Mod. Satisfied
54148,12,NA
54149,15,Very Dissatisfied
54150,13,A Little Dissat
54151,12,NA
54152,13,NA
54153,12,Mod. Satisfied
54154,13,NA
54155,10,Mod. Satisfied
54156,14,Very Satisfied
54157,12,Mod. Satisfied
54158,13,Very Satisfied
54159,15,Mod. Satisfied
54160,16,Very Satisfied
54161,17,Mod. Satisfied
54162,16,Very Satisfied
54163,12,Very Satisfied
54164,12,NA
54165,16,Mod. Satisfied
54166,13,Very Satisfied
54167,20,Mod. Satisfied
54168,10,Mod. Satisfied
54169,15,Mod. Satisfied
54170,16,Mod. Satisfied
54171,11,NA
54172,10,NA
54173,13,A Little Dissat
54174,15,NA
54175,9,Very Satisfied
54176,15,NA
54177,6,NA
54178,14,Mod. Satisfied
54179,11,Mod. Satisfied
54180,12,NA
54181,12,Very Satisfied
54182,12,Very Satisfied
54183,12,Very Dissatisfied
54184,10,NA
54185,13,Very Satisfied
54186,13,NA
54187,15,Very Satisfied
54188,15,NA
54189,13,Very Satisfied
54190,12,A Little Dissat
54191,14,NA
54192,10,NA
54193,13,Very Satisfied
54194,14,Mod. Satisfied
54195,16,A Little Dissat
54196,10,Mod. Satisfied
54197,14,Mod. Satisfied
54198,13,Very Satisfied
54199,20,Mod. Satisfied
54200,8,NA
54201,12,NA
54202,14,Very Satisfied
54203,14,NA
54204,13,Mod. Satisfied
54205,14,Very Satisfied
54206,10,Very Satisfied
54207,18,Mod. Satisfied
54208,16,Very Satisfied
54209,14,Very Satisfied
54210,18,NA
54211,16,Very Satisfied
54212,16,Mod. Satisfied
54213,18,Very Satisfied
54214,18,Very Satisfied
54215,12,Very Satisfied
54216,14,Very Satisfied
54217,15,Very Dissatisfied
54218,16,A Little Dissat
54219,14,Very Satisfied
54220,12,Very Satisfied
54221,16,Mod. Satisfied
54222,11,A Little Dissat
54223,13,Mod. Satisfied
54224,16,NA
54225,7,Very Satisfied
54226,14,NA
54227,12,Very Satisfied
54228,13,NA
54229,12,Very Satisfied
54230,12,A Little Dissat
54231,12,Mod. Satisfied
54232,NA,A Little Dissat
54233,14,NA
54234,14,Very Satisfied
54235,13,NA
54236,13,NA
54237,10,Very Satisfied
54238,9,Very Satisfied
54239,10,Mod. Satisfied
54240,12,Mod. Satisfied
54241,12,NA
54242,14,Very Satisfied
54243,12,Very Satisfied
54244,12,Mod. Satisfied
54245,8,NA
54246,11,Mod. Satisfied
54247,12,Mod. Satisfied
54248,10,NA
54249,11,A Little Dissat
54250,16,Very Dissatisfied
54251,13,Mod. Satisfied
54252,16,Very Satisfied
54253,14,Very Satisfied
54254,12,Very Satisfied
54255,14,Very Satisfied
54256,18,NA
54257,14,Mod. Satisfied
54258,18,Very Satisfied
54259,14,Very Satisfied
54260,8,Mod. Satisfied
54261,9,Very Satisfied
54262,14,Very Satisfied
54263,18,Mod. Satisfied
54264,13,Mod. Satisfied
54265,15,NA
54266,14,Mod. Satisfied
54267,4,Mod. Satisfied
54268,12,Very Satisfied
54269,10,A Little Dissat
54270,7,NA
54271,19,NA
54272,17,Very Satisfied
54273,18,NA
54274,12,Very Satisfied
54275,16,Mod. Satisfied
54276,18,NA
54277,16,NA
54278,16,A Little Dissat
54279,16,Mod. Satisfied
54280,16,Very Satisfied
54281,17,Mod. Satisfied
54282,19,Very Satisfied
54283,20,Very Satisfied
54284,16,NA
54285,18,Very Satisfied
54286,14,NA
54287,14,Very Satisfied
54288,15,Mod. Satisfied
54289,16,Very Satisfied
54290,9,A Little Dissat
54291,9,Mod. Satisfied
54292,18,Mod. Satisfied
54293,16,Mod. Satisfied
54294,10,Mod. Satisfied
54295,12,Mod. Satisfied
54296,12,Mod. Satisfied
54297,16,Very Satisfied
54298,18,Mod. Satisfied
54299,12,NA
54300,16,A Little Dissat
54301,16,Very Satisfied
54302,16,Very Dissatisfied
54303,12,NA
54304,13,Very Satisfied
54305,18,NA
54306,13,Very Satisfied
54307,16,Very Dissatisfied
54308,19,Very Satisfied
54309,13,Mod. Satisfied
54310,12,Very Satisfied
54311,16,NA
54312,12,A Little Dissat
54313,16,Very Satisfied
54314,14,NA
54315,16,Mod. Satisfied
54316,14,NA
54317,16,NA
54318,16,NA
54319,17,Very Satisfied
54320,17,Very Satisfied
54321,13,Very Satisfied
54322,17,A Little Dissat
54323,13,Mod. Satisfied
54324,16,Mod. Satisfied
54325,20,Very Satisfied
54326,18,Mod. Satisfied
54327,12,Very Satisfied
54328,12,NA
54329,16,NA
54330,12,Very Satisfied
54331,16,Very Satisfied
54332,16,Very Satisfied
54333,16,NA
54334,11,Very Satisfied
54335,14,Very Satisfied
54336,12,A Little Dissat
54337,17,Very Satisfied
54338,16,Very Satisfied
54339,15,A Little Dissat
54340,20,NA
54341,16,A Little Dissat
54342,16,Mod. Satisfied
54343,16,Mod. Satisfied
54344,17,Mod. Satisfied
54345,14,Mod. Satisfied
54346,16,Mod. Satisfied
54347,14,Very Satisfied
54348,16,Very Satisfied
54349,18,Mod. Satisfied
54350,14,Very Satisfied
54351,12,NA
54352,12,NA
54353,16,Mod. Satisfied
54354,18,NA
54355,12,Very Satisfied
54356,15,Mod. Satisfied
54357,12,Very Dissatisfied
54358,12,Mod. Satisfied
54359,13,Mod. Satisfied
54360,13,A Little Dissat
54361,12,Very Satisfied
54362,18,Very Satisfied
54363,12,Very Satisfied
54364,12,Very Satisfied
54365,18,Mod. Satisfied
54366,12,A Little Dissat
54367,12,Mod. Satisfied
54368,16,A Little Dissat
54369,13,Very Satisfied
54370,18,Mod. Satisfied
54371,14,Mod. Satisfied
54372,9,A Little Dissat
54373,12,Mod. Satisfied
54374,13,Very Satisfied
54375,4,Mod. Satisfied
54376,16,Very Satisfied
54377,11,Mod. Satisfied
54378,15,Mod. Satisfied
54379,9,Very Satisfied
54380,16,NA
54381,15,Very Satisfied
54382,6,Mod. Satisfied
54383,6,Very Satisfied
54384,9,Mod. Satisfied
54385,12,Mod. Satisfied
54386,6,NA
54387,14,Mod. Satisfied
54388,12,Mod. Satisfied
54389,14,Very Satisfied
54390,6,A Little Dissat
54391,13,Very Satisfied
54392,14,Very Satisfied
54393,16,Very Satisfied
54394,11,Mod. Satisfied
54395,12,Mod. Satisfied
54396,5,NA
54397,14,Mod. Satisfied
54398,11,Very Satisfied
54399,8,Very Satisfied
54400,11,Mod. Satisfied
54401,6,Very Satisfied
54402,6,Very Satisfied
54403,15,Mod. Satisfied
54404,16,Very Satisfied
54405,6,Very Satisfied
54406,8,NA
54407,6,Mod. Satisfied
54408,12,Mod. Satisfied
54409,10,NA
54410,13,NA
54411,12,Mod. Satisfied
54412,12,Very Dissatisfied
54413,16,Very Satisfied
54414,12,Mod. Satisfied
54415,16,A Little Dissat
54416,14,Mod. Satisfied
54417,16,Very Satisfied
54418,8,Mod. Satisfied
54419,12,Very Satisfied
54420,16,Very Satisfied
54421,12,Mod. Satisfied
54422,7,Very Satisfied
54423,12,A Little Dissat
54424,12,Mod. Satisfied
54425,12,NA
54426,20,Very Satisfied
54427,15,NA
54428,16,Very Dissatisfied
54429,12,A Little Dissat
54430,15,NA
54431,12,NA
54432,13,NA
54433,9,Very Satisfied
54434,15,Mod. Satisfied
54435,13,Mod. Satisfied
54436,20,Very Satisfied
54437,14,Very Satisfied
54438,11,Very Satisfied
54439,12,Very Satisfied
54440,14,A Little Dissat
54441,12,Very Satisfied
54442,12,Mod. Satisfied
54443,12,Mod. Satisfied
54444,12,NA
54445,11,NA
54446,10,NA
54447,9,Very Satisfied
54448,11,Very Satisfied
54449,13,A Little Dissat
54450,14,Very Satisfied
54451,12,Mod. Satisfied
54452,12,Very Satisfied
54453,15,Mod. Satisfied
54454,15,NA
54455,12,NA
54456,13,Mod. Satisfied
54457,14,Mod. Satisfied
54458,17,NA
54459,16,Very Satisfied
54460,13,Very Satisfied
54461,16,NA
54462,14,NA
54463,12,Very Satisfied
54464,12,NA
54465,12,NA
54466,17,Very Satisfied
54467,15,NA
54468,12,NA
54469,14,A Little Dissat
54470,14,Very Satisfied
54471,14,Mod. Satisfied
54472,12,Very Satisfied
54473,16,Mod. Satisfied
54474,13,A Little Dissat
54475,11,Mod. Satisfied
54476,14,Mod. Satisfied
54477,11,Very Satisfied
54478,12,Very Satisfied
54479,8,Very Satisfied
54480,15,NA
54481,11,NA
54482,14,Very Satisfied
54483,1,NA
54484,4,Mod. Satisfied
54485,13,Mod. Satisfied
54486,5,NA
54487,12,Very Satisfied
54488,9,Mod. Satisfied
54489,0,NA
54490,11,NA
54491,11,Very Satisfied
54492,11,Very Satisfied
54493,6,Very Satisfied
54494,13,Very Satisfied
54495,11,Very Satisfied
54496,2,NA
54497,12,Very Satisfied
54498,15,NA
54499,12,NA
54500,12,Very Satisfied
54501,20,NA
54502,12,Very Satisfied
54503,13,NA
54504,14,Mod. Satisfied
54505,13,Mod. Satisfied
54506,7,Mod. Satisfied
54507,16,NA
54508,15,A Little Dissat
54509,16,A Little Dissat
54510,12,Mod. Satisfied
54511,13,Very Satisfied
54512,10,Very Satisfied
54513,16,Mod. Satisfied
54514,18,A Little Dissat
54515,12,Mod. Satisfied
54516,12,Very Satisfied
54517,15,Mod. Satisfied
54518,18,Very Satisfied
54519,17,Mod. Satisfied
54520,10,NA
54521,12,NA
54522,13,Mod. Satisfied
54523,12,A Little Dissat
54524,16,Very Satisfied
54525,16,A Little Dissat
54526,12,Very Satisfied
54527,16,Very Satisfied
54528,15,NA
54529,13,Very Satisfied
54530,12,Very Satisfied
54531,16,NA
54532,14,Mod. Satisfied
54533,18,Mod. Satisfied
54534,10,NA
54535,13,Very Satisfied
54536,16,A Little Dissat
54537,16,NA
54538,18,Very Satisfied
54539,15,Mod. Satisfied
54540,15,NA
54541,12,Very Satisfied
54542,13,Mod. Satisfied
54543,12,NA
54544,16,NA
54545,12,Mod. Satisfied
54546,20,Mod. Satisfied
54547,9,Mod. Satisfied
54548,11,NA
54549,18,Very Satisfied
54550,13,Very Satisfied
54551,17,Mod. Satisfied
54552,12,Very Satisfied
54553,16,Very Satisfied
54554,12,Mod. Satisfied
54555,11,Very Satisfied
54556,12,Very Satisfied
54557,12,NA
54558,15,Very Satisfied
54559,14,Very Satisfied
54560,10,Mod. Satisfied
54561,12,NA
54562,12,Very Satisfied
54563,13,Very Dissatisfied
54564,14,A Little Dissat
54565,16,Mod. Satisfied
54566,12,Mod. Satisfied
54567,11,Very Satisfied
54568,10,Mod. Satisfied
54569,6,Very Satisfied
54570,11,Very Satisfied
54571,2,Mod. Satisfied
54572,16,NA
54573,12,Mod. Satisfied
54574,12,Very Satisfied
54575,11,A Little Dissat
54576,11,Very Dissatisfied
54577,12,Mod. Satisfied
54578,12,Very Satisfied
54579,14,A Little Dissat
54580,12,Very Satisfied
54581,20,Very Satisfied
54582,18,NA
54583,11,Very Satisfied
54584,12,Mod. Satisfied
54585,12,Mod. Satisfied
54586,10,Mod. Satisfied
54587,13,Mod. Satisfied
54588,11,NA
54589,NA,Mod. Satisfied
54590,17,Mod. Satisfied
54591,12,NA
54592,15,Very Satisfied
54593,11,Mod. Satisfied
54594,12,Very Satisfied
54595,12,NA
54596,12,Mod. Satisfied
54597,14,Very Satisfied
54598,12,NA
54599,14,Very Satisfied
54600,18,Mod. Satisfied
54601,16,Mod. Satisfied
54602,14,NA
54603,16,NA
54604,12,NA
54605,12,Very Satisfied
54606,20,Very Satisfied
54607,16,NA
54608,12,Very Satisfied
54609,16,NA
54610,14,NA
54611,6,NA
54612,17,Mod. Satisfied
54613,NA,Mod. Satisfied
54614,15,NA
54615,13,Very Satisfied
54616,8,NA
54617,18,Very Satisfied
54618,17,NA
54619,13,Very Satisfied
54620,18,Very Satisfied
54621,14,Very Satisfied
54622,12,NA
54623,12,NA
54624,20,Very Satisfied
54625,15,NA
54626,14,Mod. Satisfied
54627,18,Very Satisfied
54628,15,A Little Dissat
54629,16,A Little Dissat
54630,13,Very Satisfied
54631,11,NA
54632,13,Very Satisfied
54633,14,Very Satisfied
54634,19,NA
54635,14,NA
54636,17,Very Satisfied
54637,13,Very Satisfied
54638,16,NA
54639,16,Mod. Satisfied
54640,12,Very Satisfied
54641,12,Very Satisfied
54642,12,A Little Dissat
54643,16,NA
54644,12,NA
54645,11,Very Satisfied
54646,16,Mod. Satisfied
54647,14,Very Satisfied
54648,10,NA
54649,12,NA
54650,18,Mod. Satisfied
54651,12,Mod. Satisfied
54652,16,NA
54653,12,Very Satisfied
54654,15,NA
54655,12,Mod. Satisfied
54656,11,Very Satisfied
54657,12,Very Satisfied
54658,12,Very Satisfied
54659,12,Very Satisfied
54660,12,Mod. Satisfied
54661,14,Mod. Satisfied
54662,15,NA
54663,12,Very Satisfied
54664,12,Mod. Satisfied
54665,12,Very Satisfied
54666,13,Mod. Satisfied
54667,14,NA
54668,11,Very Satisfied
54669,16,Very Satisfied
54670,20,Very Satisfied
54671,20,Very Satisfied
54672,16,Mod. Satisfied
54673,19,Very Satisfied
54674,16,Very Satisfied
54675,16,NA
54676,12,Mod. Satisfied
54677,19,Mod. Satisfied
54678,18,A Little Dissat
54679,14,NA
54680,13,Very Dissatisfied
54681,16,NA
54682,12,Very Satisfied
54683,15,Very Satisfied
54684,12,Very Satisfied
54685,16,NA
54686,16,A Little Dissat
54687,16,Very Satisfied
54688,20,Very Satisfied
54689,13,A Little Dissat
54690,15,Mod. Satisfied
54691,13,A Little Dissat
54692,15,Mod. Satisfied
54693,14,Very Satisfied
54694,14,Mod. Satisfied
54695,12,Mod. Satisfied
54696,11,NA
54697,14,Mod. Satisfied
54698,10,A Little Dissat
54699,20,Very Satisfied
54700,17,Very Satisfied
54701,18,NA
54702,14,Mod. Satisfied
54703,12,NA
54704,12,Mod. Satisfied
54705,14,Mod. Satisfied
54706,13,Very Satisfied
54707,17,Mod. Satisfied
54708,17,Very Satisfied
54709,13,Very Dissatisfied
54710,12,Very Satisfied
54711,14,Very Satisfied
54712,12,NA
54713,16,NA
54714,17,Very Satisfied
54715,13,Very Satisfied
54716,12,Very Satisfied
54717,7,NA
54718,12,NA
54719,12,Very Satisfied
54720,12,Mod. Satisfied
54721,12,Mod. Satisfied
54722,16,Very Satisfied
54723,12,Mod. Satisfied
54724,12,Very Satisfied
54725,12,Very Satisfied
54726,9,Mod. Satisfied
54727,14,Very Satisfied
54728,12,NA
54729,12,NA
54730,12,NA
54731,12,NA
54732,14,Very Satisfied
54733,12,Very Satisfied
54734,12,Very Satisfied
54735,12,NA
54736,12,Very Satisfied
54737,20,Very Satisfied
54738,12,Mod. Satisfied
54739,12,NA
54740,16,Mod. Satisfied
54741,16,Very Satisfied
54742,12,Very Satisfied
54743,10,NA
54744,8,Very Satisfied
54745,16,Very Satisfied
54746,14,NA
54747,14,Mod. Satisfied
54748,11,Mod. Satisfied
54749,8,NA
54750,12,Very Satisfied
54751,16,NA
54752,14,Very Satisfied
54753,14,Mod. Satisfied
54754,9,Very Satisfied
54755,11,Mod. Satisfied
54756,11,NA
54757,8,NA
54758,11,Mod. Satisfied
54759,13,A Little Dissat
54760,9,A Little Dissat
54761,11,Mod. Satisfied
54762,12,Very Satisfied
54763,16,Very Satisfied
54764,13,NA
54765,12,Mod. Satisfied
54766,9,NA
54767,16,Mod. Satisfied
54768,9,Mod. Satisfied
54769,12,NA
54770,17,Very Satisfied
54771,12,NA
54772,12,Mod. Satisfied
54773,12,Very Satisfied
54774,12,Very Satisfied
54775,8,Mod. Satisfied
54776,12,Very Satisfied
54777,9,NA
54778,12,Very Satisfied
54779,12,NA
54780,16,NA
54781,16,Very Satisfied
54782,20,Mod. Satisfied
54783,9,NA
54784,18,Very Satisfied
54785,17,Mod. Satisfied
54786,17,Very Satisfied
54787,12,Very Satisfied
54788,12,NA
54789,16,Very Satisfied
54790,8,NA
54791,12,Mod. Satisfied
54792,12,NA
54793,12,Mod. Satisfied
54794,12,NA
54795,14,Very Satisfied
54796,11,Very Satisfied
54797,12,Mod. Satisfied
54798,20,Very Satisfied
54799,13,Very Satisfied
54800,12,NA
54801,18,Very Satisfied
54802,11,NA
54803,14,Very Satisfied
54804,11,A Little Dissat
54805,10,Very Satisfied
54806,12,A Little Dissat
54807,12,Mod. Satisfied
54808,12,NA
54809,10,A Little Dissat
54810,15,Very Satisfied
54811,11,Very Satisfied
54812,13,A Little Dissat
54813,14,Very Satisfied
54814,12,NA
54815,12,Very Dissatisfied
54816,12,Very Satisfied
54817,12,Mod. Satisfied
54818,12,Mod. Satisfied
54819,12,NA
54820,14,NA
54821,8,A Little Dissat
54822,10,A Little Dissat
54823,16,NA
54824,14,Very Satisfied
54825,13,Mod. Satisfied
54826,10,Mod. Satisfied
54827,11,Very Satisfied
54828,12,Very Satisfied
54829,0,NA
54830,12,Very Satisfied
54831,11,NA
54832,12,NA
54833,8,NA
54834,16,NA
54835,8,NA
54836,11,Very Satisfied
54837,14,Mod. Satisfied
54838,13,Mod. Satisfied
54839,12,NA
54840,12,NA
54841,12,NA
54842,16,Very Satisfied
54843,13,NA
54844,13,Very Satisfied
54845,12,Mod. Satisfied
54846,12,Mod. Satisfied
54847,14,Very Satisfied
54848,11,Very Satisfied
54849,12,Mod. Satisfied
54850,15,Very Satisfied
54851,12,Mod. Satisfied
54852,12,Mod. Satisfied
54853,12,Mod. Satisfied
54854,16,Very Satisfied
54855,12,Mod. Satisfied
54856,12,Very Dissatisfied
54857,16,Mod. Satisfied
54858,13,Mod. Satisfied
54859,12,Very Satisfied
54860,20,Very Satisfied
54861,18,Very Satisfied
54862,12,Mod. Satisfied
54863,12,NA
54864,12,A Little Dissat
54865,12,Mod. Satisfied
54866,20,Very Satisfied
54867,11,Mod. Satisfied
54868,16,Very Satisfied
54869,10,NA
54870,10,NA
54871,8,NA
54872,5,NA
54873,14,Mod. Satisfied
54874,12,Very Satisfied
54875,13,Very Satisfied
54876,12,Mod. Satisfied
54877,12,Mod. Satisfied
54878,14,NA
54879,16,NA
54880,17,Mod. Satisfied
54881,12,Very Satisfied
54882,18,NA
54883,14,NA
54884,16,NA
54885,7,NA
54886,12,NA
54887,16,Very Satisfied
54888,13,NA
54889,13,Mod. Satisfied
54890,12,Very Satisfied
54891,7,Mod. Satisfied
54892,14,Very Satisfied
54893,11,NA
54894,8,NA
54895,12,A Little Dissat
54896,12,A Little Dissat
54897,16,Very Satisfied
54898,12,A Little Dissat
54899,15,NA
54900,11,Very Satisfied
54901,9,A Little Dissat
54902,13,Very Satisfied
54903,12,Very Satisfied
54904,10,NA
54905,12,Very Satisfied
54906,16,NA
54907,12,Very Satisfied
54908,12,Mod. Satisfied
54909,9,Mod. Satisfied
54910,13,Very Satisfied
54911,10,NA
54912,18,A Little Dissat
54913,14,NA
54914,13,NA
54915,12,NA
54916,14,Very Satisfied
54917,13,Very Satisfied
54918,12,Very Dissatisfied
54919,14,Mod. Satisfied
54920,12,A Little Dissat
54921,13,Very Satisfied
54922,12,NA
54923,13,Mod. Satisfied
54924,12,Mod. Satisfied
54925,12,NA
54926,12,Very Satisfied
54927,16,Very Satisfied
54928,9,A Little Dissat
54929,9,Very Satisfied
54930,15,Mod. Satisfied
54931,14,Mod. Satisfied
54932,14,A Little Dissat
54933,9,A Little Dissat
54934,12,A Little Dissat
54935,12,Very Satisfied
54936,9,Mod. Satisfied
54937,16,A Little Dissat
54938,15,Mod. Satisfied
54939,9,A Little Dissat
54940,14,Mod. Satisfied
54941,12,Mod. Satisfied
54942,12,Mod. Satisfied
54943,13,NA
54944,12,Mod. Satisfied
54945,14,Very Satisfied
54946,6,Very Satisfied
54947,13,NA
54948,14,Very Dissatisfied
54949,16,Mod. Satisfied
54950,12,Very Satisfied
54951,11,Very Satisfied
54952,12,Very Satisfied
54953,13,NA
54954,11,Mod. Satisfied
54955,12,Very Satisfied
54956,0,Very Dissatisfied
54957,9,Very Satisfied
54958,14,Very Satisfied
54959,12,Very Satisfied
54960,16,Very Satisfied
54961,13,Very Satisfied
54962,6,NA
54963,15,Very Satisfied
54964,12,NA
54965,10,Very Satisfied
54966,12,Very Satisfied
54967,13,Very Satisfied
54968,16,Mod. Satisfied
54969,14,Very Satisfied
54970,16,NA
54971,14,Very Satisfied
54972,15,Very Satisfied
54973,14,Very Satisfied
54974,11,NA
54975,16,Very Satisfied
54976,15,Mod. Satisfied
54977,14,Mod. Satisfied
54978,8,Mod. Satisfied
54979,14,NA
54980,12,Mod. Satisfied
54981,15,NA
54982,12,Very Dissatisfied
54983,17,Very Satisfied
54984,8,Very Satisfied
54985,9,A Little Dissat
54986,12,NA
54987,12,Very Satisfied
54988,12,Very Satisfied
54989,16,Mod. Satisfied
54990,14,Mod. Satisfied
54991,13,Very Satisfied
54992,9,Very Satisfied
54993,8,NA
54994,12,NA
54995,12,Very Satisfied
54996,17,Very Satisfied
54997,12,Very Satisfied
54998,11,NA
54999,11,A Little Dissat
55000,11,Mod. Satisfied
55001,12,Very Satisfied
55002,14,Very Satisfied
55003,13,NA
55004,4,NA
55005,12,Very Satisfied
55006,8,NA
55007,15,Very Satisfied
55008,NA,Very Dissatisfied
55009,13,Mod. Satisfied
55010,12,NA
55011,10,Very Dissatisfied
55012,12,Very Satisfied
55013,14,Mod. Satisfied
55014,12,Very Satisfied
55015,14,Very Satisfied
55016,12,Very Satisfied
55017,11,Very Satisfied
55018,12,NA
55019,17,Very Satisfied
55020,14,Mod. Satisfied
55021,12,NA
55022,11,Very Dissatisfied
55023,14,Very Satisfied
55024,16,Very Satisfied
55025,12,Very Dissatisfied
55026,14,Mod. Satisfied
55027,17,NA
55028,12,NA
55029,12,Very Satisfied
55030,16,Mod. Satisfied
55031,12,Mod. Satisfied
55032,12,NA
55033,12,Very Satisfied
55034,14,Very Satisfied
55035,12,NA
55036,8,Mod. Satisfied
55037,13,Very Satisfied
55038,12,NA
55039,12,Very Satisfied
55040,12,Mod. Satisfied
55041,16,A Little Dissat
55042,10,NA
55043,12,NA
55044,14,A Little Dissat
55045,16,Very Satisfied
55046,16,Very Satisfied
55047,16,Mod. Satisfied
55048,14,Mod. Satisfied
55049,20,NA
55050,16,NA
55051,16,NA
55052,15,A Little Dissat
55053,20,NA
55054,19,NA
55055,20,A Little Dissat
55056,19,NA
55057,14,Mod. Satisfied
55058,18,Mod. Satisfied
55059,6,Very Satisfied
55060,11,NA
55061,12,Very Satisfied
55062,14,Mod. Satisfied
55063,12,Very Satisfied
55064,12,NA
55065,9,Very Satisfied
55066,8,Very Satisfied
55067,12,NA
55068,15,Mod. Satisfied
55069,7,Very Satisfied
55070,16,Very Satisfied
55071,10,Mod. Satisfied
55072,12,NA
55073,15,NA
55074,11,Mod. Satisfied
55075,10,Very Satisfied
55076,16,Mod. Satisfied
55077,12,Very Satisfied
55078,12,Very Satisfied
55079,12,NA
55080,12,Very Satisfied
55081,11,Very Satisfied
55082,12,NA
55083,16,NA
55084,12,NA
55085,12,Mod. Satisfied
55086,16,Very Satisfied
55087,14,Mod. Satisfied
55088,16,Very Satisfied
55089,12,Very Satisfied
55090,12,A Little Dissat
55091,13,NA
55092,16,NA
55093,19,NA
55094,15,Very Satisfied
55095,11,Mod. Satisfied
55096,9,Mod. Satisfied
55097,17,Mod. Satisfied
55098,10,NA
55099,16,Mod. Satisfied
55100,12,NA
55101,12,NA
55102,4,A Little Dissat
55103,13,Very Satisfied
55104,12,Mod. Satisfied
55105,13,Very Satisfied
55106,12,Mod. Satisfied
55107,12,NA
55108,0,Mod. Satisfied
55109,10,Mod. Satisfied
55110,14,A Little Dissat
55111,16,Mod. Satisfied
55112,12,NA
55113,17,Mod. Satisfied
55114,15,Very Satisfied
55115,10,Very Satisfied
55116,16,NA
55117,13,Very Satisfied
55118,16,NA
55119,14,Very Satisfied
55120,19,NA
55121,16,Mod. Satisfied
55122,14,Mod. Satisfied
55123,18,Very Satisfied
55124,11,Very Satisfied
55125,12,Very Satisfied
55126,17,Mod. Satisfied
55127,14,Very Satisfied
55128,18,Very Satisfied
55129,14,NA
55130,18,Mod. Satisfied
55131,16,Very Satisfied
55132,16,Very Satisfied
55133,16,Very Satisfied
55134,16,Very Satisfied
55135,16,Very Satisfied
55136,16,NA
55137,19,NA
55138,16,Mod. Satisfied
55139,16,Mod. Satisfied
55140,20,Mod. Satisfied
55141,14,A Little Dissat
55142,20,Very Satisfied
55143,20,NA
55144,14,Very Satisfied
55145,12,NA
55146,8,NA
55147,9,NA
55148,19,NA
55149,19,NA
55150,6,Very Dissatisfied
55151,17,Mod. Satisfied
55152,16,Mod. Satisfied
55153,14,NA
55154,11,Mod. Satisfied
55155,16,Mod. Satisfied
55156,16,Mod. Satisfied
55157,14,Very Satisfied
55158,16,A Little Dissat
55159,16,NA
55160,17,Mod. Satisfied
55161,14,Mod. Satisfied
55162,16,NA
55163,12,NA
55164,16,Mod. Satisfied
55165,14,Mod. Satisfied
55166,13,Very Dissatisfied
55167,12,A Little Dissat
55168,12,NA
55169,18,Very Satisfied
55170,16,Very Satisfied
55171,20,Very Satisfied
55172,12,Very Satisfied
55173,19,Mod. Satisfied
55174,12,Very Satisfied
55175,17,Very Satisfied
55176,13,NA
55177,14,Mod. Satisfied
55178,18,NA
55179,20,Mod. Satisfied
55180,16,Very Satisfied
55181,12,Mod. Satisfied
55182,10,Very Satisfied
55183,14,Mod. Satisfied
55184,16,Mod. Satisfied
55185,13,NA
55186,16,Very Satisfied
55187,17,Very Satisfied
55188,12,NA
55189,16,NA
55190,20,Very Satisfied
55191,12,Very Satisfied
55192,14,Mod. Satisfied
55193,20,Very Dissatisfied
55194,19,Mod. Satisfied
55195,13,Very Dissatisfied
55196,18,Mod. Satisfied
55197,17,Mod. Satisfied
55198,14,Mod. Satisfied
55199,16,Mod. Satisfied
55200,16,Very Satisfied
55201,17,Very Satisfied
55202,12,Mod. Satisfied
55203,12,Very Satisfied
55204,14,Mod. Satisfied
55205,18,Mod. Satisfied
55206,12,NA
55207,14,NA
55208,18,NA
55209,15,Very Satisfied
55210,16,Mod. Satisfied
55211,12,Mod. Satisfied
55212,16,Mod. Satisfied
55213,20,Very Satisfied
55214,19,Very Satisfied
55215,6,A Little Dissat
55216,12,Mod. Satisfied
55217,6,A Little Dissat
55218,12,Very Satisfied
55219,12,Mod. Satisfied
55220,6,NA
55221,12,Very Dissatisfied
55222,16,Mod. Satisfied
55223,12,Mod. Satisfied
55224,13,A Little Dissat
55225,8,NA
55226,16,Very Satisfied
55227,16,Mod. Satisfied
55228,16,Mod. Satisfied
55229,14,Mod. Satisfied
55230,16,NA
55231,16,Very Satisfied
55232,11,NA
55233,14,NA
55234,14,Very Dissatisfied
55235,6,Mod. Satisfied
55236,14,Very Satisfied
55237,14,Mod. Satisfied
55238,9,Very Dissatisfied
55239,6,Very Satisfied
55240,11,Very Satisfied
55241,6,Very Dissatisfied
55242,11,Mod. Satisfied
55243,14,NA
55244,13,NA
55245,12,Very Dissatisfied
55246,14,Very Satisfied
55247,13,Very Satisfied
55248,17,Very Satisfied
55249,17,Very Satisfied
55250,12,A Little Dissat
55251,12,Mod. Satisfied
55252,13,Mod. Satisfied
55253,13,NA
55254,14,NA
55255,16,Mod. Satisfied
55256,16,Mod. Satisfied
55257,16,Mod. Satisfied
55258,15,NA
55259,15,Very Satisfied
55260,14,NA
55261,15,NA
55262,16,NA
55263,11,Very Satisfied
55264,15,Very Satisfied
55265,16,NA
55266,19,Very Satisfied
55267,9,A Little Dissat
55268,12,Mod. Satisfied
55269,14,Mod. Satisfied
55270,11,Very Satisfied
55271,13,Very Satisfied
55272,16,Mod. Satisfied
55273,16,Mod. Satisfied
55274,17,Very Satisfied
55275,12,Very Satisfied
55276,16,Mod. Satisfied
55277,16,Mod. Satisfied
55278,12,NA
55279,12,Very Satisfied
55280,12,Mod. Satisfied
55281,16,Very Satisfied
55282,12,Mod. Satisfied
55283,13,NA
55284,12,Mod. Satisfied
55285,14,Very Satisfied
55286,12,NA
55287,9,Very Satisfied
55288,9,Very Satisfied
55289,14,Mod. Satisfied
55290,16,Mod. Satisfied
55291,17,NA
55292,14,Mod. Satisfied
55293,13,A Little Dissat
55294,16,Mod. Satisfied
55295,19,NA
55296,12,Very Satisfied
55297,14,Very Satisfied
55298,16,Very Satisfied
55299,12,Mod. Satisfied
55300,16,Mod. Satisfied
55301,14,Mod. Satisfied
55302,18,Mod. Satisfied
55303,19,A Little Dissat
55304,12,NA
55305,12,Mod. Satisfied
55306,12,Mod. Satisfied
55307,9,Mod. Satisfied
55308,6,Mod. Satisfied
55309,11,Very Satisfied
55310,11,NA
55311,12,Very Satisfied
55312,12,Very Satisfied
55313,12,A Little Dissat
55314,19,NA
55315,19,NA
55316,12,Mod. Satisfied
55317,6,Mod. Satisfied
55318,15,Very Satisfied
55319,16,Very Satisfied
55320,12,Very Satisfied
55321,14,Very Satisfied
55322,13,Very Satisfied
55323,6,NA
55324,17,Mod. Satisfied
55325,12,Very Satisfied
55326,14,NA
55327,10,Mod. Satisfied
55328,12,Very Satisfied
55329,16,Very Satisfied
55330,18,Very Satisfied
55331,18,Very Satisfied
55332,12,NA
55333,16,NA
55334,12,Very Satisfied
55335,0,NA
55336,14,A Little Dissat
55337,16,Very Satisfied
55338,14,A Little Dissat
55339,16,Very Satisfied
55340,14,Mod. Satisfied
55341,6,A Little Dissat
55342,12,Mod. Satisfied
55343,8,NA
55344,10,Mod. Satisfied
55345,12,Mod. Satisfied
55346,16,NA
55347,16,NA
55348,12,NA
55349,16,A Little Dissat
55350,12,NA
55351,17,Mod. Satisfied
55352,16,NA
55353,16,Mod. Satisfied
55354,16,Very Satisfied
55355,18,NA
55356,12,NA
55357,16,Very Satisfied
55358,12,Very Satisfied
55359,14,A Little Dissat
55360,11,Very Satisfied
55361,14,NA
55362,16,NA
55363,14,A Little Dissat
55364,12,Very Satisfied
55365,16,Very Satisfied
55366,16,Very Satisfied
55367,16,Mod. Satisfied
55368,20,NA
55369,20,Very Satisfied
55370,16,Very Satisfied
55371,13,NA
55372,16,A Little Dissat
55373,14,Very Satisfied
55374,16,Mod. Satisfied
55375,12,Very Satisfied
55376,14,Very Satisfied
55377,9,Mod. Satisfied
55378,14,Mod. Satisfied
55379,16,Very Dissatisfied
55380,13,NA
55381,14,NA
55382,18,Mod. Satisfied
55383,14,Mod. Satisfied
55384,18,NA
55385,12,Very Dissatisfied
55386,12,Very Satisfied
55387,12,Very Satisfied
55388,11,Mod. Satisfied
55389,12,NA
55390,12,Very Satisfied
55391,16,A Little Dissat
55392,18,Mod. Satisfied
55393,20,NA
55394,18,Mod. Satisfied
55395,6,NA
55396,13,NA
55397,16,Mod. Satisfied
55398,16,A Little Dissat
55399,8,Very Satisfied
55400,18,Very Satisfied
55401,20,Very Satisfied
55402,17,Very Satisfied
55403,20,Very Satisfied
55404,16,Very Satisfied
55405,4,Mod. Satisfied
55406,13,Very Satisfied
55407,12,Mod. Satisfied
55408,12,Mod. Satisfied
55409,15,Mod. Satisfied
55410,16,A Little Dissat
55411,12,Very Satisfied
55412,14,NA
55413,14,NA
55414,17,Mod. Satisfied
55415,16,Very Satisfied
55416,16,Very Satisfied
55417,16,Mod. Satisfied
55418,16,Mod. Satisfied
55419,16,Mod. Satisfied
55420,17,Very Satisfied
55421,8,NA
55422,17,Mod. Satisfied
55423,12,NA
55424,17,NA
55425,15,Very Satisfied
55426,9,NA
55427,16,Mod. Satisfied
55428,16,Mod. Satisfied
55429,16,NA
55430,19,Very Satisfied
55431,14,Mod. Satisfied
55432,20,NA
55433,16,Mod. Satisfied
55434,16,Mod. Satisfied
55435,16,Mod. Satisfied
55436,12,A Little Dissat
55437,18,Very Satisfied
55438,13,Very Satisfied
55439,18,A Little Dissat
55440,10,NA
55441,17,Very Satisfied
55442,14,Very Satisfied
55443,13,A Little Dissat
55444,18,Mod. Satisfied
55445,16,Mod. Satisfied
55446,16,Very Satisfied
55447,17,Very Satisfied
55448,15,Very Satisfied
55449,12,Very Satisfied
55450,12,NA
55451,5,Mod. Satisfied
55452,10,NA
55453,12,NA
55454,16,Very Satisfied
55455,10,Mod. Satisfied
55456,12,Very Satisfied
55457,12,NA
55458,15,NA
55459,16,NA
55460,9,NA
55461,12,Very Satisfied
55462,14,Mod. Satisfied
55463,12,NA
55464,14,Very Satisfied
55465,15,Very Satisfied
55466,20,Mod. Satisfied
55467,16,Very Dissatisfied
55468,16,Mod. Satisfied
55469,13,NA
55470,16,Very Satisfied
55471,14,NA
55472,18,Very Satisfied
55473,16,NA
55474,14,NA
55475,18,Mod. Satisfied
55476,17,NA
55477,12,Very Satisfied
55478,11,NA
55479,13,Mod. Satisfied
55480,16,Very Satisfied
55481,15,Very Satisfied
55482,12,Mod. Satisfied
55483,19,A Little Dissat
55484,18,Very Satisfied
55485,15,Mod. Satisfied
55486,13,NA
55487,17,Very Satisfied
55488,17,Mod. Satisfied
55489,18,Mod. Satisfied
55490,12,NA
55491,13,NA
55492,17,Very Satisfied
55493,12,Very Satisfied
55494,14,NA
55495,16,Mod. Satisfied
55496,20,NA
55497,16,Mod. Satisfied
55498,10,Mod. Satisfied
55499,19,Very Satisfied
55500,20,Mod. Satisfied
55501,16,A Little Dissat
55502,16,Very Satisfied
55503,12,A Little Dissat
55504,20,NA
55505,13,Mod. Satisfied
55506,12,Mod. Satisfied
55507,10,Very Satisfied
55508,14,Mod. Satisfied
55509,18,Mod. Satisfied
55510,11,Mod. Satisfied
55511,16,Very Satisfied
55512,16,Very Satisfied
55513,12,Mod. Satisfied
55514,15,NA
55515,16,Mod. Satisfied
55516,16,Very Satisfied
55517,12,Very Satisfied
55518,14,NA
55519,16,Mod. Satisfied
55520,11,A Little Dissat
55521,14,Very Satisfied
55522,20,Very Satisfied
55523,16,Mod. Satisfied
55524,20,Very Satisfied
55525,11,NA
55526,16,Very Satisfied
55527,14,NA
55528,14,Very Satisfied
55529,12,Mod. Satisfied
55530,15,Mod. Satisfied
55531,11,Very Satisfied
55532,17,Very Satisfied
55533,13,Mod. Satisfied
55534,13,Very Satisfied
55535,12,Very Satisfied
55536,12,NA
55537,13,NA
55538,20,Mod. Satisfied
55539,14,A Little Dissat
55540,16,Mod. Satisfied
55541,19,Very Satisfied
55542,16,Mod. Satisfied
55543,12,NA
55544,12,Very Satisfied
55545,14,Mod. Satisfied
55546,14,Very Satisfied
55547,12,Mod. Satisfied
55548,16,Very Satisfied
55549,19,NA
55550,18,Very Satisfied
55551,18,Very Satisfied
55552,18,NA
55553,16,Mod. Satisfied
55554,18,Mod. Satisfied
55555,18,Very Satisfied
55556,12,Very Satisfied
55557,17,Very Satisfied
55558,20,NA
55559,14,A Little Dissat
55560,9,Very Satisfied
55561,18,Mod. Satisfied
55562,12,Very Satisfied
55563,9,Very Satisfied
55564,14,Mod. Satisfied
55565,16,Very Satisfied
55566,11,Mod. Satisfied
55567,13,Very Satisfied
55568,12,Very Satisfied
55569,13,NA
55570,14,Mod. Satisfied
55571,10,Very Satisfied
55572,4,NA
55573,12,Very Dissatisfied
55574,15,Very Satisfied
55575,18,A Little Dissat
55576,12,A Little Dissat
55577,12,Very Satisfied
55578,11,Very Satisfied
55579,20,Mod. Satisfied
55580,13,Very Satisfied
55581,16,NA
55582,15,Very Satisfied
55583,8,Very Satisfied
55584,12,Very Satisfied
55585,12,Very Satisfied
55586,12,Very Satisfied
55587,6,Very Satisfied
55588,17,NA
55589,18,Very Satisfied
55590,14,NA
55591,13,Very Satisfied
55592,10,Very Satisfied
55593,12,Mod. Satisfied
55594,12,Very Satisfied
55595,20,Very Satisfied
55596,17,Mod. Satisfied
55597,14,NA
55598,12,A Little Dissat
55599,0,Very Satisfied
55600,12,NA
55601,16,NA
55602,14,Very Satisfied
55603,16,Very Satisfied
55604,8,Mod. Satisfied
55605,9,A Little Dissat
55606,8,Mod. Satisfied
55607,9,NA
55608,12,Mod. Satisfied
55609,12,NA
55610,12,Very Satisfied
55611,9,Mod. Satisfied
55612,15,A Little Dissat
55613,12,Mod. Satisfied
55614,7,Very Satisfied
55615,5,Very Satisfied
55616,14,NA
55617,18,Very Satisfied
55618,16,Mod. Satisfied
55619,12,Very Satisfied
55620,12,Mod. Satisfied
55621,14,NA
55622,12,Mod. Satisfied
55623,15,Very Satisfied
55624,13,Mod. Satisfied
55625,12,Mod. Satisfied
55626,14,Very Satisfied
55627,18,Very Satisfied
55628,13,NA
55629,11,A Little Dissat
55630,10,Mod. Satisfied
55631,13,Mod. Satisfied
55632,16,A Little Dissat
55633,12,Very Satisfied
55634,10,NA
55635,12,A Little Dissat
55636,11,Mod. Satisfied
55637,10,Mod. Satisfied
55638,14,NA
55639,15,Very Satisfied
55640,14,Very Satisfied
55641,10,Very Satisfied
55642,12,NA
55643,11,Very Satisfied
55644,10,Mod. Satisfied
55645,10,NA
55646,12,Very Satisfied
55647,12,Mod. Satisfied
55648,6,NA
55649,12,NA
55650,6,Mod. Satisfied
55651,14,Mod. Satisfied
55652,12,Very Satisfied
55653,6,A Little Dissat
55654,17,Very Satisfied
55655,11,Very Satisfied
55656,15,Very Satisfied
55657,13,NA
55658,19,Very Satisfied
55659,16,Very Satisfied
55660,17,NA
55661,16,Very Satisfied
55662,14,NA
55663,10,NA
55664,12,Very Dissatisfied
55665,12,Very Satisfied
55666,13,NA
55667,7,NA
55668,12,Very Satisfied
55669,17,NA
55670,19,Very Satisfied
55671,20,A Little Dissat
55672,20,Very Satisfied
55673,17,A Little Dissat
55674,18,Very Satisfied
55675,12,Mod. Satisfied
55676,11,NA
55677,13,NA
55678,20,Mod. Satisfied
55679,13,Very Satisfied
55680,14,Very Satisfied
55681,12,Very Satisfied
55682,16,Mod. Satisfied
55683,14,Mod. Satisfied
55684,16,Very Satisfied
55685,18,Very Satisfied
55686,18,Mod. Satisfied
55687,18,NA
55688,16,Very Satisfied
55689,20,Very Satisfied
55690,13,Mod. Satisfied
55691,15,Very Satisfied
55692,12,Mod. Satisfied
55693,11,Very Satisfied
55694,12,Mod. Satisfied
55695,14,A Little Dissat
55696,12,NA
55697,16,Mod. Satisfied
55698,18,NA
55699,13,Very Satisfied
55700,20,Very Satisfied
55701,14,NA
55702,14,Mod. Satisfied
55703,16,Mod. Satisfied
55704,12,NA
55705,14,NA
55706,12,Very Dissatisfied
55707,9,Very Dissatisfied
55708,14,Very Satisfied
55709,12,Very Satisfied
55710,14,A Little Dissat
55711,14,NA
55712,12,Very Satisfied
55713,18,Very Satisfied
55714,16,Very Satisfied
55715,15,Very Satisfied
55716,15,Very Satisfied
55717,12,Very Satisfied
55718,14,A Little Dissat
55719,10,NA
55720,13,NA
55721,12,Mod. Satisfied
55722,11,Mod. Satisfied
55723,14,Very Satisfied
55724,14,A Little Dissat
55725,13,A Little Dissat
55726,12,Very Satisfied
55727,12,Very Satisfied
55728,15,Very Satisfied
55729,11,A Little Dissat
55730,12,Mod. Satisfied
55731,15,Mod. Satisfied
55732,12,A Little Dissat
55733,15,NA
55734,12,Very Dissatisfied
55735,12,A Little Dissat
55736,16,Very Satisfied
55737,12,Mod. Satisfied
55738,16,Mod. Satisfied
55739,8,A Little Dissat
55740,6,Mod. Satisfied
55741,12,Mod. Satisfied
55742,16,Very Satisfied
55743,12,Mod. Satisfied
55744,13,NA
55745,14,Very Satisfied
55746,20,Mod. Satisfied
55747,12,Mod. Satisfied
55748,12,NA
55749,12,Very Satisfied
55750,13,Very Satisfied
55751,13,A Little Dissat
55752,12,A Little Dissat
55753,12,Mod. Satisfied
55754,12,Very Satisfied
55755,12,NA
55756,17,Mod. Satisfied
55757,14,Mod. Satisfied
55758,16,NA
55759,16,Very Satisfied
55760,18,Mod. Satisfied
55761,14,Very Satisfied
55762,12,Very Satisfied
55763,9,NA
55764,16,NA
55765,12,NA
55766,18,Mod. Satisfied
55767,9,Mod. Satisfied
55768,9,Mod. Satisfied
55769,14,Mod. Satisfied
55770,6,Mod. Satisfied
55771,12,NA
55772,15,Very Satisfied
55773,16,NA
55774,12,Very Satisfied
55775,12,Very Dissatisfied
55776,16,Very Satisfied
55777,14,NA
55778,12,Mod. Satisfied
55779,19,Very Satisfied
55780,15,Very Satisfied
55781,13,NA
55782,13,Very Satisfied
55783,17,Very Satisfied
55784,14,Very Satisfied
55785,14,Very Satisfied
55786,16,Very Satisfied
55787,14,A Little Dissat
55788,14,Very Satisfied
55789,11,NA
55790,20,Mod. Satisfied
55791,14,NA
55792,20,Mod. Satisfied
55793,16,Very Satisfied
55794,12,NA
55795,13,Very Satisfied
55796,12,NA
55797,16,NA
55798,11,NA
55799,13,Very Satisfied
55800,12,Very Satisfied
55801,12,Mod. Satisfied
55802,14,NA
55803,12,NA
55804,13,NA
55805,20,Mod. Satisfied
55806,15,A Little Dissat
55807,12,Very Satisfied
55808,11,NA
55809,14,NA
55810,13,Very Satisfied
55811,16,Mod. Satisfied
55812,15,A Little Dissat
55813,12,Very Dissatisfied
55814,13,A Little Dissat
55815,12,Mod. Satisfied
55816,13,Very Satisfied
55817,12,NA
55818,8,NA
55819,12,Very Satisfied
55820,14,A Little Dissat
55821,20,Mod. Satisfied
55822,16,Very Satisfied
55823,8,NA
55824,12,NA
55825,13,Very Satisfied
55826,12,Mod. Satisfied
55827,12,A Little Dissat
55828,16,Mod. Satisfied
55829,18,Very Satisfied
55830,14,Mod. Satisfied
55831,14,Very Satisfied
55832,16,Very Satisfied
55833,16,NA
55834,13,Mod. Satisfied
55835,13,Very Satisfied
55836,11,Mod. Satisfied
55837,16,Very Satisfied
55838,12,NA
55839,14,Mod. Satisfied
55840,16,NA
55841,16,Very Satisfied
55842,11,NA
55843,14,Mod. Satisfied
55844,17,Mod. Satisfied
55845,14,NA
55846,13,Mod. Satisfied
55847,15,Very Satisfied
55848,16,Mod. Satisfied
55849,12,Mod. Satisfied
55850,12,Mod. Satisfied
55851,12,Very Satisfied
55852,15,Very Satisfied
55853,13,NA
55854,11,Very Satisfied
55855,12,Mod. Satisfied
55856,12,Mod. Satisfied
55857,13,Very Satisfied
55858,13,Very Satisfied
55859,14,Mod. Satisfied
55860,8,A Little Dissat
55861,14,Very Satisfied
55862,13,Mod. Satisfied
55863,15,Mod. Satisfied
55864,14,Mod. Satisfied
55865,13,Mod. Satisfied
55866,12,Mod. Satisfied
55867,16,Mod. Satisfied
55868,15,Very Satisfied
55869,16,Very Satisfied
55870,15,NA
55871,16,Mod. Satisfied
55872,16,Very Satisfied
55873,12,NA
55874,13,Very Satisfied
55875,16,Mod. Satisfied
55876,15,NA
55877,16,Very Satisfied
55878,14,A Little Dissat
55879,11,Very Dissatisfied
55880,14,Very Satisfied
55881,16,Mod. Satisfied
55882,14,Very Satisfied
55883,12,Very Satisfied
55884,14,Very Satisfied
55885,13,Mod. Satisfied
55886,16,NA
55887,12,Mod. Satisfied
55888,13,A Little Dissat
55889,13,NA
55890,15,NA
55891,12,NA
55892,20,Very Satisfied
55893,12,NA
55894,12,A Little Dissat
55895,14,Mod. Satisfied
55896,11,NA
55897,12,Very Satisfied
55898,12,Very Satisfied
55899,9,NA
55900,9,Mod. Satisfied
55901,18,NA
55902,16,Very Satisfied
55903,12,Mod. Satisfied
55904,16,NA
55905,12,Very Satisfied
55906,12,Mod. Satisfied
55907,11,Very Satisfied
55908,16,Very Satisfied
55909,14,Very Satisfied
55910,14,NA
55911,16,Mod. Satisfied
55912,16,A Little Dissat
55913,16,Very Satisfied
55914,13,Mod. Satisfied
55915,12,NA
55916,16,Mod. Satisfied
55917,15,Mod. Satisfied
55918,15,Very Satisfied
55919,16,Mod. Satisfied
55920,16,Very Satisfied
55921,12,Very Satisfied
55922,9,Very Satisfied
55923,13,Very Satisfied
55924,NA,Mod. Satisfied
55925,12,Mod. Satisfied
55926,13,NA
55927,16,Very Satisfied
55928,12,NA
55929,12,Mod. Satisfied
55930,12,NA
55931,12,Very Satisfied
55932,16,NA
55933,10,A Little Dissat
55934,15,Mod. Satisfied
55935,10,Mod. Satisfied
55936,12,Mod. Satisfied
55937,12,Very Satisfied
55938,15,Mod. Satisfied
55939,17,Very Satisfied
55940,12,Mod. Satisfied
55941,12,Mod. Satisfied
55942,14,Very Dissatisfied
55943,10,NA
55944,11,Very Satisfied
55945,12,Very Satisfied
55946,11,Mod. Satisfied
55947,12,NA
55948,12,Very Satisfied
55949,11,Very Satisfied
55950,11,NA
55951,12,Mod. Satisfied
55952,18,Very Satisfied
55953,11,Very Satisfied
55954,16,Mod. Satisfied
55955,12,Mod. Satisfied
55956,13,Mod. Satisfied
55957,12,Mod. Satisfied
55958,16,Very Satisfied
55959,14,Mod. Satisfied
55960,13,Very Dissatisfied
55961,14,Very Satisfied
55962,12,NA
55963,13,Mod. Satisfied
55964,6,Mod. Satisfied
55965,10,Very Satisfied
55966,3,NA
55967,12,Mod. Satisfied
55968,12,Very Satisfied
55969,10,Mod. Satisfied
55970,9,Very Satisfied
55971,16,Very Satisfied
55972,12,Very Satisfied
55973,14,Very Satisfied
55974,13,Mod. Satisfied
55975,12,A Little Dissat
55976,16,Very Satisfied
55977,15,NA
55978,18,Very Satisfied
55979,13,Very Satisfied
55980,16,Very Satisfied
55981,14,Very Satisfied
55982,19,Mod. Satisfied
55983,18,Mod. Satisfied
55984,13,A Little Dissat
55985,11,Mod. Satisfied
55986,12,Very Satisfied
55987,12,Mod. Satisfied
55988,16,Very Satisfied
55989,15,NA
55990,12,Very Satisfied
55991,14,Very Satisfied
55992,20,NA
55993,13,Mod. Satisfied
55994,18,Very Satisfied
55995,11,A Little Dissat
55996,13,Very Dissatisfied
55997,14,Very Satisfied
55998,9,Very Satisfied
55999,15,Mod. Satisfied
56000,16,Mod. Satisfied
56001,12,Mod. Satisfied
56002,16,Very Satisfied
56003,14,NA
56004,14,A Little Dissat
56005,16,NA
56006,12,NA
56007,13,Very Satisfied
56008,12,Mod. Satisfied
56009,12,NA
56010,12,Very Satisfied
56011,13,NA
56012,9,A Little Dissat
56013,13,Mod. Satisfied
56014,12,Mod. Satisfied
56015,12,Very Satisfied
56016,15,NA
56017,12,Mod. Satisfied
56018,14,Mod. Satisfied
56019,14,Very Satisfied
56020,9,Very Satisfied
56021,11,Mod. Satisfied
56022,12,Mod. Satisfied
56023,12,Very Satisfied
56024,14,NA
56025,13,Mod. Satisfied
56026,12,Mod. Satisfied
56027,12,Very Satisfied
56028,16,Very Dissatisfied
56029,12,Very Satisfied
56030,14,Very Satisfied
56031,12,Mod. Satisfied
56032,12,NA
56033,16,Very Satisfied
56034,16,Mod. Satisfied
56035,14,Very Satisfied
56036,12,NA
56037,12,Mod. Satisfied
56038,12,Very Satisfied
56039,12,Very Satisfied
56040,20,Mod. Satisfied
56041,18,Very Satisfied
56042,18,Very Satisfied
56043,12,Very Satisfied
56044,12,Very Satisfied
56045,12,NA
56046,16,NA
56047,14,NA
56048,18,Very Satisfied
56049,14,Very Satisfied
56050,12,A Little Dissat
56051,16,Very Satisfied
56052,16,Very Satisfied
56053,12,Mod. Satisfied
56054,16,Very Satisfied
56055,17,Mod. Satisfied
56056,17,Very Satisfied
56057,15,NA
56058,12,Very Satisfied
56059,12,NA
56060,20,Mod. Satisfied
56061,11,Very Satisfied
56062,16,Mod. Satisfied
56063,18,Very Satisfied
56064,16,Very Satisfied
56065,15,A Little Dissat
56066,16,NA
56067,16,NA
56068,14,Very Satisfied
56069,12,Mod. Satisfied
56070,12,Very Satisfied
56071,13,Very Satisfied
56072,14,Mod. Satisfied
56073,12,NA
56074,18,Mod. Satisfied
56075,11,Very Satisfied
56076,14,A Little Dissat
56077,15,NA
56078,12,Very Satisfied
56079,12,Very Satisfied
56080,12,Very Satisfied
56081,17,Very Dissatisfied
56082,9,NA
56083,20,Very Satisfied
56084,14,Very Satisfied
56085,12,Very Satisfied
56086,18,NA
56087,14,Mod. Satisfied
56088,12,Mod. Satisfied
56089,12,NA
56090,8,A Little Dissat
56091,13,Very Satisfied
56092,16,NA
56093,16,Mod. Satisfied
56094,15,Very Satisfied
56095,13,Very Dissatisfied
56096,12,Very Satisfied
56097,12,Very Satisfied
56098,16,Very Satisfied
56099,13,Very Satisfied
56100,12,NA
56101,12,NA
56102,16,Mod. Satisfied
56103,13,Very Satisfied
56104,18,Mod. Satisfied
56105,18,Mod. Satisfied
56106,10,NA
56107,7,NA
56108,16,Very Satisfied
56109,13,Mod. Satisfied
56110,14,NA
56111,17,Mod. Satisfied
56112,8,Very Satisfied
56113,12,Mod. Satisfied
56114,16,Mod. Satisfied
56115,16,Mod. Satisfied
56116,20,Very Satisfied
56117,16,Mod. Satisfied
56118,16,Mod. Satisfied
56119,18,Very Satisfied
56120,16,Very Satisfied
56121,12,Very Satisfied
56122,11,Very Satisfied
56123,20,Very Satisfied
56124,17,Mod. Satisfied
56125,13,Very Satisfied
56126,20,NA
56127,16,Very Satisfied
56128,16,Very Satisfied
56129,16,NA
56130,9,Very Satisfied
56131,15,NA
56132,10,NA
56133,10,Very Satisfied
56134,14,Very Satisfied
56135,14,Very Satisfied
56136,10,NA
56137,13,Mod. Satisfied
56138,12,Very Satisfied
56139,8,NA
56140,10,Very Satisfied
56141,15,NA
56142,16,A Little Dissat
56143,12,NA
56144,17,Mod. Satisfied
56145,19,Very Satisfied
56146,16,Mod. Satisfied
56147,11,Very Satisfied
56148,12,Very Satisfied
56149,14,Very Satisfied
56150,18,NA
56151,14,Very Satisfied
56152,14,Mod. Satisfied
56153,12,Very Dissatisfied
56154,8,Mod. Satisfied
56155,13,Mod. Satisfied
56156,16,Mod. Satisfied
56157,14,Very Satisfied
56158,11,NA
56159,12,A Little Dissat
56160,12,Mod. Satisfied
56161,12,NA
56162,12,Very Satisfied
56163,20,Mod. Satisfied
56164,16,Mod. Satisfied
56165,18,Mod. Satisfied
56166,12,A Little Dissat
56167,14,Mod. Satisfied
56168,12,Mod. Satisfied
56169,12,Mod. Satisfied
56170,17,Mod. Satisfied
56171,12,Mod. Satisfied
56172,12,Mod. Satisfied
56173,12,Mod. Satisfied
56174,9,Very Satisfied
56175,14,Mod. Satisfied
56176,11,Very Satisfied
56177,15,Very Satisfied
56178,12,NA
56179,12,Very Satisfied
56180,12,NA
56181,3,Very Satisfied
56182,16,Mod. Satisfied
56183,11,Very Satisfied
56184,17,Mod. Satisfied
56185,18,NA
56186,18,NA
56187,12,NA
56188,12,Very Satisfied
56189,11,Very Satisfied
56190,16,Very Satisfied
56191,12,A Little Dissat
56192,15,Very Satisfied
56193,9,Very Satisfied
56194,10,Mod. Satisfied
56195,9,NA
56196,9,NA
56197,12,NA
56198,17,NA
56199,12,Very Satisfied
56200,16,Very Satisfied
56201,14,Mod. Satisfied
56202,12,Very Satisfied
56203,16,Mod. Satisfied
56204,20,Very Satisfied
56205,17,NA
56206,16,Very Satisfied
56207,14,Mod. Satisfied
56208,12,NA
56209,12,NA
56210,20,NA
56211,10,NA
56212,12,Very Satisfied
56213,10,Mod. Satisfied
56214,14,NA
56215,16,Very Satisfied
56216,14,Very Satisfied
56217,16,Very Satisfied
56218,20,NA
56219,14,NA
56220,16,Very Satisfied
56221,6,Very Satisfied
56222,13,Mod. Satisfied
56223,14,NA
56224,14,Very Satisfied
56225,16,Very Satisfied
56226,10,NA
56227,12,Very Satisfied
56228,15,Mod. Satisfied
56229,18,Very Satisfied
56230,10,NA
56231,16,Very Satisfied
56232,13,Mod. Satisfied
56233,11,Very Satisfied
56234,16,NA
56235,13,Mod. Satisfied
56236,12,NA
56237,17,Very Satisfied
56238,11,Very Satisfied
56239,8,Mod. Satisfied
56240,14,Very Satisfied
56241,8,NA
56242,12,NA
56243,11,A Little Dissat
56244,12,Very Dissatisfied
56245,14,Mod. Satisfied
56246,14,Very Satisfied
56247,12,Mod. Satisfied
56248,12,NA
56249,12,Very Satisfied
56250,14,NA
56251,12,Mod. Satisfied
56252,12,NA
56253,12,Mod. Satisfied
56254,15,NA
56255,13,NA
56256,16,Very Satisfied
56257,15,Very Dissatisfied
56258,12,NA
56259,16,NA
56260,16,NA
56261,12,Very Satisfied
56262,12,Mod. Satisfied
56263,12,Mod. Satisfied
56264,18,NA
56265,14,NA
56266,14,NA
56267,16,NA
56268,15,Very Satisfied
56269,12,NA
56270,11,NA
56271,11,NA
56272,16,Very Satisfied
56273,12,Very Satisfied
56274,10,Very Satisfied
56275,10,Mod. Satisfied
56276,12,Mod. Satisfied
56277,12,Very Satisfied
56278,14,NA
56279,16,Mod. Satisfied
56280,16,Mod. Satisfied
56281,14,Mod. Satisfied
56282,16,Very Satisfied
56283,12,NA
56284,14,Very Satisfied
56285,14,A Little Dissat
56286,12,NA
56287,13,NA
56288,14,Very Satisfied
56289,8,Very Satisfied
56290,13,Mod. Satisfied
56291,13,NA
56292,14,Very Satisfied
56293,12,Very Satisfied
56294,12,Very Satisfied
56295,13,Mod. Satisfied
56296,15,Very Satisfied
56297,14,Very Satisfied
56298,16,Very Satisfied
56299,8,Mod. Satisfied
56300,12,Very Satisfied
56301,NA,NA
56302,14,A Little Dissat
56303,16,Mod. Satisfied
56304,14,NA
56305,12,A Little Dissat
56306,8,Mod. Satisfied
56307,16,Very Dissatisfied
56308,14,NA
56309,17,NA
56310,15,NA
56311,18,A Little Dissat
56312,16,NA
56313,9,A Little Dissat
56314,14,Very Satisfied
56315,12,NA
56316,11,A Little Dissat
56317,17,NA
56318,13,Mod. Satisfied
56319,12,Very Satisfied
56320,12,NA
56321,12,Mod. Satisfied
56322,14,Very Satisfied
56323,12,NA
56324,15,A Little Dissat
56325,12,Mod. Satisfied
56326,16,Very Dissatisfied
56327,16,NA
56328,8,Mod. Satisfied
56329,16,NA
56330,12,Very Satisfied
56331,11,NA
56332,12,Mod. Satisfied
56333,12,Very Satisfied
56334,12,Very Satisfied
56335,12,NA
56336,14,NA
56337,10,Very Satisfied
56338,12,Mod. Satisfied
56339,16,A Little Dissat
56340,16,Very Satisfied
56341,20,Mod. Satisfied
56342,12,NA
56343,14,Very Satisfied
56344,13,A Little Dissat
56345,19,Mod. Satisfied
56346,16,Very Dissatisfied
56347,8,Mod. Satisfied
56348,10,Very Satisfied
56349,12,NA
56350,12,Mod. Satisfied
56351,15,Mod. Satisfied
56352,12,Very Dissatisfied
56353,16,Mod. Satisfied
56354,12,Very Dissatisfied
56355,12,NA
56356,20,Very Satisfied
56357,11,NA
56358,12,NA
56359,18,Very Satisfied
56360,13,NA
56361,17,Very Satisfied
56362,20,Mod. Satisfied
56363,11,Very Satisfied
56364,11,Very Satisfied
56365,15,NA
56366,18,Mod. Satisfied
56367,12,Very Satisfied
56368,12,Very Satisfied
56369,17,Very Satisfied
56370,12,Very Satisfied
56371,12,NA
56372,12,Mod. Satisfied
56373,9,Very Dissatisfied
56374,15,A Little Dissat
56375,18,NA
56376,16,NA
56377,13,NA
56378,13,Mod. Satisfied
56379,10,A Little Dissat
56380,13,Very Satisfied
56381,13,Mod. Satisfied
56382,13,NA
56383,14,Very Satisfied
56384,19,Very Satisfied
56385,17,Very Satisfied
56386,16,Very Satisfied
56387,16,Very Satisfied
56388,16,Very Satisfied
56389,12,Very Satisfied
56390,16,Very Satisfied
56391,12,NA
56392,12,Very Satisfied
56393,11,NA
56394,16,NA
56395,12,NA
56396,12,Mod. Satisfied
56397,12,Mod. Satisfied
56398,12,NA
56399,12,NA
56400,12,Mod. Satisfied
56401,19,Mod. Satisfied
56402,16,NA
56403,16,NA
56404,18,NA
56405,16,NA
56406,16,A Little Dissat
56407,16,Mod. Satisfied
56408,12,Very Satisfied
56409,5,Very Satisfied
56410,12,Very Satisfied
56411,12,NA
56412,12,Very Satisfied
56413,12,NA
56414,14,Very Satisfied
56415,12,Very Satisfied
56416,12,NA
56417,12,Very Satisfied
56418,16,Very Satisfied
56419,16,Very Satisfied
56420,20,NA
56421,12,Mod. Satisfied
56422,15,Mod. Satisfied
56423,14,Very Satisfied
56424,15,NA
56425,18,Very Satisfied
56426,16,Very Satisfied
56427,8,NA
56428,14,NA
56429,12,NA
56430,9,NA
56431,14,NA
56432,12,NA
56433,12,Mod. Satisfied
56434,13,Very Satisfied
56435,16,NA
56436,14,Mod. Satisfied
56437,13,NA
56438,18,Very Satisfied
56439,19,NA
56440,16,Mod. Satisfied
56441,20,Mod. Satisfied
56442,16,Mod. Satisfied
56443,20,Very Satisfied
56444,17,Very Satisfied
56445,9,Very Dissatisfied
56446,15,NA
56447,17,Very Satisfied
56448,14,NA
56449,16,NA
56450,12,Mod. Satisfied
56451,15,NA
56452,12,Mod. Satisfied
56453,17,NA
56454,20,Mod. Satisfied
56455,16,Mod. Satisfied
56456,10,Mod. Satisfied
56457,6,Very Satisfied
56458,12,NA
56459,15,A Little Dissat
56460,12,A Little Dissat
56461,15,Very Satisfied
56462,10,NA
56463,10,Very Satisfied
56464,14,Very Satisfied
56465,12,Very Dissatisfied
56466,8,Very Satisfied
56467,12,NA
56468,13,Very Satisfied
56469,12,Very Dissatisfied
56470,12,Mod. Satisfied
56471,14,Very Satisfied
56472,14,Very Satisfied
56473,14,Mod. Satisfied
56474,20,Very Satisfied
56475,11,NA
56476,13,Very Satisfied
56477,15,Very Satisfied
56478,12,Very Satisfied
56479,14,NA
56480,14,NA
56481,20,Very Satisfied
56482,16,Mod. Satisfied
56483,11,NA
56484,13,NA
56485,14,NA
56486,19,Mod. Satisfied
56487,13,NA
56488,20,NA
56489,18,Very Satisfied
56490,10,Very Satisfied
56491,12,Mod. Satisfied
56492,15,Very Satisfied
56493,12,NA
56494,11,Mod. Satisfied
56495,8,Very Dissatisfied
56496,13,Mod. Satisfied
56497,14,Very Satisfied
56498,10,A Little Dissat
56499,12,Very Satisfied
56500,16,Very Satisfied
56501,14,Very Satisfied
56502,15,NA
56503,20,Very Satisfied
56504,12,Very Satisfied
56505,12,Mod. Satisfied
56506,15,NA
56507,13,NA
56508,18,Mod. Satisfied
56509,17,NA
56510,12,Very Satisfied
56511,12,Very Satisfied
56512,12,A Little Dissat
56513,12,NA
56514,14,NA
56515,18,NA
56516,8,NA
56517,12,NA
56518,12,Very Satisfied
56519,15,NA
56520,8,NA
56521,16,Mod. Satisfied
56522,14,Very Satisfied
56523,12,Very Satisfied
56524,14,Mod. Satisfied
56525,12,NA
56526,9,Very Satisfied
56527,12,NA
56528,12,Mod. Satisfied
56529,12,Mod. Satisfied
56530,8,NA
56531,12,Very Satisfied
56532,12,Very Satisfied
56533,12,Mod. Satisfied
56534,12,NA
56535,12,Mod. Satisfied
56536,16,Very Satisfied
56537,17,NA
56538,8,NA
56539,15,NA
56540,16,Mod. Satisfied
56541,16,Very Satisfied
56542,15,Mod. Satisfied
56543,16,Very Dissatisfied
56544,12,Mod. Satisfied
56545,17,Mod. Satisfied
56546,12,Very Satisfied
56547,12,Very Satisfied
56548,16,Mod. Satisfied
56549,13,Mod. Satisfied
56550,13,Mod. Satisfied
56551,12,Mod. Satisfied
56552,12,Very Satisfied
56553,12,Very Satisfied
56554,15,Very Satisfied
56555,12,Very Satisfied
56556,16,Mod. Satisfied
56557,12,NA
56558,19,Mod. Satisfied
56559,14,Mod. Satisfied
56560,15,Very Satisfied
56561,12,Very Satisfied
56562,13,Very Satisfied
56563,12,Mod. Satisfied
56564,11,NA
56565,16,Mod. Satisfied
56566,17,Very Satisfied
56567,19,A Little Dissat
56568,16,Very Satisfied
56569,16,Very Satisfied
56570,18,Very Satisfied
56571,16,Mod. Satisfied
56572,16,Mod. Satisfied
56573,16,NA
56574,15,NA
56575,16,Mod. Satisfied
56576,14,Very Satisfied
56577,12,Very Satisfied
56578,16,Very Satisfied
56579,17,Very Satisfied
56580,12,Mod. Satisfied
56581,7,NA
56582,12,Mod. Satisfied
56583,17,Mod. Satisfied
56584,10,NA
56585,10,NA
56586,11,Very Satisfied
56587,12,Very Satisfied
56588,12,NA
56589,14,Mod. Satisfied
56590,20,Very Satisfied
56591,12,A Little Dissat
56592,15,A Little Dissat
56593,9,NA
56594,12,Mod. Satisfied
56595,19,NA
56596,20,Very Satisfied
56597,14,Very Satisfied
56598,18,Mod. Satisfied
56599,12,Very Satisfied
56600,14,Very Satisfied
56601,16,Mod. Satisfied
56602,12,Mod. Satisfied
56603,11,Very Satisfied
56604,14,A Little Dissat
56605,12,NA
56606,11,A Little Dissat
56607,13,NA
56608,17,Very Satisfied
56609,14,Very Satisfied
56610,12,NA
56611,8,NA
56612,8,Mod. Satisfied
56613,12,Very Satisfied
56614,12,NA
56615,15,Very Satisfied
56616,13,Very Satisfied
56617,12,Very Satisfied
56618,13,NA
56619,10,Very Satisfied
56620,1,Very Satisfied
56621,14,NA
56622,12,Very Satisfied
56623,15,Very Satisfied
56624,12,Very Satisfied
56625,15,A Little Dissat
56626,3,NA
56627,11,Mod. Satisfied
56628,8,Mod. Satisfied
56629,13,Mod. Satisfied
56630,17,Mod. Satisfied
56631,13,NA
56632,2,NA
56633,13,Very Satisfied
56634,14,NA
56635,12,Mod. Satisfied
56636,13,A Little Dissat
56637,12,Very Satisfied
56638,15,Mod. Satisfied
56639,16,Very Satisfied
56640,16,NA
56641,18,NA
56642,14,NA
56643,14,NA
56644,14,Mod. Satisfied
56645,18,Very Satisfied
56646,12,NA
56647,18,Mod. Satisfied
56648,16,NA
56649,18,NA
56650,19,Mod. Satisfied
56651,14,Very Satisfied
56652,12,Very Satisfied
56653,14,Very Satisfied
56654,14,Mod. Satisfied
56655,14,Very Satisfied
56656,19,Very Satisfied
56657,14,NA
56658,18,NA
56659,14,Mod. Satisfied
56660,13,Mod. Satisfied
56661,18,NA
56662,13,A Little Dissat
56663,14,Very Satisfied
56664,12,NA
56665,13,NA
56666,17,Very Satisfied
56667,17,Mod. Satisfied
56668,20,Very Satisfied
56669,20,Mod. Satisfied
56670,14,Mod. Satisfied
56671,12,Very Satisfied
56672,18,Mod. Satisfied
56673,8,A Little Dissat
56674,20,Mod. Satisfied
56675,14,Very Satisfied
56676,15,Mod. Satisfied
56677,18,Very Satisfied
56678,12,Mod. Satisfied
56679,9,Very Satisfied
56680,12,NA
56681,12,Very Satisfied
56682,12,A Little Dissat
56683,12,NA
56684,11,Mod. Satisfied
56685,19,Very Satisfied
56686,6,A Little Dissat
56687,2,Mod. Satisfied
56688,16,Very Dissatisfied
56689,12,NA
56690,5,Very Satisfied
56691,19,Very Satisfied
56692,14,NA
56693,11,NA
56694,6,Very Satisfied
56695,13,Very Satisfied
56696,12,Very Satisfied
56697,13,Very Satisfied
56698,11,Mod. Satisfied
56699,7,NA
56700,15,Mod. Satisfied
56701,12,NA
56702,16,Very Satisfied
56703,6,Mod. Satisfied
56704,15,Very Satisfied
56705,12,NA
56706,11,A Little Dissat
56707,12,NA
56708,11,NA
56709,18,Very Satisfied
56710,11,Very Satisfied
56711,4,Very Dissatisfied
56712,14,Mod. Satisfied
56713,11,Mod. Satisfied
56714,3,Very Satisfied
56715,12,NA
56716,12,NA
56717,12,Very Satisfied
56718,12,NA
56719,14,Very Satisfied
56720,16,Very Satisfied
56721,14,Very Satisfied
56722,12,NA
56723,16,NA
56724,14,Mod. Satisfied
56725,12,NA
56726,13,NA
56727,17,A Little Dissat
56728,12,Very Satisfied
56729,12,Very Satisfied
56730,14,Mod. Satisfied
56731,14,A Little Dissat
56732,15,NA
56733,13,NA
56734,18,Very Satisfied
56735,8,NA
56736,15,NA
56737,12,NA
56738,14,NA
56739,13,Very Satisfied
56740,20,NA
56741,12,NA
56742,9,NA
56743,12,Very Satisfied
56744,13,Very Satisfied
56745,12,A Little Dissat
56746,16,Very Satisfied
56747,10,Very Satisfied
56748,12,NA
56749,8,Very Satisfied
56750,15,Very Satisfied
56751,8,Very Satisfied
56752,12,Very Satisfied
56753,13,Mod. Satisfied
56754,14,NA
56755,17,A Little Dissat
56756,12,Very Satisfied
56757,11,A Little Dissat
56758,14,Very Satisfied
56759,14,Very Satisfied
56760,20,Very Satisfied
56761,14,Mod. Satisfied
56762,12,Very Satisfied
56763,10,NA
56764,12,NA
56765,8,NA
56766,11,NA
56767,13,NA
56768,14,Very Satisfied
56769,12,Very Satisfied
56770,2,Mod. Satisfied
56771,7,A Little Dissat
56772,12,Mod. Satisfied
56773,12,Very Satisfied
56774,13,Mod. Satisfied
56775,11,Very Satisfied
56776,17,Mod. Satisfied
56777,4,Mod. Satisfied
56778,1,Very Satisfied
56779,12,NA
56780,12,Mod. Satisfied
56781,12,Very Satisfied
56782,11,Very Satisfied
56783,8,Mod. Satisfied
56784,12,Very Satisfied
56785,12,NA
56786,13,A Little Dissat
56787,12,NA
56788,14,Very Satisfied
56789,15,Very Satisfied
56790,14,Very Satisfied
56791,13,Very Satisfied
56792,19,Very Satisfied
56793,18,Very Satisfied
56794,11,NA
56795,14,NA
56796,16,NA
56797,14,Very Satisfied
56798,14,Mod. Satisfied
56799,18,A Little Dissat
56800,16,A Little Dissat
56801,14,Very Satisfied
56802,12,Mod. Satisfied
56803,9,NA
56804,14,Very Satisfied
56805,14,NA
56806,12,Very Satisfied
56807,12,Very Satisfied
56808,20,Very Satisfied
56809,12,NA
56810,18,Very Satisfied
56811,20,NA
56812,16,Mod. Satisfied
56813,16,Mod. Satisfied
56814,16,NA
56815,14,Very Satisfied
56816,20,Very Satisfied
56817,16,Mod. Satisfied
56818,19,Mod. Satisfied
56819,17,NA
56820,13,Mod. Satisfied
56821,12,Very Satisfied
56822,13,Very Satisfied
56823,12,Very Satisfied
56824,13,NA
56825,12,NA
56826,13,Mod. Satisfied
56827,13,Mod. Satisfied
56828,12,Mod. Satisfied
56829,8,Mod. Satisfied
56830,12,NA
56831,12,Mod. Satisfied
56832,12,Very Satisfied
56833,12,NA
56834,12,NA
56835,10,NA
56836,14,Very Satisfied
56837,14,Mod. Satisfied
56838,8,Very Dissatisfied
56839,11,Mod. Satisfied
56840,4,Mod. Satisfied
56841,12,Very Satisfied
56842,13,Mod. Satisfied
56843,10,Very Satisfied
56844,14,NA
56845,17,Very Satisfied
56846,14,Mod. Satisfied
56847,12,Very Satisfied
56848,14,Very Satisfied
56849,11,Very Satisfied
56850,12,Very Satisfied
56851,9,A Little Dissat
56852,6,Mod. Satisfied
56853,12,NA
56854,14,Very Dissatisfied
56855,13,NA
56856,10,NA
56857,12,Very Satisfied
56858,15,NA
56859,13,Mod. Satisfied
56860,12,NA
56861,12,NA
56862,12,Very Satisfied
56863,11,Very Dissatisfied
56864,12,Mod. Satisfied
56865,12,Mod. Satisfied
56866,12,Very Satisfied
56867,12,NA
56868,12,Very Satisfied
56869,14,Very Satisfied
56870,16,Very Satisfied
56871,12,A Little Dissat
56872,12,Very Satisfied
56873,16,Very Satisfied
56874,12,Mod. Satisfied
56875,16,Very Satisfied
56876,12,Mod. Satisfied
56877,12,A Little Dissat
56878,17,Mod. Satisfied
56879,8,NA
56880,16,Mod. Satisfied
56881,16,Mod. Satisfied
56882,12,NA
56883,9,Very Satisfied
56884,14,Very Satisfied
56885,13,A Little Dissat
56886,16,Very Satisfied
56887,16,Very Satisfied
56888,12,Very Satisfied
56889,12,Very Satisfied
56890,17,Mod. Satisfied
56891,13,Very Satisfied
56892,8,NA
56893,12,Very Satisfied
56894,14,Mod. Satisfied
56895,8,Very Satisfied
56896,13,Very Satisfied
56897,12,NA
56898,4,Very Satisfied
56899,13,A Little Dissat
56900,12,Very Satisfied
56901,13,Mod. Satisfied
56902,12,Very Satisfied
56903,8,NA
56904,12,Very Satisfied
56905,8,Very Satisfied
56906,12,NA
56907,12,Very Satisfied
56908,11,A Little Dissat
56909,12,Mod. Satisfied
56910,12,Very Satisfied
56911,12,NA
56912,16,Mod. Satisfied
56913,12,Very Satisfied
56914,12,Very Satisfied
56915,17,Very Satisfied
56916,12,A Little Dissat
56917,12,Mod. Satisfied
56918,12,Very Satisfied
56919,16,Very Satisfied
56920,19,Mod. Satisfied
56921,12,Very Satisfied
56922,14,NA
56923,12,Very Satisfied
56924,14,A Little Dissat
56925,15,NA
56926,12,Mod. Satisfied
56927,11,Mod. Satisfied
56928,18,A Little Dissat
56929,17,Mod. Satisfied
56930,11,Very Satisfied
56931,12,Very Satisfied
56932,20,Very Satisfied
56933,13,Very Satisfied
56934,17,Mod. Satisfied
56935,13,Very Satisfied
56936,12,NA
56937,16,Very Satisfied
56938,12,NA
56939,15,Very Satisfied
56940,12,NA
56941,16,Very Satisfied
56942,12,Very Satisfied
56943,12,Mod. Satisfied
56944,12,NA
56945,16,Very Satisfied
56946,20,NA
56947,14,Very Satisfied
56948,14,NA
56949,10,Mod. Satisfied
56950,11,Very Dissatisfied
56951,11,NA
56952,17,Very Satisfied
56953,18,NA
56954,12,NA
56955,16,Very Satisfied
56956,10,Mod. Satisfied
56957,14,Very Satisfied
56958,14,Very Satisfied
56959,7,NA
56960,12,NA
56961,12,Very Satisfied
56962,14,Very Satisfied
56963,12,NA
56964,12,Very Satisfied
56965,18,NA
56966,12,Mod. Satisfied
56967,12,Very Satisfied
56968,16,Very Satisfied
56969,4,Mod. Satisfied
56970,13,Mod. Satisfied
56971,4,A Little Dissat
56972,19,A Little Dissat
56973,10,NA
56974,16,Very Satisfied
56975,6,NA
56976,12,Mod. Satisfied
56977,11,Mod. Satisfied
56978,12,Very Satisfied
56979,12,Very Satisfied
56980,12,NA
56981,13,Mod. Satisfied
56982,14,Very Satisfied
56983,3,NA
56984,15,A Little Dissat
56985,12,Very Satisfied
56986,12,Very Satisfied
56987,6,A Little Dissat
56988,12,NA
56989,12,Mod. Satisfied
56990,4,A Little Dissat
56991,8,Very Satisfied
56992,10,NA
56993,14,Very Satisfied
56994,16,Very Satisfied
56995,13,Mod. Satisfied
56996,12,Mod. Satisfied
56997,9,NA
56998,12,NA
56999,14,NA
57000,11,Very Dissatisfied
57001,12,Mod. Satisfied
57002,9,Mod. Satisfied
57003,11,Very Satisfied
57004,11,Very Satisfied
57005,3,NA
57006,12,Mod. Satisfied
57007,12,Very Satisfied
57008,12,Very Satisfied
57009,12,Very Satisfied
57010,16,Very Satisfied
57011,11,Mod. Satisfied
57012,12,Very Satisfied
57013,14,Mod. Satisfied
57014,12,Very Satisfied
57015,12,Very Satisfied
57016,11,Very Satisfied
57017,13,Very Dissatisfied
57018,11,NA
57019,7,Very Satisfied
57020,17,NA
57021,12,Mod. Satisfied
57022,14,Mod. Satisfied
57023,12,Mod. Satisfied
57024,16,NA
57025,17,Very Satisfied
57026,10,NA
57027,16,Very Satisfied
57028,15,Very Dissatisfied
57029,14,NA
57030,12,Mod. Satisfied
57031,12,Very Dissatisfied
57032,11,A Little Dissat
57033,12,Very Satisfied
57034,12,Very Satisfied
57035,11,Mod. Satisfied
57036,12,Very Satisfied
57037,16,Very Satisfied
57038,20,A Little Dissat
57039,16,Very Satisfied
57040,14,Very Satisfied
57041,16,Very Satisfied
57042,14,NA
57043,12,Mod. Satisfied
57044,16,Very Satisfied
57045,20,Very Satisfied
57046,19,Mod. Satisfied
57047,16,NA
57048,14,Mod. Satisfied
57049,12,NA
57050,14,Mod. Satisfied
57051,14,Very Satisfied
57052,19,Mod. Satisfied
57053,8,NA
57054,9,A Little Dissat
57055,9,NA
57056,11,Mod. Satisfied
57057,16,Mod. Satisfied
57058,13,Mod. Satisfied
57059,13,Very Satisfied
57060,12,Mod. Satisfied
57061,12,A Little Dissat
